#qgen
217
1085
865
1199
1910
1220
1139
1276
1119
969
1226
1579
1200
970
1252
168
1181
927
1319
1703
1086
1130
1097
969
1365
947
1092
1058
1273
1097
1109
1185
1015
1489
1354
1226
1339
1115
1167
1083
1280
678
1411
1192
1299
99
1299
1358
82
1131
1016
1421
1195
1235
1054
1141
907
857
1352
1082
1159
915
1724
1096
368
1179
952
1471
1234
1271
1271
1053
1233
1472
1053
1227
1205
1229
1336
1040
1158
1004
1380
1370
1451
177
1589
1200
1185
1235
1145
1999
1333
1359
1217
1274
618
1388
1258
1276
1111
530
1194
1393
1109
1264
1113
1460
1174
1182
1184
1279
1413
305
171
343
668
1188
1118
1081
1193
985
1921
959
967
1107
1117
1227
1095
1878
838
1109
1230
1138
1061
1919
1050
1153
1377
1221
1096
1157
1188
1268
885
1155
933
1088
1446
1180
1147
1168
1708
1246
51
1841
1206
1142
929
1103
1087
1092
1149
1218
1410
1439
933
926
1398
1102
1327
1204
275
1346
1087
1930
1176
672
1992
1044
1061
1013
1135
1114
1129
1182
1332
1020
966
160
1077
1211
1081
940
1293
603
1271
1533
1198
1496
971
1207
1414
1356
1110
1118
1034
1039
1344
1331
916
1196
1433
1663
1958
1225
1337
989
256
1 0
2 1
3 2
2 4
5 1
6 2
2 7
8 2
2 9
10 2
2 11
12 5
12 13
12 14
13 15
16 14
17 16
18 12
13 19
20 2
14 15
2 21
22 16
23 6
13 24
25 17
19 26
27 13
13 28
29 24
30 29
30 31
17 32
33 30
34 14
35 23
36 17
37 26
14 38
29 39
40 12
19 41
24 42
43 40
2 44
45 5
31 46
47 1
48 17
49 2
50 12
42 51
12 52
53 40
9 54
18 55
29 56
57 42
34 58
59 42
38 34
36 60
41 61
62 5
63 30
12 64
65 37
66 2
67 42
68 61
69 54
70 60
71 26
23 72
56 73
28 74
28 75
76 30
77 28
56 78
36 79
38 80
81 49
82 42
27 83
60 84
85 82
79 86
87 46
56 88
68 89
90 19
91 24
92 41
93 26
80 94
54 95
96 89
86 97
28 79
98 86
99 65
93 17
26 100
93 101
95 102
70 103
31 104
105 41
14 106
107 14
108 101
109 67
85 110
61 111
112 109
56 113
114 57
101 115
14 116
17 112
117 71
31 118
42 87
119 14
70 120
26 121
79 122
123 65
14 124
118 125
126 46
127 87
18 128
127 86
86 122
127 15
129 41
13 130
68 131
132 57
19 133
134 65
60 14
125 135
14 136
137 13
138 54
79 139
133 140
68 121
141 92
83 142
111 143
144 22
145 95
60 143
146 52
147 54
2 148
67 149
150 50
151 58
28 152
78 153
19 67
154 139
90 116
109 73
155 151
29 152
156 1
157 17
104 158
159 15
14 115
125 160
161 24
90 74
64 162
23 78
163 12
164 26
165 117
166 141
50 167
78 168
45 169
170 114
168 153
127 51
31 159
42 171
172 125
173 68
174 143
161 175
176 57
84 177
73 178
56 179
134 125
75 79
79 83
122 79
155 87
180 87
181 47
182 125
183 14
126 184
185 161
18 186
187 173
110 188
189 2
43 190
191 30
56 192
88 14
24 85
118 116
45 193
194 77
195 83
196 133
197 54
77 198
199 26
200 161
177 201
87 199
109 202
203 68
13 83
204 26
205 1
206 102
201 85
207 139
135 125
195 41
208 119
159 201
36 176
67 209
210 161
90 174
161 103
211 30
107 212
213 143
193 209
200 214
215 36
78 216
