#qgen
122
1118
1163
1295
1013
769
1076
1155
1376
1473
754
1139
1058
991
1282
1458
1264
1223
1668
1168
938
223
1131
920
1114
1130
1582
1305
981
1230
1311
1222
1176
1150
884
1553
1360
824
1106
867
1002
496
1511
1213
1797
1127
203
1193
1815
1253
930
1409
1384
1077
1140
1211
1341
936
1265
899
1041
1098
1295
1490
53
1079
1282
492
1286
284
1238
1120
1453
1369
843
1430
822
1190
1064
1168
1583
1299
1034
914
1428
1016
1424
1151
1230
1113
708
1095
1242
1109
1174
1382
880
1003
351
1390
1317
990
1678
1152
927
1113
1406
897
1003
1203
971
948
1636
1363
1467
1421
1090
1602
1367
1350
1019
1313
1129
128
1 0
1 2
2 3
4 3
5 3
6 4
7 2
4 8
8 9
10 4
4 11
12 8
10 13
7 14
15 6
16 6
17 10
8 18
19 18
10 20
21 14
4 22
3 23
18 24
4 25
26 8
27 26
28 8
14 29
30 9
31 10
4 32
28 33
25 34
2 35
8 36
37 24
4 38
28 39
40 18
26 41
4 42
43 4
44 15
45 27
46 29
45 47
48 16
49 4
46 50
4 51
2 52
53 4
54 4
47 55
56 23
39 36
56 57
54 58
59 8
29 22
14 35
60 22
61 8
62 57
63 24
64 28
65 39
32 66
9 67
4 68
4 69
70 18
15 56
37 71
72 64
73 66
74 30
75 24
76 4
26 77
29 78
79 4
80 37
46 81
82 3
83 69
10 84
81 85
86 59
87 29
62 26
87 88
59 89
45 90
85 87
3 91
83 92
93 48
47 94
95 4
96 56
97 56
32 98
99 80
4 100
101 24
102 68
49 103
104 56
105 83
82 106
107 93
108 94
109 27
48 110
102 111
14 112
113 62
114 97
115 94
108 116
117 16
94 98
118 66
119 66
87 120
68 121
