#qgen
239
120
1289
763
1200
1439
1295
927
1402
1210
1117
1195
799
1677
741
1284
885
377
912
1005
1270
1055
929
1058
1019
1305
1090
1094
1369
1112
1046
246
268
1173
1112
1485
1415
529
1469
994
370
1651
1321
1357
297
273
1240
711
975
1361
769
1245
1874
1150
1511
1069
1123
1748
1141
1348
1146
1755
640
1014
1290
2031
1355
1110
1139
106
170
1311
1252
1089
992
1458
558
1074
1486
363
1199
1131
1160
1134
1265
1097
1204
1625
1255
1368
1286
1121
1149
1376
1390
1408
936
1139
1374
1236
1293
1369
1382
1282
1210
1168
1227
1066
1175
1287
1217
1458
1383
1430
1314
1473
1434
474
1098
1675
545
1070
145
978
1204
1357
1209
1385
1065
485
1242
1138
1995
1525
1443
284
1080
996
698
1041
1064
1239
1744
1248
708
1230
1307
1115
1064
1386
1306
1113
959
1928
470
1152
1266
1140
1161
966
949
1602
1506
1172
1368
1169
1157
931
1013
1225
1194
1121
899
1004
443
991
979
1036
1551
1266
1112
1092
1105
1123
1222
896
848
1137
100
1141
925
1043
857
940
1354
1209
1221
1026
1735
1210
1195
1014
827
1135
1654
1151
712
1421
1161
1413
1141
1564
1557
991
904
1550
1520
1179
980
1413
1253
1193
839
1276
890
1722
1341
1345
932
203
1588
1399
1490
668
1506
1331
1157
1120
1295
1001
256
1 0
2 1
3 1
4 1
1 5
6 5
7 5
8 5
9 8
5 10
1 11
12 5
9 13
8 14
15 14
16 2
17 8
2 18
13 19
20 13
13 20
21 19
22 8
23 14
24 5
22 25
5 26
27 26
28 13
29 21
22 14
27 30
31 9
31 32
33 24
19 34
35 27
36 23
8 37
29 34
5 38
9 39
40 14
41 37
31 42
43 13
44 5
45 13
23 25
46 33
47 44
5 48
49 32
27 50
39 51
52 49
6 24
53 49
53 54
31 55
56 27
57 24
27 58
49 59
24 60
1 61
5 62
63 5
64 45
65 22
53 66
67 49
68 32
69 1
49 70
71 13
25 72
53 73
74 31
75 53
76 39
31 77
78 58
22 39
59 79
49 80
81 14
82 70
37 83
84 5
36 85
66 86
87 39
58 88
49 89
90 58
91 64
92 49
93 67
94 34
95 70
57 96
97 95
22 98
99 57
59 100
101 31
102 92
103 31
68 104
105 57
81 106
107 95
37 108
95 109
89 110
111 93
108 112
72 113
114 22
115 1
116 107
102 117
71 56
85 118
119 49
120 22
121 49
97 122
101 123
124 86
125 75
126 49
82 127
128 93
129 106
23 130
114 131
93 132
52 133
134 72
27 135
136 134
65 137
60 138
117 139
23 140
141 27
114 142
143 95
49 144
145 126
95 146
31 147
48 148
49 149
150 89
151 57
95 152
153 57
37 154
37 155
143 156
157 93
131 136
95 158
159 67
160 143
161 89
162 1
163 44
152 164
165 33
44 166
167 67
168 95
5 169
92 109
122 170
142 171
27 172
156 173
174 109
132 175
22 176
144 177
178 157
179 97
180 31
93 181
155 148
58 182
183 114
139 184
185 144
80 186
65 187
188 37
52 189
143 190
39 87
92 191
136 191
67 192
121 193
194 5
160 195
127 196
197 95
161 104
198 93
124 199
95 122
199 200
65 201
102 202
203 165
49 204
5 84
205 191
134 183
190 184
206 53
207 53
208 134
208 209
210 132
211 191
42 212
213 172
214 143
75 215
52 216
85 217
134 218
167 219
91 220
221 95
94 222
184 223
205 224
175 225
95 226
89 227
175 228
145 229
190 230
136 231
191 232
196 233
126 234
235 95
167 236
167 237
202 146
238 85
