#qgen
59
1362
1305
1333
1182
1478
1459
1138
732
1376
1230
1062
1223
1155
1059
1289
1037
1136
1328
1321
1185
960
277
824
1168
1191
1962
1065
980
566
1260
1833
1319
987
1314
1035
1239
1481
1641
1136
1142
1295
1419
1370
108
1082
1977
1196
1390
711
1168
1113
357
354
1128
172
1212
1082
1286
330
64
1 0
2 1
3 1
3 4
1 5
6 5
6 7
8 5
9 6
5 10
1 11
10 5
10 12
13 5
14 13
11 4
6 15
4 16
17 10
18 12
19 15
20 19
21 11
17 22
23 5
18 24
5 25
26 25
27 10
17 28
29 12
30 25
31 6
29 32
19 33
14 34
27 35
19 36
6 37
30 38
39 4
8 40
14 41
42 36
34 43
44 13
45 5
16 35
23 46
47 38
48 46
5 49
38 50
51 27
52 38
53 48
39 5
54 45
49 55
32 56
27 44
20 57
39 21
39 58
