#qgen
213
1183
235
333
1347
192
1035
1036
1030
1223
1105
1230
1326
1238
810
1185
1453
1501
535
1266
1673
788
108
1121
1187
1238
363
94
957
984
208
1451
1474
1221
1043
1005
670
1377
973
1097
1110
1130
1010
1178
1264
1208
1184
1291
1274
1264
1419
1191
1175
1110
2019
884
1208
1374
1113
1139
1778
1218
986
1196
796
975
1474
1038
1315
1062
1365
1069
1302
445
1348
1140
1076
377
1068
1108
1314
1422
1138
1324
743
1111
1142
1419
1084
1016
865
827
1066
71
1289
1234
1088
1623
96
1035
1494
1948
439
1121
1162
1173
758
1848
1124
1277
1308
1369
1400
1298
1447
1049
1047
941
1101
1328
693
1311
1126
834
1293
1120
1358
1308
908
1133
1361
1036
1030
1121
1051
1268
1172
1040
1481
970
1355
1448
1138
1058
929
1199
824
925
1286
1783
977
1451
526
1262
1449
1122
1392
1314
1168
1200
711
1413
1086
1040
189
1483
1531
1285
1109
1321
1696
1745
1060
1084
1224
1049
1166
1101
1723
1259
1151
1854
1040
1910
1045
1309
1276
1278
1329
158
725
1148
753
674
982
1191
1049
1811
1211
1102
645
1021
1268
424
1105
1121
930
1643
1110
1289
1243
1175
1128
1436
256
0 1
2 1
3 2
4 2
5 2
5 6
6 7
8 2
2 9
1 0
10 6
11 9
6 12
2 11
13 9
14 8
15 8
6 16
13 17
6 18
7 6
19 5
6 20
21 15
14 22
14 6
23 6
5 24
6 25
15 26
27 6
5 28
6 29
6 30
31 23
14 30
30 32
15 33
17 34
35 31
15 36
37 6
38 31
39 38
8 24
32 40
41 32
6 42
43 6
44 23
15 45
25 46
38 47
38 48
49 24
50 28
51 6
49 52
53 38
54 17
38 55
56 55
31 57
58 48
59 8
21 60
17 54
61 6
57 62
63 58
64 5
65 32
15 66
65 67
32 68
69 48
70 58
71 17
72 55
5 73
70 74
14 75
58 72
59 76
77 76
76 21
24 78
14 79
80 14
81 76
82 52
83 69
84 78
6 31
85 52
86 8
48 87
78 88
57 31
36 89
76 90
40 91
73 92
5 93
36 76
15 18
65 94
7 44
95 49
96 46
97 8
98 46
99 58
84 100
7 17
83 63
18 6
83 49
78 101
38 102
46 103
38 104
5 105
30 106
107 46
108 68
49 109
82 110
111 53
112 78
113 111
23 114
115 110
91 116
30 79
38 117
109 110
118 99
49 119
49 120
17 20
121 63
122 85
88 123
46 124
125 99
114 32
109 52
21 13
126 111
127 82
128 63
30 21
100 87
88 129
72 130
131 23
132 127
133 21
82 134
129 85
17 135
136 100
137 78
123 138
125 139
110 140
111 141
142 100
143 139
144 143
145 120
146 76
147 109
78 148
110 149
150 70
102 151
143 152
153 83
154 84
95 155
136 156
107 157
158 17
128 82
157 159
52 160
161 75
30 162
127 163
164 144
165 52
166 80
78 167
7 168
99 52
168 7
129 169
142 170
6 171
131 172
111 173
87 174
175 81
176 169
8 53
144 129
110 167
174 177
48 178
178 179
180 100
180 181
112 128
115 182
129 88
112 183
144 181
184 139
185 128
186 110
187 128
169 188
174 189
6 190
191 180
192 38
131 17
137 193
194 185
30 73
99 195
131 114
196 111
154 197
111 143
174 121
198 111
199 9
178 119
137 200
8 201
202 6
137 203
128 204
128 188
17 76
205 49
206 97
167 207
170 208
209 185
111 210
147 211
212 169
