#qgen
243
963
1422
1244
1280
1348
1402
1342
1327
1165
1453
1373
1407
1118
1394
1181
1194
1757
1891
1327
1076
1067
1096
1134
1056
1155
1178
1008
1548
1230
1033
564
1351
972
683
709
772
1588
1266
1433
1368
1329
781
1144
1263
1279
1384
1229
1358
897
1415
1291
433
1159
1083
1313
1406
1380
1058
1171
1009
1447
1039
52
1124
1196
586
139
1493
1242
1876
1218
1100
1113
1387
968
1256
1290
1138
1464
1161
1207
1184
1033
1043
936
957
888
1499
879
1656
1127
1427
800
1746
1080
1083
1186
1486
1275
1153
1177
36
1368
1316
1081
1218
1369
1330
1022
513
360
1088
1162
1038
1483
571
1220
1122
1102
1337
1283
1027
1316
1495
1957
1306
404
1352
1163
1511
612
1491
1653
499
1192
1292
1076
78
1496
1113
1366
1187
1165
1337
1147
1904
999
1133
1200
1239
1098
1023
1286
1321
1408
1175
891
1057
977
1140
1122
1247
1011
1182
1010
634
1003
989
989
724
1134
1273
1242
647
596
591
1073
1034
1505
1134
986
1977
1078
1415
1404
1914
954
708
176
1221
1109
1191
1136
1245
1331
1162
1391
1251
1988
1226
1418
1181
1023
1160
1323
1528
1136
966
984
1313
1965
1195
920
1299
309
1243
1937
308
1102
1309
1074
1257
1210
1185
1065
1156
1585
1219
1128
1034
1229
1422
1184
1003
1901
1284
1389
1173
1259
842
1387
1381
1044
256
0 1
1 2
2 3
2 4
4 5
2 6
7 6
5 8
9 2
10 1
11 6
5 12
12 13
14 5
5 15
6 16
6 17
2 18
18 19
20 5
5 21
21 22
23 15
4 21
24 15
15 25
26 2
27 20
2 28
29 5
6 30
31 24
21 32
33 15
0 34
5 35
36 21
37 36
38 22
39 24
2 40
41 15
2 26
39 42
43 35
44 19
24 45
22 46
23 47
48 24
49 43
50 35
21 51
52 30
53 45
4 54
6 55
54 56
46 57
58 6
30 6
4 59
60 57
61 54
62 43
62 63
64 59
5 65
66 64
40 67
55 68
65 69
60 70
57 71
65 72
73 57
74 6
75 43
23 76
77 53
75 78
6 79
80 30
81 33
57 82
12 83
84 37
61 85
4 86
12 87
81 88
89 18
90 19
91 84
92 79
60 93
94 82
65 95
96 64
85 97
30 98
52 99
84 100
12 101
23 102
77 103
90 104
105 35
35 106
15 107
108 96
109 33
110 28
27 111
96 60
112 99
46 113
114 113
115 75
51 116
21 117
118 69
119 60
45 120
121 62
57 122
4 123
124 57
36 125
126 106
54 127
128 61
45 129
36 130
90 131
132 60
6 74
133 64
112 134
54 135
95 136
137 103
90 138
121 139
126 140
141 35
111 142
143 43
144 35
145 57
146 96
55 147
6 148
30 80
104 149
150 98
151 96
106 152
21 36
128 153
154 64
155 66
57 156
157 117
158 113
159 158
43 160
161 121
162 85
2 163
22 164
31 165
114 166
167 118
86 4
104 168
155 169
170 123
137 171
172 29
173 34
76 174
175 86
176 45
112 177
178 26
179 147
148 46
180 138
181 170
182 15
183 52
184 69
185 81
184 186
187 26
83 188
46 189
166 190
191 178
133 46
192 191
193 27
194 172
195 131
32 155
196 96
197 123
198 173
199 57
200 159
12 201
202 154
57 203
57 204
205 75
206 82
207 26
208 122
137 45
209 6
210 136
96 146
100 211
31 212
96 213
121 214
119 215
216 131
217 104
114 218
188 219
220 104
136 221
222 165
223 46
173 224
225 55
190 226
227 145
228 121
229 135
165 230
231 64
232 203
231 233
215 160
61 234
235 29
236 63
112 237
238 40
239 231
240 210
136 241
30 242
