#qgen
125
963
1422
1244
1280
1348
1402
1342
1327
1165
1453
1373
1407
1118
1394
1181
1194
1757
1891
1327
1076
1067
1096
1134
1056
1155
1178
1008
1548
1230
1033
564
1351
972
683
709
772
1588
1266
1433
1368
1329
781
1144
1263
1279
1384
1229
1358
897
1415
1291
433
1159
1083
1313
1406
1380
1058
1171
1009
1447
1039
52
1124
1196
586
139
1493
1242
1876
1218
1100
1113
1387
968
1256
1290
1138
1464
1161
1207
1184
1033
1043
936
957
888
1499
879
1656
1127
1427
800
1746
1080
1083
1186
1486
1275
1153
1177
36
1368
1316
1081
1218
1369
1330
1022
513
360
1088
1162
1038
1483
571
1220
1122
1102
1337
1283
1027
1316
1495
1957
128
0 1
1 2
2 3
2 4
4 5
2 6
7 6
5 8
9 2
10 1
11 6
5 12
12 13
14 5
5 15
6 16
6 17
2 18
18 19
20 5
5 21
21 22
23 15
4 21
24 15
15 25
26 2
27 20
2 28
29 5
6 30
31 24
21 32
33 15
0 34
5 35
36 21
37 36
38 22
39 24
2 40
41 15
2 26
39 42
43 35
44 19
24 45
22 46
23 47
48 24
49 43
50 35
21 51
52 30
53 45
4 54
6 55
54 56
46 57
58 6
30 6
4 59
60 57
61 54
62 43
62 63
64 59
5 65
66 64
40 67
55 68
65 69
60 70
57 71
65 72
73 57
74 6
75 43
23 76
77 53
75 78
6 79
80 30
81 33
57 82
12 83
84 37
61 85
4 86
12 87
81 88
89 18
90 19
91 84
92 79
60 93
94 82
65 95
96 64
85 97
30 98
52 99
84 100
12 101
23 102
77 103
90 104
105 35
35 106
15 107
108 96
109 33
110 28
27 111
96 60
112 99
46 113
114 113
115 75
51 116
21 117
118 69
119 60
45 120
121 62
57 122
4 123
124 57
