#qgen
64
1176
784
75
1336
1363
1268
1270
1087
1542
1458
1229
1255
715
1325
1844
1236
296
1224
1306
1030
1153
1160
1361
1217
1383
1481
1453
1245
1051
1001
973
986
1021
1332
1082
1224
1214
1328
1530
1033
1381
1107
1275
1144
1113
1214
1209
1452
1306
1039
1381
128
1263
1311
801
1194
870
1136
1386
963
709
1364
1145
2
64
1 0
1 2
2 3
4 1
1 5
6 1
3 2
7 0
0 8
0 9
10 6
11 10
12 1
13 0
12 14
10 15
16 12
5 17
18 15
19 6
9 20
21 1
22 7
23 18
23 24
25 15
16 26
27 1
8 28
29 23
30 18
31 5
32 10
33 15
34 29
35 24
36 35
29 37
38 33
39 36
40 29
24 41
42 40
43 42
29 44
42 45
46 42
47 21
48 24
49 40
36 50
51 42
52 46
53 46
54 40
55 40
56 25
54 57
45 58
37 59
44 60
61 60
62 42
63 52
