#qgen
127
1045
1391
1215
1213
1560
1084
1234
1003
1237
584
921
1280
1321
1297
972
1244
1361
1041
1075
1187
1261
1508
1339
1176
1279
1154
1117
1219
1884
1291
1154
1133
1552
1098
1373
1371
888
1102
1823
1175
1555
1297
1426
394
1279
1206
1623
288
1307
1706
1231
1069
1464
1008
1098
1456
1214
2018
1445
1479
1099
1123
1368
1158
1209
653
1372
1133
1094
515
1125
1308
1001
1577
1188
1339
986
1222
1294
1453
1270
1240
1857
761
1254
819
1330
1272
1237
1275
1037
1058
1329
1688
1940
1227
1159
850
1223
971
1189
1109
450
1059
1364
1373
847
1252
1336
1189
1299
1284
1247
1567
1164
1097
1027
1380
1395
1186
1330
1921
1413
1087
1153
1498
1224
128
1 0
2 1
1 3
2 4
5 1
5 6
7 2
8 6
2 9
6 10
11 10
12 5
13 6
14 6
14 15
16 11
6 17
6 18
14 19
20 9
21 11
13 22
23 13
24 6
25 15
26 6
18 27
18 28
29 18
29 30
22 31
2 32
33 14
34 23
35 18
29 36
37 21
38 35
17 39
40 29
41 14
18 42
6 43
44 41
1 45
46 44
41 47
48 16
49 11
50 16
44 51
44 52
53 44
54 18
55 6
36 56
44 57
56 58
59 21
60 34
61 49
6 62
41 63
18 64
65 56
66 11
6 67
68 41
69 6
70 44
29 71
44 72
73 6
41 74
44 75
76 6
41 77
78 16
37 79
51 80
81 44
82 16
44 83
84 41
85 44
86 46
1 87
88 17
44 89
90 29
91 55
92 18
41 93
94 14
95 44
21 96
97 29
48 98
99 56
100 42
101 14
102 6
98 103
104 23
48 105
106 44
107 36
108 107
109 59
65 110
111 56
41 26
110 112
14 113
64 114
115 53
71 113
64 116
75 117
118 23
3 119
120 44
121 45
122 44
123 56
122 124
125 68
113 126
