#qgen
65
1045
1391
1215
1213
1560
1084
1234
1003
1237
584
921
1280
1321
1297
972
1244
1361
1041
1075
1187
1261
1508
1339
1176
1279
1154
1117
1219
1884
1291
1154
1133
1552
1098
1373
1371
888
1102
1823
1175
1555
1297
1426
394
1279
1206
1623
288
1307
1706
1231
1069
1464
1008
1098
1456
1214
2018
1445
1479
1099
1123
1368
1158
1209
64
1 0
2 1
1 3
2 4
5 1
5 6
7 2
8 6
2 9
6 10
11 10
12 5
13 6
14 6
14 15
16 11
6 17
6 18
14 19
20 9
21 11
13 22
23 13
24 6
25 15
26 6
18 27
18 28
29 18
29 30
22 31
2 32
33 14
34 23
35 18
29 36
37 21
38 35
17 39
40 29
41 14
18 42
6 43
44 41
1 45
46 44
41 47
48 16
49 11
50 16
44 51
44 52
53 44
54 18
55 6
36 56
44 57
56 58
59 21
60 34
61 49
6 62
41 63
18 64
