#qgen
248
1045
1391
1215
1213
1560
1084
1234
1003
1237
584
921
1280
1321
1297
972
1244
1361
1041
1075
1187
1261
1508
1339
1176
1279
1154
1117
1219
1884
1291
1154
1133
1552
1098
1373
1371
888
1102
1823
1175
1555
1297
1426
394
1279
1206
1623
288
1307
1706
1231
1069
1464
1008
1098
1456
1214
2018
1445
1479
1099
1123
1368
1158
1209
653
1372
1133
1094
515
1125
1308
1001
1577
1188
1339
986
1222
1294
1453
1270
1240
1857
761
1254
819
1330
1272
1237
1275
1037
1058
1329
1688
1940
1227
1159
850
1223
971
1189
1109
450
1059
1364
1373
847
1252
1336
1189
1299
1284
1247
1567
1164
1097
1027
1380
1395
1186
1330
1921
1413
1087
1153
1498
1224
1028
1405
1441
1319
1014
1142
897
1352
987
1185
1431
1082
1129
864
1135
1330
520
1371
1441
1243
1361
1275
1475
1120
1365
1135
1220
1417
1418
1101
828
1285
878
1019
1063
1089
1252
1096
1529
1061
834
1346
1082
1388
1245
1467
1294
1051
1243
1477
1174
886
1383
1068
1262
1203
1221
1244
1398
1095
1022
1446
1252
1389
1212
1075
1685
1104
1462
923
1434
995
961
1043
1161
1347
1224
1096
985
1072
1114
1401
1153
869
379
1383
1218
982
1160
1153
996
1038
1032
977
2042
1260
1285
1229
1385
1258
1370
1176
1233
1009
122
1371
1868
1263
1315
1151
1120
1308
1167
1262
1079
1029
979
1217
1352
961
1521
256
1 0
2 1
1 3
2 4
5 1
5 6
7 2
8 6
2 9
6 10
11 10
12 5
13 6
14 6
14 15
16 11
6 17
6 18
14 19
20 9
21 11
13 22
23 13
24 6
25 15
26 6
18 27
18 28
29 18
29 30
22 31
2 32
33 14
34 23
35 18
29 36
37 21
38 35
17 39
40 29
41 14
18 42
6 43
44 41
1 45
46 44
41 47
48 16
49 11
50 16
44 51
44 52
53 44
54 18
55 6
36 56
44 57
56 58
59 21
60 34
61 49
6 62
41 63
18 64
65 56
66 11
6 67
68 41
69 6
70 44
29 71
44 72
73 6
41 74
44 75
76 6
41 77
78 16
37 79
51 80
81 44
82 16
44 83
84 41
85 44
86 46
1 87
88 17
44 89
90 29
91 55
92 18
41 93
94 14
95 44
21 96
97 29
48 98
99 56
100 42
101 14
102 6
98 103
104 23
48 105
106 44
107 36
108 107
109 59
65 110
111 56
41 26
110 112
14 113
64 114
115 53
71 113
64 116
75 117
118 23
3 119
120 44
121 45
122 44
123 56
122 124
125 68
113 126
127 56
45 128
44 129
84 130
56 131
132 41
1 133
8 134
135 104
44 136
8 137
56 138
14 139
140 98
101 141
11 142
143 121
50 144
145 73
146 70
16 147
148 45
149 125
150 18
117 151
44 152
73 145
153 48
154 43
46 41
44 155
131 156
108 157
101 158
159 80
160 38
161 156
162 80
163 44
122 164
165 147
166 53
44 167
168 9
169 18
6 170
171 22
6 172
173 56
125 174
102 175
176 85
177 27
178 60
179 119
174 180
131 181
46 182
183 50
184 13
104 185
186 112
187 174
53 188
55 189
89 190
191 105
53 192
193 28
187 194
195 26
18 196
56 197
198 61
34 199
200 80
75 201
56 202
101 203
201 204
29 205
206 38
207 106
189 55
208 134
55 91
53 166
209 89
135 210
141 211
212 113
55 213
214 62
107 215
142 216
173 217
218 18
55 219
29 220
46 221
48 222
55 223
68 224
144 225
226 180
227 130
41 228
188 45
223 229
230 179
231 44
232 29
233 222
200 234
235 104
147 236
36 237
238 200
41 239
206 214
240 113
241 189
242 42
229 243
244 59
221 245
187 246
104 247
