#qgen
63
1079
1045
1370
1191
1252
1120
1142
1176
1412
1288
136
1362
1272
1366
1172
1330
698
1072
1321
1248
1220
1039
843
1231
1031
1308
1250
1422
1068
1285
1153
1349
1117
1143
1094
1078
1221
436
1101
1198
1152
1767
1385
1046
275
1338
1082
1178
1328
1535
1214
497
1102
849
1237
1146
1178
1125
1146
971
1003
1050
1195
64
0 1
2 1
3 1
3 4
5 4
3 6
7 5
8 7
9 7
2 10
11 4
11 12
13 4
1 14
12 15
12 11
16 13
17 4
11 18
19 11
7 20
21 20
11 22
11 23
7 24
11 25
20 7
26 13
27 13
21 28
11 29
4 30
31 15
32 27
33 20
10 34
35 33
19 36
37 33
30 38
39 20
40 13
41 20
27 42
43 14
44 11
45 11
11 46
47 19
28 48
33 49
27 50
28 51
7 52
53 37
54 33
18 55
53 56
57 13
40 58
33 59
60 25
61 44
62 60
