#qgen
122
1079
1045
1370
1191
1252
1120
1142
1176
1412
1288
136
1362
1272
1366
1172
1330
698
1072
1321
1248
1220
1039
843
1231
1031
1308
1250
1422
1068
1285
1153
1349
1117
1143
1094
1078
1221
436
1101
1198
1152
1767
1385
1046
275
1338
1082
1178
1328
1535
1214
497
1102
849
1237
1146
1178
1125
1146
971
1003
1050
1195
1184
944
466
847
847
1566
1146
2016
1231
1133
1237
1220
1308
119
1286
855
936
1383
333
1265
1119
746
1732
1392
1090
1483
1192
1415
1439
1105
949
1075
1348
1238
934
576
1435
1164
1136
928
1234
909
1218
1016
1350
180
1302
1311
1135
1935
1287
923
1329
810
1285
1209
1112
1225
1037
128
0 1
2 1
3 1
3 4
5 4
3 6
7 5
8 7
9 7
2 10
11 4
11 12
13 4
1 14
12 15
12 11
16 13
17 4
11 18
19 11
7 20
21 20
11 22
11 23
7 24
11 25
20 7
26 13
27 13
21 28
11 29
4 30
31 15
32 27
33 20
10 34
35 33
19 36
37 33
30 38
39 20
40 13
41 20
27 42
43 14
44 11
45 11
11 46
47 19
28 48
33 49
27 50
28 51
7 52
53 37
54 33
18 55
53 56
57 13
40 58
33 59
60 25
61 44
62 60
63 15
20 64
11 65
66 11
39 67
68 62
69 60
70 9
20 52
71 25
72 37
73 30
74 32
55 75
39 76
77 57
78 27
27 79
27 80
81 78
82 27
13 83
84 57
56 85
86 11
87 79
88 29
59 89
27 90
16 27
91 57
44 38
33 92
93 61
57 94
95 7
68 96
53 97
98 12
93 99
88 100
77 101
42 102
103 33
47 104
11 105
23 33
106 89
107 33
108 56
89 109
83 110
77 111
60 57
112 40
83 113
44 114
115 88
44 116
82 117
106 118
119 11
21 120
121 33
