#qgen
63
1220
327
1077
1153
1094
988
1727
1301
1053
1743
1054
1058
343
1209
510
607
1175
1388
1302
1281
1216
1037
1190
1012
1275
1408
1372
1073
990
1350
1288
797
903
1166
1207
115
1304
1298
1151
1116
1616
886
1125
301
1187
1435
1605
1155
1148
1051
1081
1200
612
187
807
1025
1717
1220
993
1039
1292
1268
1500
64
0 1
0 2
1 3
1 4
5 0
6 3
4 7
8 4
0 3
6 9
3 10
10 11
10 12
10 13
14 6
15 12
10 16
1 10
17 15
18 9
16 19
20 17
15 21
10 22
23 16
24 17
25 3
9 26
27 6
15 28
17 29
16 30
22 31
15 32
23 33
34 27
35 11
36 12
15 37
12 38
39 27
40 16
41 8
22 42
37 43
15 44
22 45
46 15
16 47
15 48
49 22
9 50
11 51
9 52
17 53
36 54
55 45
56 22
54 57
54 58
49 59
23 60
61 16
28 62
