#qgen
65
1485
1472
1278
1213
1240
819
1236
1283
1304
1303
1108
1240
1238
1120
1131
1286
1167
1663
1408
1154
1102
1035
993
1280
1289
1261
1354
1305
530
1586
1408
361
1124
431
1352
1206
1212
1436
651
1376
1130
1412
1294
1229
1031
1394
1295
1211
1392
1437
1489
1166
1212
415
1263
1300
1238
1197
350
1183
528
934
1299
1174
860
64
1 0
1 2
1 3
2 4
5 4
4 6
4 7
8 4
9 4
10 4
4 11
6 12
7 13
13 14
15 4
16 4
17 4
4 18
19 4
17 20
21 7
22 10
23 4
24 4
10 25
26 21
27 4
28 4
7 29
30 26
31 2
4 32
4 33
4 34
35 15
2 36
37 7
26 38
26 39
36 40
7 41
4 42
43 26
4 44
3 45
46 16
47 31
48 27
49 26
50 4
25 51
52 4
53 43
54 49
36 55
19 56
57 45
58 55
59 34
60 4
61 55
62 37
21 63
64 3
