#qgen
249
1408
1956
1390
1229
1240
1255
1549
1553
1272
1010
514
1245
1088
1343
1202
1210
1149
1074
1324
1311
1336
1105
415
1325
458
1491
1263
1277
1172
1171
1375
188
827
1061
1249
834
1048
1031
1227
1212
1150
1498
1394
1050
1361
1420
1385
1277
1279
1086
1384
1310
1055
1240
1332
1314
108
1152
1570
1038
1303
1101
1701
1388
886
1329
1241
974
1322
590
915
1205
1277
509
361
1100
1129
1238
1715
1288
1515
1375
1357
1254
1181
1387
1616
1180
999
1139
986
1133
966
627
1311
1032
1421
2019
1268
1807
1018
1369
1418
1089
1057
1265
948
1097
1281
1311
1430
840
1010
1439
1238
1213
1167
1121
1082
1168
746
970
1592
927
1200
775
998
1015
933
1335
1223
963
1246
1102
1906
1240
1111
1323
1428
1258
1295
1364
1252
1221
1029
1060
1152
1864
1339
1201
1770
1054
1066
1395
604
1060
1408
1111
1082
1180
999
1152
1404
1562
2045
1168
1054
1518
1357
1030
1187
1432
1155
1329
1203
1213
1268
830
1180
1067
1264
827
1055
1287
1500
1176
1142
813
1073
1259
1088
1522
1163
895
1773
1007
1278
416
1846
1230
1743
1055
1096
1232
1108
280
1240
1132
1264
1789
569
655
1147
944
1092
1186
543
1159
278
1187
1101
1056
1043
1304
1375
1199
953
1934
1665
1534
1160
1130
68
887
1447
1332
1250
1156
1036
981
1012
1719
1799
1798
1325
985
1022
1370
1148
256
1 0
0 2
3 1
2 4
0 5
6 1
5 7
5 8
9 2
1 10
11 2
12 11
13 11
12 14
15 6
10 16
17 15
15 18
19 10
15 20
21 20
5 22
1 23
5 24
16 25
26 23
21 27
18 28
22 29
30 10
14 31
14 32
33 14
34 33
35 33
36 18
14 37
31 38
3 39
31 40
33 41
42 18
43 31
33 44
18 45
46 6
18 47
48 15
49 37
50 33
51 33
52 40
44 53
46 54
6 55
29 56
47 57
58 53
55 59
60 33
18 61
62 20
63 59
64 33
65 18
56 66
67 0
33 68
33 69
70 5
5 71
18 72
33 73
37 74
75 53
53 76
53 77
78 11
74 79
48 80
81 58
82 53
83 33
84 54
85 33
86 52
87 18
88 30
37 89
18 90
85 91
59 92
93 33
86 94
33 95
96 54
74 97
33 98
99 18
33 100
101 33
102 22
103 48
88 104
92 105
33 106
107 53
108 55
102 45
109 53
33 110
33 111
33 112
103 113
114 18
104 115
116 53
117 33
118 27
119 18
53 120
121 22
118 122
6 123
124 18
33 125
126 89
5 127
84 128
128 129
130 33
131 22
31 132
0 133
16 134
135 18
39 33
136 89
105 137
138 122
139 33
140 18
33 141
142 86
143 15
53 144
145 72
146 87
122 147
135 148
130 149
53 150
151 18
152 130
153 54
154 33
32 155
33 156
157 33
158 156
33 159
160 115
161 27
69 162
163 119
164 33
165 106
26 166
15 167
168 77
18 169
170 53
171 121
172 53
22 67
173 147
162 174
175 140
176 83
177 146
122 178
179 56
180 33
181 156
182 37
183 142
184 30
185 93
15 33
186 92
187 98
53 188
52 189
151 190
182 191
192 20
193 18
194 124
195 48
33 196
33 197
198 71
128 199
198 200
201 179
169 202
175 203
204 168
205 125
60 206
178 122
207 53
208 178
209 184
33 210
33 211
212 142
67 213
164 214
161 215
216 209
53 217
20 218
53 155
219 20
12 15
220 83
221 33
153 222
223 171
224 81
208 225
226 33
19 227
228 209
229 24
230 210
176 231
232 216
233 123
33 234
235 127
236 217
18 237
101 238
33 239
240 48
241 32
136 242
53 14
243 218
130 244
245 74
10 246
247 221
248 116
