#qgen
119
768
1091
1167
1121
903
1207
534
1147
1384
1282
1873
1294
1420
751
1534
1012
882
1375
1150
1412
1332
1157
1116
352
1277
1328
1505
1311
964
858
939
1019
1506
980
1847
1324
110
616
1475
263
1215
1800
1121
1239
1284
1265
713
1491
621
1087
634
1162
1278
1361
1214
978
1090
1402
1079
1296
972
1203
1197
1133
1039
1359
1265
976
664
1762
1128
1161
1134
1846
996
1294
1169
1072
1304
1152
1255
525
1120
1234
1058
1208
1215
1421
1377
1328
1009
1186
929
1348
1139
613
1013
1381
1069
1139
227
940
1352
125
1189
1364
786
1759
184
1016
209
1160
1351
1396
1227
1424
1026
1290
1144
128
0 1
2 1
3 2
1 4
1 5
6 1
7 2
8 1
2 9
10 1
11 10
10 12
13 2
14 10
10 15
16 14
17 2
10 18
19 1
20 1
14 21
2 22
16 23
19 24
21 25
26 10
3 27
28 2
29 17
22 2
30 17
17 31
32 28
33 11
34 21
35 31
36 25
37 11
9 38
39 2
40 20
6 41
40 42
34 43
44 1
31 45
46 35
47 17
19 48
40 49
50 20
50 51
49 52
53 1
41 54
44 55
51 28
56 54
55 57
1 58
41 6
59 30
30 45
53 60
50 61
62 2
50 63
64 33
65 27
2 66
41 67
57 68
69 11
39 70
44 71
17 72
20 73
74 29
39 75
45 76
17 77
72 78
79 45
10 80
81 75
30 82
77 83
84 31
85 28
77 86
43 35
36 87
35 88
89 77
38 29
90 24
87 91
21 14
73 92
34 93
19 94
39 95
23 35
34 96
97 92
98 84
90 55
24 99
25 28
100 2
83 101
102 41
97 103
41 104
59 105
92 106
80 107
50 108
109 27
110 109
37 111
112 73
113 49
114 84
63 115
116 90
112 117
118 59
