#qgen
232
768
1091
1167
1121
903
1207
534
1147
1384
1282
1873
1294
1420
751
1534
1012
882
1375
1150
1412
1332
1157
1116
352
1277
1328
1505
1311
964
858
939
1019
1506
980
1847
1324
110
616
1475
263
1215
1800
1121
1239
1284
1265
713
1491
621
1087
634
1162
1278
1361
1214
978
1090
1402
1079
1296
972
1203
1197
1133
1039
1359
1265
976
664
1762
1128
1161
1134
1846
996
1294
1169
1072
1304
1152
1255
525
1120
1234
1058
1208
1215
1421
1377
1328
1009
1186
929
1348
1139
613
1013
1381
1069
1139
227
940
1352
125
1189
1364
786
1759
184
1016
209
1160
1351
1396
1227
1424
1026
1290
1144
59
1446
1209
1992
709
879
439
1143
1296
1103
1122
1219
1395
1268
1328
1149
778
1212
1101
1274
1100
1889
647
1088
1199
874
1430
1351
1327
642
1080
977
1257
1129
1347
494
1038
1760
836
1442
1126
138
1131
1122
1449
1116
1063
55
1077
1379
1541
1100
407
1432
1289
1057
1039
675
994
1067
1098
1036
1186
1087
1259
1405
1744
1069
832
1005
1295
1400
1972
1099
1091
1430
258
957
1224
1075
1382
1480
1273
1267
1347
1142
1917
1308
1103
1446
1124
506
284
923
1065
1434
1349
1956
451
1037
1056
1046
1146
191
1383
1482
819
980
1123
788
969
2046
859
256
0 1
2 1
3 2
1 4
1 5
6 1
7 2
8 1
2 9
10 1
11 10
10 12
13 2
14 10
10 15
16 14
17 2
10 18
19 1
20 1
14 21
2 22
16 23
19 24
21 25
26 10
3 27
28 2
29 17
22 2
30 17
17 31
32 28
33 11
34 21
35 31
36 25
37 11
9 38
39 2
40 20
6 41
40 42
34 43
44 1
31 45
46 35
47 17
19 48
40 49
50 20
50 51
49 52
53 1
41 54
44 55
51 28
56 54
55 57
1 58
41 6
59 30
30 45
53 60
50 61
62 2
50 63
64 33
65 27
2 66
41 67
57 68
69 11
39 70
44 71
17 72
20 73
74 29
39 75
45 76
17 77
72 78
79 45
10 80
81 75
30 82
77 83
84 31
85 28
77 86
43 35
36 87
35 88
89 77
38 29
90 24
87 91
21 14
73 92
34 93
19 94
39 95
23 35
34 96
97 92
98 84
90 55
24 99
25 28
100 2
83 101
102 41
97 103
41 104
59 105
92 106
80 107
50 108
109 27
110 109
37 111
112 73
113 49
114 84
63 115
116 90
112 117
118 59
106 119
92 120
103 121
122 121
10 123
123 124
125 49
2 126
127 112
128 116
36 129
130 2
121 131
132 2
71 133
117 134
135 66
136 127
103 137
19 138
139 62
140 125
141 19
106 134
142 80
86 143
62 144
145 137
36 146
147 45
71 148
3 149
139 150
29 151
3 152
152 153
25 96
154 70
2 155
156 141
44 157
158 45
159 152
28 160
52 161
77 162
156 163
116 128
66 164
161 112
165 126
166 117
167 97
145 168
169 70
166 170
171 74
120 172
162 173
174 107
164 175
63 176
177 113
178 152
92 179
117 180
155 181
182 112
176 183
163 161
172 103
41 184
185 21
186 97
187 73
81 188
189 162
190 66
2 191
36 192
193 172
155 194
165 195
92 97
167 127
36 196
84 197
189 198
162 199
200 63
114 201
163 140
202 115
23 203
117 204
205 188
206 137
207 91
113 208
133 209
210 55
207 211
169 212
213 77
102 126
31 35
214 138
73 63
97 215
141 216
97 217
218 74
219 106
55 95
145 220
19 221
91 138
222 1
223 9
70 39
224 73
225 126
226 186
176 227
228 141
103 229
170 230
84 231
