#query
64
L
A
R
F
L
R
L
G
H
L
A
L
V
T
L
G
L
T
W
D
Q
D
L
Q
A
N
L
A
S
D
D
A
D
P
C
L
F
L
T
H
Y
C
Q
Q
G
L
Q
W
L
R
L
I
P
L
D
R
Q
D
G
C
F
E
I
I
256
1 0
2 1
3 0
4 0
3 5
6 4
2 7
5 8
9 6
7 10
11 9
12 10
13 4
14 6
15 6
3 16
13 17
18 17
19 0
3 20
16 2
13 11
8 20
16 20
18 21
22 6
23 7
24 7
1 25
26 6
27 5
12 28
29 3
14 30
11 30
31 0
32 1
11 21
33 10
13 34
11 34
3 35
29 35
29 8
11 2
21 10
36 18
32 34
37 8
13 6
9 2
14 29
27 38
14 39
20 6
2 34
40 28
13 41
14 5
42 0
39 43
22 44
17 2
24 21
12 17
13 15
37 40
4 7
20 34
19 38
45 24
46 8
1 6
20 17
41 17
39 3
24 23
40 10
47 11
5 48
40 49
14 43
8 15
16 50
37 48
37 51
52 26
42 35
14 27
47 20
9 15
6 38
41 6
16 32
33 7
52 16
53 0
42 23
4 49
29 52
22 30
23 40
12 30
8 17
54 33
54 18
21 49
38 44
13 32
39 55
22 4
51 52
11 17
42 49
2 0
30 28
15 1
16 6
55 37
9 32
56 17
12 34
53 7
31 35
14 19
0 44
8 57
38 49
4 25
58 0
39 35
17 34
57 26
3 43
15 38
59 19
46 16
18 58
39 29
3 2
5 6
22 7
60 44
4 40
41 2
50 32
32 2
48 6
17 23
39 19
36 4
29 46
46 1
9 4
12 6
37 7
61 17
2 4
58 31
23 44
55 40
22 10
13 62
27 29
5 46
24 2
32 15
50 15
49 28
4 28
50 34
48 10
56 6
23 25
37 27
5 57
17 6
47 15
8 1
18 4
0 40
9 34
24 25
11 49
61 20
3 57
55 27
19 26
27 3
45 54
47 45
17 0
61 56
5 9
3 6
3 4
37 38
23 49
47 61
41 1
53 44
3 52
18 63
60 55
29 5
6 0
39 27
53 25
19 3
16 62
3 38
3 26
63 34
37 35
16 9
31 14
38 25
14 37
3 17
46 38
42 40
36 63
1 7
25 44
31 49
57 20
45 28
7 25
19 6
56 63
24 0
3 8
48 4
36 42
51 16
24 38
25 40
45 36
6 35
38 40
58 49
18 11
32 56
8 26
6 40
36 24
43 48
0 35
22 43
6 10
1 23
44 49
26 48
16 15
55 19
5 38
