#query
62
L
F
R
D
L
A
G
E
G
T
A
G
A
M
A
S
L
P
D
L
N
I
L
C
L
L
A
R
V
A
W
L
L
G
R
L
Q
D
W
G
I
L
D
L
G
D
F
Q
Q
Y
K
T
F
V
T
L
T
H
A
A
L
Q
128
1 0
1 2
3 0
4 2
5 2
6 2
1 7
1 8
9 2
10 2
6 8
6 11
10 12
13 11
14 11
10 15
16 0
17 0
18 12
19 0
20 11
4 0
0 2
21 16
9 22
23 12
24 23
21 25
26 23
27 4
1 9
6 28
29 0
18 24
30 6
14 19
31 4
32 25
24 2
0 8
33 11
17 7
34 29
35 9
36 2
30 22
37 27
38 1
39 11
0 40
39 12
41 14
19 42
24 42
36 0
43 21
30 13
5 37
19 44
24 45
46 22
1 40
30 2
0 47
48 0
26 22
28 49
18 5
4 16
24 8
37 31
4 22
33 50
36 6
31 27
17 33
36 51
35 42
30 51
6 50
52 44
2 12
1 14
1 39
46 37
35 25
14 2
7 39
53 25
22 11
25 20
54 40
17 49
6 22
0 15
8 12
41 0
55 11
37 42
36 12
10 51
30 56
52 16
14 9
57 52
30 50
38 34
24 49
47 9
55 45
30 58
36 49
52 29
53 59
43 27
56 34
57 49
52 60
61 25
4 12
45 46
52 22
41 30
38 17
2 59
7 12
52 21
56 44
