#query
117
K
R
A
P
L
I
G
N
D
R
M
W
I
Y
I
P
P
G
L
K
T
P
L
V
L
H
M
P
I
E
S
P
E
L
Y
G
F
Q
S
L
T
K
L
K
I
R
L
Q
H
L
T
S
L
D
T
P
Q
R
L
P
I
F
V
D
N
K
A
R
A
C
R
Q
N
V
W
P
W
Q
G
P
S
G
V
T
Y
S
Q
N
A
D
D
R
L
Q
L
P
L
R
S
K
L
Q
V
C
P
V
F
D
I
A
E
F
K
P
L
T
G
256
0 1
2 0
0 3
0 4
3 5
6 0
6 7
6 8
8 9
3 10
11 1
6 9
12 5
2 13
2 14
0 15
0 16
5 17
13 16
12 18
19 1
6 20
18 21
0 22
23 13
20 8
24 16
25 11
25 9
26 22
26 27
26 1
28 18
19 29
27 11
20 13
30 20
31 8
14 23
30 2
10 5
30 32
0 12
31 20
26 11
2 15
12 33
34 1
25 18
0 35
28 36
22 1
18 37
38 21
39 21
7 9
29 33
38 40
21 41
42 37
23 9
43 8
44 38
15 45
14 46
12 4
30 47
45 16
48 38
49 21
50 22
49 51
7 8
7 13
52 33
36 53
54 37
23 7
55 17
56 30
49 57
25 28
57 51
46 9
58 40
20 7
59 42
55 33
0 13
15 11
26 30
34 30
60 38
32 27
61 29
62 40
50 63
43 20
37 61
63 64
36 51
65 16
45 28
58 66
27 16
67 29
68 58
36 69
14 11
59 70
71 24
72 52
73 52
27 43
74 39
75 22
76 38
72 77
14 8
78 8
79 73
80 61
81 41
34 27
23 82
49 83
53 84
42 52
76 54
4 74
42 74
0 45
76 72
2 46
85 17
22 23
86 28
68 57
12 82
28 55
49 60
29 85
39 87
36 84
76 77
72 88
13 9
89 28
87 51
46 16
22 29
69 84
90 85
91 73
58 92
42 92
32 65
50 79
2 25
56 46
2 20
25 74
71 33
16 93
94 69
72 95
71 35
46 96
63 96
55 37
51 66
1 33
49 66
45 18
64 97
35 85
98 79
99 76
1 35
55 74
100 6
67 3
93 41
56 101
39 66
73 97
4 61
6 15
102 84
4 103
32 78
72 11
19 34
21 104
105 92
106 87
67 1
24 62
32 7
79 91
24 107
0 9
30 27
108 77
101 96
72 79
2 23
109 57
34 79
72 22
90 110
48 57
94 84
25 71
44 87
52 21
46 13
22 27
87 92
96 51
72 111
94 112
88 11
56 82
58 70
113 38
28 37
22 63
62 77
70 40
114 107
60 44
108 76
55 115
12 1
50 73
114 84
80 77
18 40
66 84
98 77
62 33
116 57
68 66
18 115
76 52
108 79
108 61
70 39
68 109
9 101
75 47
91 81
15 12
29 77
6 45
