#qgen
40
17
126
81
31
28
64
12
65
63
95
26
37
28
103
3
25
75
99
30
106
40
24
109
123
48
74
24
33
6
40
43
58
109
102
48
8
5
61
54
19
128
0 1
1 0
2 1
2 3
4 2
5 1
6 2
2 7
1 8
9 1
10 5
10 11
12 1
7 2
2 13
12 14
11 1
1 15
16 2
14 9
17 2
18 2
19 2
12 9
2 18
2 20
17 21
19 22
2 4
17 19
9 14
2 23
24 14
2 6
20 19
14 13
11 10
19 18
10 1
19 21
1 25
1 10
18 19
2 17
21 19
8 1
2 26
1 20
2 14
1 11
22 20
1 27
14 12
13 2
21 17
1 12
21 22
21 2
22 19
2 28
4 1
28 2
19 17
20 21
20 22
20 7
20 2
3 2
29 2
21 18
2 21
7 20
1 30
27 1
1 4
19 20
22 2
2 22
1 5
22 18
2 29
21 20
22 21
1 31
2 19
13 14
1 2
2 16
20 1
18 21
14 24
24 2
26 2
23 2
25 1
2 24
31 1
1 9
30 1
18 14
18 22
5 10
9 12
15 1
14 2
14 18
14 32
32 14
32 12
12 32
12 33
33 12
33 34
34 33
35 34
34 35
9 35
35 9
36 35
35 36
35 37
37 35
37 38
38 37
37 39
39 38
38 39
39 37
