#qgen
34
52
101
100
114
47
41
10
33
16
15
123
11
118
71
61
68
35
17
19
33
21
52
34
109
57
78
116
56
117
110
107
101
83
2
128
1 0
2 1
3 1
1 4
1 5
6 1
1 7
1 8
1 9
10 1
11 1
1 12
4 1
1 13
13 14
1 3
5 1
15 13
1 14
14 16
17 16
18 14
18 19
20 1
20 14
10 16
7 1
16 21
1 22
14 18
1 23
17 1
14 1
12 14
1 15
16 13
1 19
1 24
1 2
8 1
1 6
13 25
16 18
16 14
21 16
13 16
19 18
26 1
24 1
1 27
28 1
12 1
1 20
1 10
0 1
1 28
15 16
13 1
16 15
1 21
29 1
18 16
13 12
25 13
19 1
14 12
16 10
14 13
1 11
21 13
18 1
1 18
22 1
23 1
16 17
9 1
1 25
14 20
1 29
27 1
1 30
15 1
21 1
25 1
30 1
1 17
31 1
16 1
13 21
1 16
12 13
1 26
13 15
1 31
1 32
32 1
32 13
13 32
33 32
14 33
33 16
33 15
32 33
13 33
33 19
33 13
18 33
11 33
19 33
33 14
33 9
33 20
22 33
21 33
15 33
33 25
10 33
16 33
20 33
33 12
33 18
33 21
9 33
33 10
25 33
12 33
33 22
33 11
