#qgen
66
52
101
33
100
56
47
71
102
44
121
19
56
72
52
43
35
15
34
80
61
118
14
123
114
110
33
122
10
94
90
116
24
83
88
17
11
21
42
73
29
113
16
101
87
68
33
33
80
110
78
95
123
117
107
7
60
85
101
77
57
88
109
127
41
2
79
256
1 0
2 1
3 1
1 4
1 5
6 1
1 7
1 8
1 9
2 10
11 1
1 12
6 13
1 14
10 15
1 16
17 1
7 10
1 18
19 10
19 20
10 21
22 15
23 1
10 19
24 1
25 1
13 15
1 26
7 15
1 27
28 1
29 1
18 1
1 30
20 6
1 28
1 31
1 32
33 1
1 25
6 19
15 34
21 10
31 35
19 6
32 33
36 1
37 1
1 38
1 39
40 1
1 41
1 29
36 33
0 1
15 13
42 1
15 22
1 3
1 43
35 31
6 44
45 10
46 1
6 32
47 1
15 44
1 48
33 10
49 1
1 42
31 1
1 47
43 50
51 1
1 15
33 32
47 50
6 15
1 33
1 40
52 1
30 1
7 1
1 50
35 1
53 1
6 28
1 54
55 1
50 49
1 56
1 2
15 10
10 29
50 47
26 1
15 2
50 43
13 1
1 6
1 23
50 57
41 1
1 52
14 1
58 1
34 15
59 1
1 58
1 53
6 49
21 1
5 1
1 19
10 18
28 6
4 1
54 1
1 35
1 49
56 1
1 21
1 57
27 1
1 36
1 46
15 19
49 6
1 55
1 24
29 10
1 60
1 51
61 1
1 62
13 6
15 7
1 20
1 45
1 61
10 1
19 15
39 1
6 20
1 13
45 1
43 1
2 15
20 19
38 1
15 6
34 1
44 6
1 44
10 45
32 6
48 1
62 1
19 1
20 1
19 36
44 1
10 2
1 10
8 1
33 36
10 7
63 1
1 17
36 19
16 1
1 37
10 33
44 15
57 50
12 1
1 59
22 1
15 1
1 22
49 50
1 11
60 1
50 1
1 34
32 1
9 1
57 1
1 63
18 10
64 10
44 64
29 64
64 19
64 57
64 31
64 6
64 15
45 64
64 16
10 64
57 64
64 21
19 64
7 64
64 7
64 37
31 64
17 64
32 64
28 64
64 28
26 64
64 32
8 64
20 64
64 51
64 13
18 64
64 17
2 64
49 64
16 64
15 64
21 64
64 22
64 36
64 35
64 29
33 64
64 45
64 8
22 64
36 64
64 49
35 64
37 64
13 64
64 2
64 33
64 26
64 20
64 18
6 64
64 44
51 64
51 65
65 36
65 56
65 51
36 65
65 26
56 65
26 65
