#qgen
76
56
28
57
82
17
78
77
102
65
48
75
47
55
81
101
111
44
119
101
21
25
42
112
25
122
11
73
2
72
85
90
48
120
106
49
65
108
102
119
102
58
124
19
44
46
4
101
114
82
101
73
124
75
34
16
64
20
104
42
49
96
16
26
70
2
117
4
9
4
119
2
114
30
114
125
116
256
1 0
0 2
3 1
2 4
4 5
6 5
5 7
2 8
9 5
10 5
4 2
3 11
12 3
8 2
13 5
3 5
14 2
5 15
12 16
17 16
18 5
1 19
20 3
21 5
4 22
5 4
23 1
5 24
5 6
5 25
26 23
5 27
27 5
5 10
28 5
5 29
5 30
31 2
32 5
3 33
0 34
33 16
35 5
5 36
0 37
5 38
6 39
3 20
24 40
41 5
42 2
39 6
43 8
39 5
11 3
43 42
44 26
5 39
45 5
5 45
28 20
5 20
16 12
26 3
28 36
5 46
16 26
3 47
48 5
40 4
49 5
15 5
1 23
36 50
51 28
1 3
52 3
7 5
4 40
1 16
43 0
51 5
16 47
53 16
40 36
53 29
16 11
20 30
54 2
1 55
0 43
43 37
25 5
16 52
3 52
5 50
51 40
28 51
24 5
5 28
2 43
43 54
34 43
43 2
27 56
20 36
17 3
1 44
2 31
30 5
44 1
3 53
31 43
20 40
57 26
21 40
53 5
46 5
38 5
20 28
56 5
36 5
8 43
54 43
19 1
23 26
5 51
58 43
7 48
26 44
5 9
16 53
26 16
5 3
55 26
16 5
42 43
56 50
59 5
1 57
5 60
20 7
3 26
5 21
5 61
0 1
34 0
43 34
5 40
62 5
7 20
50 36
36 40
3 12
56 27
43 63
43 31
2 14
29 53
5 53
26 55
22 4
2 58
40 5
5 41
40 51
55 1
5 16
37 43
14 43
5 13
5 62
5 49
11 16
43 14
60 5
16 17
48 7
5 18
2 0
2 54
37 0
43 58
50 56
3 17
30 20
26 57
57 1
40 21
36 20
63 5
16 33
2 42
29 5
5 35
5 59
50 5
5 48
36 28
5 32
16 1
5 63
40 20
33 3
63 43
61 5
47 16
20 5
58 2
47 3
52 16
5 56
40 24
53 3
53 64
64 53
65 64
64 65
6 65
65 6
65 20
20 65
20 66
66 20
67 66
66 67
68 66
66 68
69 66
66 69
70 66
70 67
70 50
70 68
67 70
70 20
50 70
68 70
20 70
66 70
71 66
66 71
20 71
71 20
72 71
71 72
71 73
20 73
73 20
73 71
74 73
73 74
75 74
73 75
74 75
75 73
