#qgen
36
56
28
57
82
17
78
58
47
104
25
44
46
19
16
44
112
42
65
55
75
34
25
73
119
114
102
101
64
48
106
21
49
50
79
76
26
128
1 0
0 2
3 1
2 4
4 5
6 5
3 7
1 8
5 9
5 10
11 1
2 12
13 2
2 14
14 12
12 2
2 13
4 15
16 14
17 14
18 10
14 0
3 18
6 9
3 19
3 20
1 21
4 6
5 4
20 3
22 21
3 23
5 6
23 3
10 24
18 3
3 9
8 1
22 8
2 17
0 14
12 14
15 4
3 5
0 25
3 24
10 20
2 26
14 17
10 19
10 1
10 18
10 22
5 20
2 16
22 27
14 25
28 2
9 3
16 2
11 22
29 3
10 29
4 2
14 16
26 2
20 10
30 1
10 5
14 2
22 3
9 5
2 0
31 14
14 31
31 0
27 1
20 5
17 2
25 0
0 1
9 6
29 10
22 10
28 14
25 14
19 10
22 11
1 27
1 10
0 31
21 22
7 10
23 10
2 28
7 3
27 22
14 26
10 7
24 3
1 11
26 14
14 28
21 1
13 14
10 23
3 29
1 3
19 3
8 22
3 22
5 3
1 30
6 4
24 10
14 13
14 32
32 14
33 32
5 33
33 5
6 33
32 33
33 6
34 33
33 34
35 33
33 35
