#qgen
64
32
76
49
123
83
12
61
13
83
36
126
35
38
11
103
11
26
125
103
59
35
54
8
101
92
86
118
108
67
44
58
5
87
125
33
35
14
42
100
127
83
11
60
32
117
62
30
88
85
22
40
122
39
69
44
91
128
17
64
55
75
95
23
75
256
1 0
2 1
2 3
1 4
4 5
4 6
4 7
8 4
5 9
10 7
11 4
12 5
5 13
14 6
15 4
16 14
17 16
17 8
3 18
1 2
6 14
7 4
4 19
20 14
5 21
16 1
5 20
16 2
22 15
23 1
24 5
25 7
24 26
17 4
27 17
9 8
7 28
4 29
2 30
30 31
1 5
32 5
20 11
33 5
4 28
34 29
35 5
4 22
14 36
8 14
6 4
5 37
20 38
39 5
40 3
41 3
28 6
6 28
5 42
5 32
20 8
16 20
39 26
8 24
42 28
17 27
3 41
43 5
31 30
5 4
26 5
41 38
29 13
44 2
22 5
45 22
2 16
38 20
0 10
17 43
13 5
14 4
22 1
4 46
11 22
10 4
5 47
30 2
14 28
10 8
48 5
43 4
5 49
5 27
17 21
4 50
2 43
49 25
51 13
20 1
2 41
43 2
45 1
17 52
46 4
8 13
20 10
5 48
5 52
11 10
38 1
43 13
43 21
53 3
22 25
54 5
5 8
18 3
51 8
47 55
22 14
47 30
50 4
29 51
5 39
30 47
5 2
49 5
29 21
17 31
56 5
26 54
28 22
22 7
12 28
1 10
29 43
5 57
42 5
58 4
21 43
59 5
25 42
22 10
8 10
14 16
1 20
22 28
31 17
28 8
45 20
34 5
8 20
10 0
57 5
21 17
36 38
27 5
4 17
17 54
4 43
24 8
13 29
0 45
55 47
5 55
1 23
29 60
8 16
51 5
4 10
5 61
17 24
38 36
54 26
5 33
12 20
29 34
41 2
17 5
8 51
26 29
20 45
44 54
52 26
4 11
45 16
25 49
9 17
26 24
45 10
16 22
60 5
5 60
16 62
20 5
13 8
28 16
5 12
1 22
4 14
8 5
5 56
27 43
52 5
28 4
4 58
1 28
4 15
5 24
22 6
20 12
4 25
5 35
11 20
10 1
10 5
45 5
28 42
33 39
5 31
43 8
15 22
22 11
21 29
6 22
45 0
21 5
19 4
5 43
47 5
31 5
24 17
16 36
5 51
63 4
29 26
7 25
40 4
5 1
36 14
13 43
28 14
43 17
28 25
5 10
25 22
5 36
10 11
22 16
4 40
58 22
5 59
26 39
8 9
4 1
