#qgen
32
32
76
49
123
83
86
117
12
8
103
67
125
35
44
62
75
126
13
11
103
32
59
83
26
11
100
23
35
61
69
58
101
128
1 0
2 1
2 3
1 4
4 5
2 6
2 7
4 8
4 9
8 10
4 11
12 7
4 13
14 8
4 15
14 16
17 16
18 8
10 1
1 8
8 7
19 3
6 2
20 11
4 18
1 7
4 21
12 1
11 20
1 2
22 4
11 7
16 14
20 2
12 23
8 14
7 8
24 2
14 1
25 24
1 14
5 8
11 8
7 4
23 2
23 26
17 4
2 24
27 8
7 20
3 19
4 16
17 10
27 4
4 1
25 1
10 5
17 5
26 3
4 20
8 23
9 28
27 12
7 13
14 23
10 23
16 1
5 10
27 16
3 24
20 4
0 14
9 8
8 1
21 4
12 16
1 10
11 23
0 1
10 28
8 4
3 29
1 16
3 2
23 8
24 3
15 4
7 1
9 23
8 28
8 5
22 3
4 7
28 4
10 17
30 2
23 1
16 12
17 8
1 12
1 31
2 30
1 25
23 10
4 27
13 7
28 8
16 4
18 4
16 8
31 1
9 10
14 12
3 26
12 27
7 16
10 4
7 2
8 18
0 16
28 9
26 23
4 22
16 17
9 4
16 27
2 20
7 12
