#qgen
45
34
96
1
96
110
36
16
19
107
6
102
92
31
33
90
107
95
57
126
125
56
46
16
115
67
18
112
50
33
13
68
48
2
21
37
126
67
39
1
70
81
15
59
67
28
128
1 0
1 2
1 3
4 1
1 5
2 6
1 7
1 8
1 4
6 2
1 9
1 10
0 11
1 12
13 1
0 14
11 3
15 6
15 1
15 2
0 1
10 16
1 17
18 0
3 11
1 19
7 1
16 10
1 20
21 1
1 22
11 9
23 7
24 1
25 1
0 26
27 1
20 1
2 1
22 1
12 1
11 24
0 18
28 1
22 27
7 23
19 1
10 21
5 1
1 25
29 1
16 1
27 22
24 11
9 1
9 11
29 21
29 20
30 1
1 28
1 16
29 16
14 0
26 0
23 1
1 30
1 6
12 11
16 29
31 1
6 1
1 29
1 27
3 1
21 10
1 21
1 31
1 15
21 29
17 1
1 13
10 1
1 23
8 1
1 24
11 12
11 0
6 15
20 29
2 15
32 2
2 32
33 2
2 33
2 34
10 34
21 34
34 2
15 34
34 10
34 15
34 21
34 35
20 35
35 30
30 35
35 34
35 20
35 36
25 36
36 35
36 25
36 37
37 36
38 37
37 38
39 37
37 39
40 39
39 40
41 39
39 41
39 42
42 39
42 43
43 42
44 42
42 44
