#qgen
64
34
96
89
107
107
47
33
57
115
33
42
21
92
73
1
78
102
4
60
95
56
19
16
121
46
13
106
31
29
112
50
67
18
125
16
53
28
83
107
87
68
125
84
32
110
31
13
6
36
126
20
73
59
96
67
19
24
32
62
108
48
53
90
33
256
1 0
1 2
1 3
4 1
1 5
6 2
1 7
8 1
1 9
4 6
1 10
1 11
12 0
1 13
14 2
0 12
7 15
11 16
17 2
12 18
0 1
16 19
20 1
1 21
22 14
1 23
17 1
24 18
25 1
26 1
9 1
24 16
15 27
6 14
28 1
0 29
2 4
10 30
2 14
18 12
31 1
18 32
30 33
4 22
27 33
34 15
4 35
17 36
6 4
1 19
6 22
35 4
30 37
38 19
16 11
39 17
40 38
34 38
14 35
41 1
42 1
28 43
40 39
1 44
2 38
36 1
1 45
39 23
34 26
14 6
4 14
40 1
22 1
4 2
25 18
1 46
1 47
1 17
33 27
46 12
48 1
27 1
0 49
1 31
1 28
12 50
34 30
1 40
38 4
10 37
23 1
39 19
51 1
52 1
36 22
19 39
17 22
25 39
36 12
12 53
38 1
38 42
42 19
37 10
10 1
7 27
17 19
14 4
27 15
12 54
42 38
26 34
39 24
55 38
1 22
37 38
21 8
38 35
1 8
30 34
56 1
57 1
17 40
56 18
17 37
38 2
4 17
19 1
44 1
39 38
58 19
12 59
35 38
12 47
56 60
14 1
38 40
38 15
37 17
50 12
1 38
19 16
58 1
36 61
15 34
2 35
48 26
1 25
37 1
43 28
39 40
18 25
1 56
17 14
11 1
39 25
62 0
24 25
1 55
53 1
22 36
29 51
19 58
40 17
39 1
19 43
38 37
7 1
33 1
39 14
25 38
17 4
1 61
1 58
59 1
24 39
17 15
1 26
38 34
39 42
1 20
27 30
16 17
3 1
22 6
1 30
1 36
15 7
51 29
63 1
18 24
17 39
1 33
6 35
5 1
12 45
1 27
47 1
57 22
54 12
37 30
17 16
60 56
1 15
30 27
46 1
43 38
34 10
14 17
25 24
22 4
36 17
19 25
1 34
0 62
1 6
1 59
1 52
16 24
1 41
22 2
6 1
25 19
14 38
38 22
1 54
1 63
49 0
61 1
56 29
45 12
54 1
47 12
12 46
18 1
2 17
33 30
43 1
61 36
10 34
1 18
2 22
1 39
38 55
59 12
1 57
1 37
19 38
2 1
25 20
20 25
43 19
1 43
53 12
15 1
38 39
