#qgen
51
8
68
38
70
86
107
26
18
45
65
72
64
110
116
30
1
49
79
79
110
87
124
27
22
118
50
32
65
78
85
8
15
44
112
8
125
57
67
104
126
110
128
100
20
85
9
88
126
22
54
21
128
0 1
1 2
2 3
4 2
5 2
2 5
1 0
2 6
7 3
8 3
1 9
10 3
11 2
3 12
13 1
2 14
1 13
15 2
2 16
17 5
18 3
2 1
2 4
19 3
2 15
20 9
3 21
22 2
23 1
24 2
2 25
17 16
3 19
26 3
16 2
2 27
28 1
3 2
6 2
9 5
27 2
14 2
3 8
16 17
1 18
29 3
2 17
18 1
2 11
25 2
30 14
9 1
3 10
2 20
5 9
12 3
1 23
30 2
2 24
2 30
1 28
3 26
31 2
21 3
20 2
5 17
14 30
3 7
2 22
17 2
3 29
9 20
2 31
3 18
32 3
3 32
3 33
33 3
33 34
34 33
7 34
34 7
34 35
35 7
35 34
7 35
36 7
7 36
37 7
7 37
7 38
38 7
39 38
38 39
39 35
35 39
35 40
36 40
40 35
40 36
40 41
41 40
7 41
41 7
42 41
36 42
28 42
41 42
42 28
42 36
42 43
43 42
44 43
43 44
43 45
45 43
4 45
45 4
45 46
46 45
46 47
47 46
48 47
47 48
49 47
47 49
47 50
50 47
