#qgen
55
111
68
69
121
99
79
106
76
22
45
99
91
109
101
99
119
62
112
74
69
63
77
81
127
124
27
23
90
126
104
34
56
25
87
63
118
120
92
46
21
103
16
100
102
10
7
32
26
28
9
28
53
94
37
84
128
0 1
2 1
1 3
4 1
5 1
1 6
7 1
1 4
8 1
9 1
1 10
1 11
12 1
1 13
14 1
1 8
15 1
10 1
16 1
17 1
1 18
1 19
20 0
0 20
21 1
18 1
19 1
1 22
23 1
1 24
13 1
11 1
1 25
1 14
22 1
26 1
1 5
1 2
1 27
1 12
1 9
1 28
1 7
29 1
6 1
27 1
1 30
1 23
1 29
1 15
1 17
24 1
31 1
1 26
30 1
1 31
1 0
25 1
1 16
1 21
28 1
3 1
32 3
3 32
3 33
33 8
8 33
33 3
33 34
34 33
35 34
34 35
34 36
36 33
36 34
33 36
37 33
37 35
33 37
35 37
38 35
35 38
35 39
39 35
40 39
39 40
39 41
41 39
41 42
42 41
43 42
42 43
44 42
42 44
42 45
45 43
45 42
43 45
46 43
46 45
45 46
46 42
42 46
43 46
46 47
45 47
47 45
47 42
43 47
42 47
47 43
47 46
47 48
48 47
49 48
48 49
50 48
48 50
51 48
48 51
52 48
48 52
53 48
50 53
53 50
48 53
53 54
51 54
