#qgen
61
24
106
60
36
72
18
111
120
80
5
76
92
23
15
127
4
115
121
37
56
18
108
31
73
72
23
2
48
102
41
70
48
89
71
60
94
79
45
39
5
80
109
19
113
71
71
22
103
107
35
44
78
10
117
114
42
62
96
37
120
89
256
0 1
2 0
2 3
4 0
5 0
6 0
7 2
8 1
0 9
8 10
10 11
12 1
6 13
7 11
14 0
15 1
4 16
17 0
12 18
19 18
0 20
21 17
0 22
4 21
0 12
3 19
5 23
24 3
7 25
11 26
13 4
0 27
7 8
2 25
25 7
25 22
16 28
0 29
28 6
30 18
0 31
6 28
31 0
15 32
28 33
9 34
35 30
7 20
18 23
19 33
36 6
30 19
37 15
7 34
0 8
17 34
38 15
15 7
39 34
0 4
40 35
39 4
0 41
42 7
13 40
13 26
4 43
3 44
27 16
17 19
45 44
42 19
35 46
38 0
6 24
30 47
17 44
3 14
33 0
6 7
35 48
36 11
41 49
14 24
28 37
49 47
50 0
10 8
27 9
0 38
18 10
51 7
7 26
35 11
32 23
39 28
48 35
39 48
0 13
28 13
36 14
48 52
12 0
19 11
48 0
8 41
4 39
26 48
17 53
30 7
49 52
17 13
30 40
54 40
44 52
17 35
40 47
0 10
44 40
7 14
55 0
52 7
26 20
13 36
34 27
19 7
28 4
25 21
6 48
5 48
1 0
37 28
16 4
23 5
15 2
10 18
19 35
34 11
22 0
2 14
33 28
3 0
30 20
35 17
0 40
18 30
26 0
44 51
23 24
45 0
21 6
52 30
48 11
48 36
30 6
7 1
4 30
15 19
31 42
32 14
56 27
52 44
24 6
52 55
3 38
13 17
41 8
53 30
53 34
14 32
54 52
20 30
16 52
20 35
11 3
17 26
14 3
55 7
15 38
42 35
12 26
48 28
39 24
34 52
24 23
48 44
0 16
52 37
14 16
33 48
11 19
48 3
30 51
21 52
3 26
0 32
53 0
17 24
30 48
42 57
0 57
30 32
19 17
17 36
20 11
44 28
18 0
35 20
21 0
45 22
15 48
39 16
39 12
30 3
32 11
8 0
38 2
12 54
0 25
22 31
7 54
42 11
47 35
0 36
0 48
19 0
0 30
58 0
59 22
54 35
9 0
45 24
24 57
49 23
7 13
59 0
44 13
11 30
30 26
23 18
0 44
7 27
1 7
15 31
39 14
44 17
21 38
60 24
0 53
51 23
34 7
7 41
37 0
21 4
8 23
30 0
