#qgen
32
24
18
80
94
115
23
117
80
103
56
62
36
19
89
73
48
92
45
85
10
109
71
120
78
31
15
114
5
72
23
96
89
128
0 1
2 0
3 1
4 0
5 0
3 0
3 6
7 0
0 6
8 7
9 7
10 0
3 4
11 3
9 0
12 0
1 3
13 0
7 9
14 13
0 15
13 16
0 17
18 0
0 9
19 0
2 20
20 0
3 12
8 4
1 16
0 21
3 8
8 0
8 3
22 16
11 16
0 23
3 13
13 14
0 24
15 1
25 0
26 7
26 21
7 3
27 23
20 2
11 9
15 10
23 1
11 12
7 26
3 11
0 8
9 11
7 10
13 3
23 27
0 16
25 28
22 0
0 26
3 26
4 28
4 19
28 0
14 0
7 8
25 7
29 26
9 30
21 19
0 20
31 0
27 15
7 12
16 0
0 30
29 0
25 19
19 3
25 26
15 4
14 23
26 29
0 29
3 30
17 3
0 12
9 3
3 16
14 2
4 16
12 16
15 27
19 26
21 24
0 25
28 4
24 5
0 13
0 5
12 3
0 18
6 3
24 0
16 13
12 7
3 7
28 25
19 4
15 23
24 21
22 24
7 21
19 21
0 19
26 19
1 23
0 3
3 17
12 9
4 8
13 19
16 1
27 0
10 15
