#qgen
57
51
27
102
72
14
52
66
117
128
115
122
36
125
94
31
105
19
85
106
105
49
117
4
21
122
116
96
46
81
3
96
87
27
128
48
5
19
71
121
58
22
128
43
12
7
34
55
123
37
80
64
21
47
5
78
98
61
256
0 1
1 2
3 1
4 2
2 5
6 4
4 7
6 8
2 9
10 9
6 11
4 10
7 12
2 4
4 13
1 14
11 15
7 16
17 15
2 18
19 6
20 11
21 18
2 12
1 22
11 23
2 10
15 9
24 4
16 4
15 5
16 25
7 26
12 27
28 13
27 12
10 29
2 16
7 25
12 30
31 29
31 25
32 20
33 16
32 34
35 32
36 16
37 18
38 11
39 13
24 20
23 24
4 40
17 16
41 24
4 38
2 20
36 25
13 42
16 7
38 42
32 23
42 35
13 7
6 15
16 23
25 43
16 20
44 16
45 1
43 46
16 37
32 39
24 25
46 4
43 29
35 23
24 32
38 13
4 28
7 38
47 4
26 41
29 10
44 23
48 16
12 28
40 24
17 11
49 29
42 38
50 10
48 17
33 46
50 16
33 25
24 12
21 10
10 25
44 43
11 28
10 17
16 44
7 40
2 29
49 20
3 51
24 31
12 15
26 16
35 27
37 19
38 23
48 19
33 40
12 25
41 4
17 10
34 4
15 36
25 4
4 52
40 28
25 46
2 15
12 17
20 15
13 35
23 26
41 27
13 33
2 30
4 32
43 44
29 7
4 5
42 20
11 10
29 48
20 2
48 29
29 20
38 20
17 25
9 16
17 20
41 42
12 36
36 29
17 4
35 40
2 25
40 7
25 38
42 25
11 7
27 4
10 16
24 33
29 28
4 53
36 4
29 36
6 54
9 4
4 39
11 40
28 40
12 44
13 4
47 29
9 18
41 26
16 15
33 28
5 2
3 45
28 26
20 13
40 35
35 43
12 41
41 38
48 4
10 4
35 24
12 21
37 9
2 19
33 4
4 9
4 11
16 10
38 41
11 27
13 23
19 2
20 53
9 11
30 12
29 25
4 50
23 28
18 19
20 31
30 15
33 20
23 31
11 16
4 36
20 47
38 7
16 19
39 18
12 35
53 21
11 42
46 26
43 38
16 11
40 33
8 2
13 38
7 33
14 1
43 25
31 20
55 2
12 23
33 38
25 13
49 4
2 48
16 5
38 24
44 20
37 21
12 11
27 11
42 46
15 16
46 39
7 32
1 56
17 19
49 19
23 46
44 31
12 42
20 49
7 24
11 46
23 25
21 49
21 15
31 23
