#qgen
125
126
22
91
39
53
40
113
2
120
127
102
54
128
57
101
104
91
44
26
4
110
87
42
128
48
25
128
43
50
127
107
67
57
94
34
48
97
54
72
97
56
15
7
68
120
26
60
119
64
15
29
105
57
111
77
60
8
79
87
121
120
78
50
63
5
99
105
21
46
59
36
124
23
108
127
33
8
32
6
119
100
44
98
41
15
31
95
48
61
119
70
98
105
10
82
56
20
103
121
97
5
59
91
59
103
48
83
4
118
58
78
91
108
126
125
120
121
62
52
77
89
83
26
8
113
128
0 1
1 2
3 2
1 4
5 3
6 3
7 1
2 8
2 9
6 10
11 8
12 1
13 8
14 3
15 14
16 5
17 14
8 18
19 18
20 6
21 15
8 22
10 23
24 8
25 23
26 23
27 19
8 28
3 29
30 3
7 31
25 32
33 8
34 6
35 25
2 36
37 36
27 38
39 8
6 40
8 41
1 42
8 43
33 44
45 8
8 46
47 3
8 48
49 25
50 3
51 23
24 52
53 25
8 54
52 55
25 56
57 53
26 25
41 58
56 59
60 27
61 53
40 62
54 63
64 57
24 65
56 66
61 67
68 8
8 69
2 70
25 71
72 8
73 11
74 8
75 26
76 25
77 20
78 46
72 79
80 25
79 81
82 26
73 83
84 8
85 23
86 24
87 82
88 58
79 89
90 79
91 9
65 92
93 53
85 94
58 95
79 96
74 97
98 54
99 93
82 100
56 101
26 102
103 98
104 73
105 49
41 106
107 105
108 71
109 93
95 110
111 97
112 91
113 25
79 114
105 107
115 53
105 116
117 102
2 118
90 119
93 120
23 121
122 56
36 37
8 84
123 122
8 124
