#qgen
64
117
55
37
92
97
58
119
103
59
85
101
77
37
60
2
10
52
21
113
64
76
83
38
80
92
74
116
36
127
57
57
124
10
126
25
22
111
55
64
113
9
61
117
8
123
20
109
103
69
44
111
101
2
4
19
128
23
35
39
114
60
75
36
125
64
0 1
0 2
3 2
2 4
5 4
2 6
7 5
7 8
4 5
9 5
10 7
10 11
5 12
13 7
7 14
15 13
5 16
17 4
10 18
19 15
12 20
21 13
22 15
18 23
24 7
11 25
26 20
27 21
13 28
29 26
30 21
31 16
27 32
33 18
34 30
28 35
36 27
32 37
38 13
36 39
40 7
41 7
37 42
23 43
42 44
20 45
46 21
7 47
48 27
49 48
46 50
7 51
39 52
35 53
54 43
7 55
56 52
35 57
58 50
59 28
21 60
37 61
62 46
56 63
