#qgen
63
70
19
95
91
12
27
90
59
94
87
27
73
75
110
74
30
127
81
70
35
123
98
37
116
104
58
6
79
98
54
92
76
2
86
1
84
22
116
68
52
57
99
35
16
79
16
9
98
21
69
103
92
12
47
23
1
59
73
56
86
2
69
99
64
0 1
2 0
1 0
3 0
0 4
1 5
0 6
7 0
8 0
4 9
5 1
10 0
7 11
12 0
11 13
0 14
2 15
16 13
17 1
18 15
19 18
19 20
21 20
22 11
23 20
24 19
25 15
24 26
27 5
28 24
29 0
30 23
31 23
32 26
0 33
34 28
17 35
17 36
13 37
38 24
2 39
30 40
41 36
36 42
43 40
44 35
45 42
46 23
30 47
20 48
21 49
31 50
15 51
52 20
53 52
54 53
55 49
28 56
57 53
11 58
59 21
60 56
61 47
55 62
