#qgen
210
70
19
95
91
12
27
90
59
94
87
27
73
75
110
74
30
127
81
70
35
123
98
37
116
104
58
6
79
98
54
92
76
2
86
1
84
22
116
68
52
57
99
35
16
79
16
9
98
21
69
103
92
12
47
23
1
59
73
56
86
2
69
99
13
62
102
117
52
53
114
78
96
94
100
3
102
47
120
83
76
68
100
26
18
45
9
78
117
105
95
124
7
72
34
94
42
1
79
43
85
76
49
4
93
46
107
53
37
66
29
68
33
66
78
9
115
27
4
127
110
72
77
17
44
42
43
18
89
16
77
12
108
41
117
126
10
62
15
35
1
69
56
23
78
94
113
111
122
83
7
19
71
39
93
32
16
44
71
108
7
38
4
104
11
7
31
111
83
27
59
30
29
123
90
2
29
96
96
2
48
104
2
96
60
30
90
32
51
113
70
111
13
9
59
32
72
52
54
117
27
2
13
124
62
38
7
107
25
37
54
256
0 1
2 0
1 0
3 0
0 4
1 5
0 6
7 0
8 0
4 9
5 1
10 0
7 11
12 0
11 13
0 14
2 15
16 13
17 1
18 15
19 18
19 20
21 20
22 11
23 20
24 19
25 15
24 26
27 5
28 24
29 0
30 23
31 23
32 26
0 33
34 28
17 35
17 36
13 37
38 24
2 39
30 40
41 36
36 42
43 40
44 35
45 42
46 23
30 47
20 48
21 49
31 50
15 51
52 20
53 52
54 53
55 49
28 56
57 53
11 58
59 21
60 56
61 47
55 62
46 42
63 49
48 64
59 65
0 66
59 67
31 68
69 11
44 70
28 71
72 68
73 43
15 74
70 75
71 76
56 55
23 77
78 24
79 28
30 57
43 80
28 81
40 30
82 35
83 58
84 26
45 85
86 81
87 23
24 88
89 70
90 70
91 84
92 48
61 81
86 93
94 36
19 85
4 95
96 93
41 97
97 98
50 72
80 50
88 99
47 100
101 27
19 52
65 102
54 67
47 103
67 24
104 81
76 105
59 84
55 106
107 0
41 15
108 52
109 27
43 31
108 36
2 110
111 28
93 112
75 113
27 114
28 115
116 91
117 28
27 118
30 119
120 28
75 121
122 84
21 31
123 23
124 120
125 28
97 126
59 127
128 75
129 2
130 43
131 53
71 132
113 133
134 55
135 84
136 49
137 81
135 138
93 127
89 139
30 140
70 141
55 142
53 116
143 104
144 36
145 81
145 146
144 64
147 125
93 126
148 37
0 149
150 119
96 36
151 31
152 91
153 110
154 135
97 155
24 156
49 157
158 47
2 159
160 123
2 161
59 56
72 65
0 162
26 163
31 102
32 110
130 103
91 164
165 88
166 70
143 159
52 40
70 167
168 58
27 169
31 170
101 171
27 172
11 173
174 157
55 175
175 108
176 111
43 151
177 60
178 140
94 179
131 116
180 145
108 63
181 123
48 182
160 183
125 184
127 63
28 185
186 185
187 28
130 188
189 95
135 108
190 110
191 157
31 192
34 24
193 15
194 59
141 154
34 195
196 64
197 134
198 93
199 28
81 200
201 158
175 94
61 143
78 104
57 54
49 202
194 203
24 158
204 97
179 205
206 173
20 18
19 207
208 177
179 38
174 163
84 104
209 188
