#qgen
61
63
128
47
94
10
43
73
72
102
21
51
32
101
42
24
128
113
84
106
67
121
64
94
104
66
69
98
32
35
70
45
75
47
38
5
115
94
25
79
111
97
62
80
110
112
112
52
92
115
47
97
75
39
58
96
38
86
11
26
16
60
64
0 1
1 2
1 3
1 4
5 4
6 5
7 5
8 4
9 7
10 8
5 11
12 5
6 13
5 14
15 11
6 16
17 5
9 18
19 18
20 19
17 21
4 14
22 7
15 19
23 7
8 24
5 25
13 26
15 27
13 28
29 27
30 9
17 31
14 32
22 33
34 15
14 35
36 7
37 24
9 38
4 39
40 33
20 41
35 15
41 42
15 35
43 26
9 44
45 35
27 46
8 47
48 29
32 49
26 50
51 11
50 52
53 45
54 18
26 55
56 18
57 44
26 58
36 59
17 60
