#qgen
126
124
46
118
104
31
92
3
58
98
95
116
126
104
65
101
57
121
54
5
87
61
84
93
68
113
106
23
99
7
68
67
113
49
110
66
29
86
4
18
48
33
5
103
82
89
24
112
52
72
55
81
56
30
98
68
50
121
6
83
123
58
8
75
79
73
82
64
60
40
112
54
16
103
123
17
118
128
93
2
113
55
83
79
116
120
25
54
10
70
108
33
83
125
118
77
74
42
123
69
21
72
37
9
114
30
93
114
8
89
115
17
27
71
51
33
1
33
93
20
11
117
79
120
65
9
93
128
1 0
2 0
3 0
1 4
5 4
6 4
5 7
8 6
9 0
10 4
11 6
12 1
12 13
14 4
15 12
4 16
17 5
14 18
19 13
4 5
20 7
21 18
22 10
23 10
24 6
25 6
26 13
27 6
28 5
29 6
14 30
29 31
14 32
22 33
34 33
10 35
36 6
37 25
38 37
39 7
40 37
25 41
10 42
33 43
29 44
45 39
2 46
47 41
36 48
31 49
50 4
13 51
31 52
53 29
44 54
4 55
52 56
57 22
13 58
4 1
27 59
60 29
50 61
52 62
63 3
52 64
4 65
11 66
27 67
68 3
25 69
70 25
71 33
72 29
19 73
74 23
75 29
22 76
77 14
78 25
79 4
25 80
81 37
63 82
83 64
84 26
64 85
86 59
52 87
88 4
63 89
90 10
52 91
92 45
93 84
94 52
29 95
93 96
65 97
98 63
96 99
7 100
101 6
49 102
103 52
26 104
105 76
106 102
52 107
108 102
29 109
55 110
25 111
100 112
113 29
10 114
115 23
116 21
102 117
118 102
25 119
67 120
116 121
122 102
19 123
124 108
125 52
56 93
