#qgen
64
62
4
99
86
90
30
17
16
105
28
104
6
14
39
46
13
60
124
48
1
55
56
123
61
77
11
42
107
87
98
112
49
51
38
64
9
94
32
108
28
81
89
22
66
87
68
10
37
62
85
56
72
106
2
86
62
7
7
121
41
61
84
106
23
64
1 0
2 1
3 2
4 1
5 2
2 5
2 6
7 2
8 2
9 6
5 10
9 11
6 12
12 13
9 14
15 14
16 15
17 12
5 18
2 19
20 12
9 21
9 22
20 23
24 9
25 2
26 10
5 27
28 23
29 3
15 30
23 31
32 30
33 10
30 34
28 35
28 36
12 37
9 38
39 37
3 40
41 26
42 30
43 24
12 44
43 45
46 28
47 12
48 35
32 49
50 15
21 51
43 52
30 53
54 12
55 12
33 56
57 33
22 58
29 59
60 35
45 61
56 62
63 35
