#qgen
251
48
11
96
79
12
73
42
47
4
72
66
122
12
125
67
125
69
59
92
110
108
55
31
114
60
60
83
12
1
94
61
98
128
41
81
104
102
96
10
84
81
96
47
122
2
123
111
74
40
6
128
117
99
107
68
126
100
23
82
113
70
23
98
101
113
16
68
38
76
63
117
9
63
92
84
61
60
49
111
72
21
13
41
114
7
18
116
65
84
91
79
36
110
7
36
47
19
71
109
113
102
92
127
57
14
19
107
2
99
6
106
16
116
17
120
87
35
104
10
80
55
112
82
105
96
25
31
70
39
4
125
85
1
102
114
43
112
17
63
73
96
81
110
45
11
99
93
60
95
126
42
27
94
25
120
53
33
39
121
7
53
79
9
101
105
55
96
97
78
43
81
100
110
125
59
13
5
19
96
59
41
67
72
60
123
94
98
17
123
72
10
15
17
76
28
85
45
67
71
54
20
55
33
34
64
7
105
79
58
126
124
18
67
118
128
71
5
23
115
52
52
14
108
30
96
49
30
112
38
62
123
47
101
92
128
87
38
2
102
52
128
67
74
10
126
12
65
44
111
51
89
256
1 0
2 1
3 1
4 3
3 5
2 6
7 2
8 6
9 7
7 10
11 7
7 12
13 6
6 14
15 14
16 14
17 4
7 18
19 9
20 13
13 21
10 22
15 23
7 24
7 25
26 7
13 27
13 28
13 29
30 2
31 16
32 26
26 33
34 30
35 22
36 8
7 37
38 32
25 39
40 30
13 41
14 42
7 43
44 25
45 21
46 7
25 47
48 29
49 17
50 45
13 51
46 52
18 53
48 54
55 7
30 56
57 8
58 30
50 59
60 32
61 33
28 62
63 31
26 64
26 65
8 66
45 67
68 36
69 64
70 21
71 15
17 72
73 45
26 74
62 75
8 76
39 77
29 78
79 59
65 80
81 25
82 75
83 62
84 59
67 85
76 86
87 15
88 84
39 89
7 90
91 47
92 87
93 52
94 85
95 33
96 83
2 97
89 98
38 99
93 100
62 19
61 101
20 102
79 103
89 104
105 103
90 106
107 37
38 108
62 109
110 16
111 62
112 54
94 113
30 114
33 115
116 83
117 50
30 118
20 119
59 120
83 121
13 122
123 117
124 75
125 52
126 101
76 127
40 128
21 77
70 129
130 62
89 131
132 93
39 133
75 134
135 93
136 20
137 119
8 138
139 91
7 140
141 88
142 23
132 143
128 144
62 145
97 146
45 147
148 91
149 125
115 150
59 151
142 152
153 103
146 154
53 155
156 76
89 157
96 158
105 159
25 160
161 16
62 162
162 145
62 163
164 150
165 101
166 80
135 167
116 168
38 169
142 170
61 171
62 172
173 129
174 39
136 175
176 74
85 177
178 69
51 179
45 180
137 181
182 39
174 183
136 184
185 93
186 80
187 61
188 30
189 21
190 80
51 191
86 155
192 62
160 117
193 74
184 194
25 195
196 39
123 197
198 62
7 199
200 186
136 201
155 202
39 203
204 85
44 205
206 138
207 179
93 208
190 209
210 129
142 211
182 212
73 213
214 44
62 215
216 137
73 217
218 80
219 16
128 220
183 221
85 222
45 223
58 224
225 76
65 226
91 227
224 228
229 139
97 230
231 211
232 62
233 50
123 26
165 234
89 235
182 236
136 237
204 238
239 162
240 50
127 241
129 242
129 243
179 244
245 199
45 246
17 247
248 55
62 249
157 250
