#qgen
65
49
3
31
72
53
59
116
113
18
42
93
53
66
13
112
117
119
41
23
92
94
6
63
118
33
88
22
4
62
98
14
100
33
5
98
128
94
9
28
67
17
88
110
84
127
41
20
80
83
87
14
121
74
10
54
56
126
13
23
23
91
3
100
18
74
64
0 1
1 2
1 3
3 4
5 3
6 4
7 3
3 8
9 6
10 3
11 3
4 12
13 6
3 14
6 15
3 16
3 17
4 18
19 9
20 9
9 21
22 12
10 23
24 19
19 25
20 26
27 13
28 3
29 19
30 20
31 19
32 30
33 32
34 28
35 12
36 16
37 30
38 34
39 28
31 40
13 41
42 3
16 43
3 44
12 45
46 41
47 3
48 15
16 49
34 50
41 51
52 37
53 9
54 13
24 55
56 51
57 3
57 58
59 3
48 60
61 46
62 45
63 46
64 47
