#qgen
125
49
3
31
72
53
59
116
113
18
42
93
53
66
13
112
117
119
41
23
92
94
6
63
118
33
88
22
4
62
98
14
100
33
5
98
128
94
9
28
67
17
88
110
84
127
41
20
80
83
87
14
121
74
10
54
56
126
13
23
23
91
3
100
18
74
43
35
110
45
46
18
20
107
67
45
51
73
120
86
48
9
10
95
113
59
21
63
37
102
19
21
84
88
126
62
98
28
63
75
46
81
39
28
80
124
118
2
95
126
117
108
52
16
65
119
47
2
28
27
2
115
112
72
36
23
128
0 1
1 2
1 3
3 4
5 3
6 4
7 3
3 8
9 6
10 3
11 3
4 12
13 6
3 14
6 15
3 16
3 17
4 18
19 9
20 9
9 21
22 12
10 23
24 19
19 25
20 26
27 13
28 3
29 19
30 20
31 19
32 30
33 32
34 28
35 12
36 16
37 30
38 34
39 28
31 40
13 41
42 3
16 43
3 44
12 45
46 41
47 3
48 15
16 49
34 50
41 51
52 37
53 9
54 13
24 55
56 51
57 3
57 58
59 3
48 60
61 46
62 45
63 46
64 47
65 35
66 3
13 67
68 24
20 1
67 69
15 70
71 19
72 3
73 40
21 74
75 20
76 38
77 32
78 53
79 75
13 80
81 40
82 52
29 83
67 84
85 9
20 49
76 86
87 9
27 88
55 89
90 79
91 3
34 92
93 62
64 94
43 95
96 81
97 6
46 98
81 99
76 30
100 78
91 101
102 91
15 103
23 104
105 48
66 106
99 107
37 108
81 109
110 47
108 111
13 112
113 19
114 12
115 41
3 116
117 23
112 83
118 77
119 15
120 91
121 3
96 122
123 52
124 61
