#qgen
58
29
127
82
31
63
75
80
108
52
91
54
105
57
43
97
124
112
66
55
75
9
5
33
43
113
32
113
58
77
127
95
44
119
23
52
84
28
71
42
89
57
58
79
68
20
127
22
69
14
32
4
52
65
121
102
87
7
11
64
1 0
2 1
3 2
2 4
5 2
6 2
4 7
8 2
9 0
10 8
11 10
12 3
13 5
14 6
15 2
4 16
6 17
3 18
15 19
20 19
1 21
22 19
1 13
23 6
1 24
6 20
10 25
26 6
27 11
17 28
10 29
1 30
24 13
6 24
31 15
32 27
24 33
34 2
35 11
26 36
2 37
13 17
38 4
28 24
39 37
18 40
41 38
15 42
27 43
44 28
15 45
46 29
47 26
48 15
49 1
32 50
51 29
52 19
49 53
1 15
50 54
55 15
56 1
57 19
