#qgen
225
29
127
82
31
63
75
80
108
52
91
54
105
57
43
97
124
112
66
55
75
9
5
33
43
113
32
113
58
77
127
95
44
119
23
52
84
28
71
42
89
57
58
79
68
20
127
22
69
14
32
4
52
65
121
102
87
7
11
101
7
126
40
61
25
116
109
2
105
47
4
55
101
120
42
109
10
62
41
73
18
89
73
113
125
82
8
39
2
86
127
11
51
119
57
32
80
120
112
119
26
53
128
89
104
103
30
90
126
36
65
58
2
92
62
25
19
123
63
77
76
45
104
29
10
84
93
86
120
100
34
92
12
50
34
51
66
109
112
19
105
115
80
91
72
58
20
103
126
112
25
121
98
54
5
5
28
96
49
35
110
51
86
54
67
34
5
82
67
102
111
108
113
36
77
70
28
108
126
77
126
4
102
2
16
37
24
40
28
47
47
5
38
67
80
112
120
37
71
5
127
96
31
112
115
39
119
22
12
91
37
34
50
104
86
43
5
70
27
6
41
125
68
55
31
125
256
1 0
2 1
3 2
2 4
5 2
6 2
4 7
8 2
9 0
10 8
11 10
12 3
13 5
14 6
15 2
4 16
6 17
3 18
15 19
20 19
1 21
22 19
1 13
23 6
1 24
6 20
10 25
26 6
27 11
17 28
10 29
1 30
24 13
6 24
31 15
32 27
24 33
34 2
35 11
26 36
2 37
13 17
38 4
28 24
39 37
18 40
41 38
15 42
27 43
44 28
15 45
46 29
47 26
48 15
49 1
32 50
51 29
52 19
49 53
1 15
50 54
55 15
56 1
57 19
27 58
59 27
60 15
15 61
62 38
39 63
64 63
65 48
62 66
11 27
19 60
60 67
68 45
16 28
69 10
70 19
71 63
37 72
69 73
74 38
75 60
74 76
35 10
77 29
31 78
79 4
80 37
81 29
37 28
82 38
83 60
69 84
79 85
86 79
0 61
87 48
88 51
88 89
44 11
43 90
15 91
38 92
93 23
68 94
59 95
38 96
97 92
49 98
78 99
91 100
101 92
102 60
103 98
9 104
105 99
37 106
17 107
108 38
69 109
110 54
111 79
112 38
29 113
114 73
33 115
116 29
17 117
87 118
113 29
78 31
24 119
120 49
73 121
122 54
15 123
24 59
124 95
125 11
79 89
126 69
44 2
127 73
128 19
129 120
82 130
15 11
131 37
132 102
133 57
134 116
38 135
24 136
137 34
138 64
139 109
140 63
141 101
134 142
38 143
142 144
145 29
63 146
147 54
148 115
122 149
64 150
149 151
89 88
79 113
152 87
153 34
80 154
37 155
156 54
78 157
158 134
159 63
160 116
105 161
162 131
163 101
164 155
2 165
166 144
73 167
136 168
169 61
38 170
129 171
102 172
72 37
173 171
16 174
175 92
141 176
177 170
4 8
178 138
179 99
180 99
181 71
182 140
183 26
184 109
61 24
185 115
186 89
101 187
188 78
189 44
73 190
78 23
191 37
192 77
4 193
118 194
54 195
196 73
197 170
198 15
13 35
18 199
77 15
29 200
124 201
202 174
19 203
135 132
129 204
205 127
54 206
207 19
208 83
209 78
210 146
116 211
16 86
55 212
37 213
102 214
157 99
115 215
132 216
217 142
1 218
219 141
69 220
221 60
18 19
222 49
73 223
33 224
