#query
62
K
I
A
Y
I
W
I
D
R
F
P
D
A
I
C
A
F
Y
D
E
K
L
E
Y
V
K
Y
L
K
T
W
V
Q
E
N
A
G
E
G
K
P
W
L
N
Q
R
A
D
T
K
T
D
L
S
Y
S
I
T
Q
S
P
M
128
0 1
2 1
3 2
4 0
4 5
6 3
7 4
8 5
9 4
10 3
1 11
12 6
10 13
14 3
4 15
16 1
11 17
0 18
6 19
20 16
21 3
6 22
14 0
23 21
14 24
6 25
3 19
26 17
27 7
15 11
21 20
13 28
7 17
29 9
27 30
31 12
32 2
17 33
31 3
6 34
26 35
36 26
0 5
0 6
8 17
37 17
30 38
35 9
39 32
0 37
31 6
14 40
41 24
26 42
26 21
43 32
28 19
21 4
44 8
45 5
46 11
26 8
47 33
42 34
21 48
39 3
49 17
42 16
41 6
31 37
14 6
4 46
34 50
32 15
16 18
2 46
0 40
51 8
52 9
53 10
21 5
42 32
43 3
14 22
41 46
25 13
21 15
36 51
21 10
31 13
8 41
50 2
8 16
14 25
54 41
31 17
55 9
4 3
19 2
56 7
57 35
42 7
50 19
19 1
28 16
58 27
29 27
38 40
7 31
59 36
45 2
41 40
56 52
39 10
60 36
12 38
39 21
60 19
56 44
52 58
3 45
51 20
43 39
5 61
48 16
7 48
14 11
7 3
