#query
32
F
T
L
Y
K
K
F
P
A
T
S
V
F
M
T
E
F
A
P
M
Q
Q
Y
A
K
Q
E
R
E
A
F
E
128
1 0
2 0
3 0
4 0
2 5
6 0
7 5
8 4
4 9
1 10
11 1
12 4
2 4
2 13
14 4
15 2
4 16
13 17
18 0
8 19
3 18
4 10
13 20
2 10
2 8
17 9
2 11
16 21
22 17
2 23
0 24
19 16
2 22
25 20
11 10
4 13
10 20
26 6
23 21
11 16
9 27
28 13
3 13
0 27
15 14
2 21
11 28
1 25
1 13
15 4
14 16
3 26
19 24
26 12
7 22
11 13
8 16
4 22
22 29
5 30
4 25
2 14
25 9
30 21
23 16
3 14
8 13
15 22
21 13
11 21
23 24
30 14
5 22
28 14
30 1
21 10
25 22
2 28
24 31
28 12
3 15
4 19
12 0
9 29
14 10
28 26
5 21
11 0
6 23
23 13
18 26
14 0
14 22
2 7
8 12
16 0
1 24
23 25
26 13
3 7
13 10
11 5
24 29
10 17
16 1
12 16
29 27
13 22
0 29
15 7
26 23
23 10
7 0
19 10
5 10
28 23
26 14
17 27
22 9
26 0
15 0
15 28
28 0
1 21
30 28
2 20
16 22
8 6
