#query
117
K
Y
P
E
W
A
E
L
S
K
A
A
D
L
I
K
N
H
T
R
W
A
S
I
I
A
P
Q
T
K
I
G
N
K
I
K
A
K
L
K
R
A
R
P
G
L
Q
N
R
I
L
Q
A
R
L
L
S
T
C
L
R
F
A
F
N
V
I
E
R
Y
A
V
E
L
I
N
T
F
V
E
L
Q
I
N
I
D
V
T
M
T
Q
K
Q
Y
Y
Y
G
D
S
Y
K
C
E
E
F
K
D
Q
A
N
L
L
A
R
P
D
N
256
0 1
2 0
3 0
0 4
1 5
3 4
5 6
7 5
5 8
9 4
7 10
11 6
1 12
13 0
14 5
7 2
15 5
16 8
17 8
18 7
14 1
14 19
10 20
18 21
10 22
12 6
23 22
24 15
18 15
25 8
26 14
27 11
28 12
29 25
13 3
24 30
26 22
9 31
23 14
5 32
13 21
33 16
7 34
35 34
36 19
37 4
5 38
39 11
40 17
19 11
41 40
23 31
42 29
43 34
32 44
5 45
46 5
17 47
48 30
49 38
50 39
45 51
52 24
53 17
32 34
45 54
14 55
56 8
5 21
38 54
57 3
7 30
14 58
7 57
59 27
60 16
34 51
7 21
61 30
48 62
63 56
64 26
2 64
32 65
5 53
66 11
19 67
68 17
53 42
49 16
20 69
53 16
47 54
65 38
40 47
45 44
2 9
28 6
40 16
15 2
70 38
64 71
52 38
30 69
72 71
73 38
6 74
44 51
21 45
38 8
75 5
40 76
61 77
21 8
19 21
1 53
57 78
70 25
53 38
46 79
8 80
56 61
81 7
43 82
53 65
11 83
15 69
84 68
85 36
19 28
80 54
86 82
86 69
82 35
36 0
46 13
48 87
22 1
50 27
55 88
74 89
81 90
14 75
75 12
57 22
45 91
17 92
41 69
93 61
93 52
90 21
35 94
39 67
65 74
6 83
87 69
26 0
57 20
31 78
32 94
20 34
95 56
93 8
60 96
74 25
18 13
72 88
7 65
86 97
98 59
73 22
81 65
60 99
100 8
65 101
89 61
76 101
28 42
53 102
1 34
103 21
10 23
18 90
30 86
44 104
105 15
1 104
3 26
100 41
31 43
76 24
73 106
30 20
38 61
40 38
46 57
107 25
94 51
56 38
20 37
1 82
87 9
102 107
55 1
44 89
14 78
82 104
86 108
44 54
99 101
67 27
99 109
93 47
33 92
83 25
19 32
31 82
110 96
36 71
105 24
49 45
95 52
111 12
103 22
103 57
38 17
19 6
112 16
89 104
105 113
22 6
52 32
24 73
52 17
76 65
1 94
93 114
73 21
48 115
45 8
41 116
95 116
0 22
56 81
30 108
53 54
82 62
111 11
105 95
63 61
101 47
55 12
92 89
95 65
0 55
48 79
