#qgen
62
30
41
105
7
8
5
81
118
13
75
67
52
85
1
14
19
52
64
55
76
30
128
104
75
103
51
88
10
38
58
13
74
94
25
3
58
80
53
56
19
15
85
92
35
108
42
99
55
31
97
2
117
126
16
47
67
118
51
75
76
77
95
256
1 0
1 2
2 3
1 4
2 5
2 6
7 0
4 8
9 5
1 10
11 10
12 11
1 13
14 8
15 10
15 16
1 17
18 6
15 19
20 2
2 21
16 22
15 23
24 19
2 16
25 6
26 18
15 27
14 28
19 18
20 29
15 30
31 3
31 7
32 19
15 33
27 29
20 33
34 8
14 35
29 28
25 8
12 29
35 36
27 36
26 5
30 29
32 35
35 17
19 36
4 35
31 19
12 30
37 0
30 16
16 23
8 17
29 10
36 8
32 36
38 4
15 2
15 36
33 10
35 11
9 10
2 33
24 10
12 2
16 10
1 18
2 18
21 39
14 17
2 40
32 18
26 41
9 1
27 17
32 12
25 42
30 27
12 8
9 42
33 27
1 38
2 31
4 18
30 11
20 10
43 2
21 44
43 16
25 39
14 5
45 2
9 6
9 35
15 35
20 11
26 46
19 17
20 15
47 16
26 6
22 23
42 8
2 48
26 32
1 32
26 19
18 17
45 30
2 49
50 1
25 49
2 22
2 11
1 46
14 18
12 18
26 4
9 29
26 2
2 35
26 17
9 30
9 32
1 51
43 48
26 30
50 27
42 17
11 18
19 11
35 30
5 29
26 42
2 30
2 42
26 36
25 24
35 19
20 23
33 29
42 23
38 12
47 52
31 41
14 34
14 12
30 10
25 53
54 39
32 17
31 30
26 12
1 55
56 6
14 32
1 26
2 41
49 10
16 33
12 27
40 48
12 42
24 27
43 23
15 18
49 29
15 28
10 28
50 14
9 11
50 8
9 17
0 39
8 57
32 8
14 55
30 36
24 39
26 10
26 27
42 10
49 8
14 9
11 57
15 29
1 39
25 11
19 29
36 10
2 28
35 6
50 9
19 27
2 8
4 17
30 8
1 58
32 30
25 41
36 17
7 41
59 2
2 19
56 7
32 11
9 18
35 42
9 55
4 36
60 8
9 4
20 19
30 19
41 18
47 2
9 20
20 27
42 19
2 60
50 4
32 34
9 28
27 18
43 15
29 11
52 40
1 61
12 35
26 35
25 57
25 2
2 17
1 12
32 4
27 10
49 11
42 18
9 26
30 41
38 35
20 30
2 23
15 32
18 10
42 27
49 27
26 29
12 17
12 36
54 41
25 35
