#qgen
31
7
67
70
52
25
13
18
90
49
1
37
47
5
3
53
66
9
58
65
127
76
37
99
23
15
115
89
42
60
47
4
128
0 1
2 0
3 1
2 4
5 3
3 4
3 6
3 7
8 0
9 7
10 0
11 7
12 7
8 4
9 13
13 14
12 15
2 8
5 14
13 16
17 3
8 3
12 6
18 16
11 17
9 6
7 1
12 16
19 0
5 16
18 13
2 13
20 6
20 4
19 15
3 19
21 15
5 15
12 11
22 17
2 23
13 24
12 25
26 19
23 0
8 19
18 27
24 25
12 23
22 3
17 28
22 21
8 14
29 4
21 19
2 22
14 30
29 25
19 25
23 15
5 19
12 20
21 28
22 15
22 20
29 15
22 24
14 23
7 0
12 9
10 18
4 30
4 15
29 3
16 1
5 24
21 13
22 29
18 4
5 23
19 1
26 0
12 3
11 16
5 7
14 0
14 24
26 24
29 0
9 18
17 14
8 5
2 3
20 11
18 0
9 0
6 14
29 24
16 14
13 6
9 21
14 4
12 22
16 24
8 24
20 14
16 0
2 7
29 11
12 5
26 7
15 28
6 30
13 27
7 4
12 13
29 14
26 23
11 14
18 15
8 27
6 4
20 0
12 29
20 27
24 0
12 26
3 23
