#qgen
61
7
5
76
37
108
60
70
90
3
53
23
65
25
83
15
66
42
49
9
51
47
89
99
52
114
99
43
1
31
76
68
13
67
27
25
74
52
115
4
58
127
101
53
18
6
47
113
43
6
60
99
36
3
117
68
114
36
23
85
117
73
256
1 0
2 0
1 3
4 2
5 3
6 2
3 7
3 8
9 0
8 10
11 0
9 12
13 8
4 14
11 15
16 14
17 14
2 18
6 7
19 15
4 13
20 3
21 7
22 20
13 23
24 8
1 25
21 16
1 26
26 6
27 18
3 11
9 25
28 5
29 21
4 24
21 25
7 25
16 15
23 30
3 14
17 31
27 16
25 32
1 19
11 21
33 22
34 30
20 16
4 20
35 22
28 34
11 36
24 5
26 37
2 10
19 34
35 38
27 39
22 38
7 36
17 40
41 31
39 21
31 38
22 31
35 34
28 20
1 42
43 15
36 15
5 39
44 5
4 15
2 20
45 7
20 36
34 36
6 10
20 7
2 7
46 0
4 47
24 16
7 37
1 29
21 38
41 39
7 0
43 14
22 21
8 36
3 23
19 17
48 0
17 0
29 8
39 49
22 40
10 36
45 14
13 6
20 17
24 27
40 12
28 21
47 0
3 12
35 17
22 7
22 11
22 23
11 8
19 21
19 6
26 18
21 32
38 50
22 16
22 36
23 12
51 6
43 0
41 17
45 31
1 13
35 18
4 21
45 0
8 32
16 25
38 14
17 39
24 3
7 16
1 33
40 30
8 52
4 45
12 52
18 40
23 18
3 40
39 37
6 12
16 10
21 15
42 37
9 34
2 40
19 36
27 32
10 53
20 52
38 10
6 45
24 22
3 0
11 40
23 40
20 8
41 54
6 11
53 34
26 2
14 37
40 38
41 55
27 36
29 2
11 23
18 10
24 29
37 15
27 8
45 43
51 38
33 31
43 34
7 15
41 53
24 15
1 34
45 8
45 3
24 13
16 53
44 32
14 30
41 40
17 38
28 31
38 36
27 34
23 53
56 0
8 43
33 20
0 37
2 53
26 51
11 31
24 14
42 14
39 52
28 30
13 39
33 53
21 37
43 9
26 3
26 19
34 37
6 43
41 51
1 22
26 23
29 14
45 37
5 34
31 12
14 36
57 0
24 10
8 40
27 25
33 11
20 18
11 12
28 11
23 38
4 43
29 53
5 45
41 21
26 58
34 0
13 3
20 34
23 25
39 15
35 27
24 9
11 30
1 5
8 14
13 53
26 31
28 53
21 10
59 54
7 34
35 43
60 0
45 20
5 19
