#qgen
60
98
25
117
97
29
55
50
33
107
52
60
18
10
99
97
12
119
44
28
13
10
9
26
39
42
97
39
114
62
92
88
105
65
97
128
128
22
100
109
5
75
33
66
17
67
74
128
117
44
101
68
121
109
58
19
65
126
8
111
4
256
1 0
1 2
3 2
2 4
5 4
2 6
2 7
5 8
1 9
2 10
2 11
5 12
5 13
14 12
2 15
2 16
5 17
18 6
17 7
12 19
17 20
1 21
2 22
12 23
2 24
25 11
25 26
15 27
17 28
12 29
2 5
17 30
2 31
2 20
9 32
2 33
19 7
31 13
31 22
9 34
35 26
36 27
37 30
15 7
27 38
2 39
18 9
5 22
14 37
30 38
40 33
12 16
32 41
41 42
43 42
44 36
45 17
46 42
17 27
47 7
23 15
26 39
40 47
45 19
46 33
9 29
26 48
2 40
32 38
13 38
14 18
23 30
41 7
11 16
38 47
3 1
35 12
37 5
5 49
37 50
51 1
2 52
9 6
40 36
2 50
5 44
53 27
38 21
5 39
5 45
35 53
25 34
37 54
37 29
5 40
26 38
53 55
37 44
46 30
32 56
27 8
5 11
12 48
17 16
17 47
39 7
17 31
40 38
19 15
28 38
31 28
41 16
33 41
50 41
9 19
45 35
2 49
46 53
45 12
9 53
5 47
5 48
40 48
2 42
40 53
2 13
26 43
48 39
55 41
14 57
25 35
5 16
20 38
54 49
25 40
2 38
14 6
3 9
49 40
25 46
45 36
25 56
2 30
23 41
19 41
12 30
46 13
26 42
26 11
37 32
47 41
17 48
44 53
35 46
18 54
37 57
39 41
5 26
46 29
35 41
44 22
12 33
46 57
12 4
12 50
23 40
37 6
33 19
30 47
2 44
5 53
26 19
53 30
9 47
4 16
9 28
25 38
19 34
40 50
46 43
58 9
36 41
48 15
17 8
25 30
45 46
2 43
17 40
4 38
46 36
53 11
44 30
5 23
9 25
46 40
19 29
40 39
2 17
2 59
25 36
12 7
9 27
5 30
46 48
18 45
12 38
27 7
3 54
48 38
2 45
2 34
5 46
43 57
18 37
17 15
20 40
26 16
19 48
2 27
26 29
46 12
14 16
37 12
46 19
52 27
9 23
2 57
23 38
17 13
4 15
54 6
26 50
15 41
30 13
44 23
57 42
30 41
44 35
2 32
26 23
53 41
14 3
33 38
52 38
37 26
7 42
53 15
3 6
31 38
17 43
45 33
2 55
40 41
14 2
44 25
20 46
