#qgen
61
4
58
58
115
82
46
118
108
100
61
13
53
114
62
83
119
68
60
96
93
100
95
68
89
87
86
100
26
2
14
85
100
29
24
123
84
125
89
51
67
50
96
109
88
66
93
28
67
34
59
107
19
55
115
22
7
84
51
113
23
70
256
0 1
2 0
3 0
0 4
1 5
6 4
5 7
8 6
1 9
9 10
0 11
12 6
3 13
3 14
13 1
1 15
12 16
1 17
6 11
14 18
1 19
4 20
12 7
13 12
21 15
22 7
23 1
9 24
17 10
0 25
2 18
15 26
17 7
23 12
20 27
23 28
29 10
13 30
31 16
21 32
33 11
21 24
10 34
35 27
1 34
21 26
1 6
34 27
36 27
13 24
21 37
0 38
39 27
2 40
23 34
23 41
17 42
43 40
3 44
1 37
0 14
32 11
34 45
13 9
0 13
33 20
46 4
36 13
33 5
45 40
7 20
39 24
24 26
32 24
34 20
36 40
14 30
26 40
31 47
12 33
33 7
15 20
13 34
2 6
25 26
4 34
48 40
39 9
3 49
1 50
51 14
3 52
48 15
10 45
39 16
53 16
0 52
33 49
1 21
13 6
26 54
35 9
0 30
55 13
1 7
23 35
12 10
21 25
13 48
3 40
1 8
28 40
27 47
23 15
46 45
14 52
39 31
39 56
39 40
48 57
0 16
12 35
2 36
22 17
46 34
50 25
1 26
36 52
15 27
6 9
1 56
19 7
20 45
1 41
33 37
53 24
35 47
2 14
46 10
22 6
9 45
13 20
0 57
1 58
0 26
59 57
58 20
58 34
39 47
23 14
32 40
46 39
51 45
60 46
13 41
56 24
23 50
24 20
20 16
6 24
39 54
23 38
15 34
13 47
36 44
8 41
39 5
23 21
14 13
36 18
53 45
38 40
1 35
60 59
55 54
1 49
53 50
41 16
51 41
36 35
1 10
23 32
23 40
36 0
21 35
4 45
33 54
9 52
36 49
48 10
18 30
46 24
1 32
36 3
6 7
0 28
14 45
13 60
21 43
51 0
1 53
18 28
41 44
51 5
50 16
50 40
8 20
15 54
13 27
7 34
12 11
48 20
0 47
3 38
33 24
23 49
10 24
14 40
1 39
23 6
53 47
27 26
0 45
1 59
46 49
35 6
1 20
13 26
48 27
33 43
15 24
39 45
11 26
13 33
1 29
23 0
15 10
12 20
21 44
47 43
49 27
1 48
17 19
34 59
10 7
8 10
13 59
23 52
51 39
17 31
0 18
59 37
36 8
0 43
0 12
8 24
