#qgen
40
70
49
4
118
125
101
24
25
4
59
95
82
31
118
108
101
88
7
98
37
100
76
73
103
74
54
93
65
62
27
23
69
108
118
67
19
120
107
112
119
128
0 1
0 2
1 3
0 4
0 5
0 6
0 7
1 8
0 3
0 9
4 10
0 11
11 6
0 12
0 13
8 14
1 15
6 16
17 6
11 18
0 19
17 20
21 14
22 6
19 3
0 10
0 14
2 10
6 20
23 19
8 24
7 6
6 10
3 15
18 16
17 18
25 16
0 25
26 6
0 23
0 24
0 27
8 28
29 18
0 30
19 15
12 11
11 16
0 31
0 8
0 16
29 10
25 26
30 19
26 18
6 31
0 26
0 21
26 12
8 19
29 22
0 18
26 16
12 6
11 20
26 14
0 20
2 16
28 15
12 20
17 11
17 26
26 11
21 24
14 24
16 31
22 10
0 15
0 22
18 31
1 19
18 6
1 23
26 2
7 11
0 28
17 16
17 7
0 29
17 12
0 17
26 20
16 20
16 32
31 32
16 33
32 15
32 34
34 35
32 35
35 13
31 35
16 34
35 20
16 35
36 35
29 36
36 20
16 36
18 36
18 37
18 38
37 6
37 20
26 37
12 37
38 6
12 38
38 16
38 31
37 16
11 37
22 38
38 10
37 35
37 39
39 20
11 39
