#qgen
34
4
58
67
100
114
125
50
66
51
7
89
86
95
22
62
19
115
51
70
88
87
2
85
83
96
68
93
55
82
58
53
103
108
27
128
0 1
0 2
0 3
0 4
5 0
5 6
5 7
8 6
9 0
10 8
0 11
10 6
12 3
3 13
14 1
15 0
10 16
0 17
14 4
12 18
0 19
20 3
5 21
9 14
14 22
5 14
1 3
10 5
23 6
0 21
10 1
12 11
5 16
23 7
16 14
16 21
24 6
19 7
12 19
15 23
21 6
23 14
5 8
23 25
0 13
17 13
0 26
23 27
23 24
19 6
23 11
0 28
24 21
16 0
10 27
12 20
12 7
28 26
1 12
0 8
0 23
5 23
29 21
4 30
0 14
9 30
2 8
29 6
2 19
24 31
11 3
15 13
10 18
14 18
27 8
24 22
29 5
14 20
16 23
4 26
14 2
26 6
5 24
0 7
10 21
10 0
29 23
4 20
0 6
0 30
13 6
29 0
10 7
4 25
16 7
16 8
0 31
23 21
0 22
14 3
15 26
10 4
0 20
16 6
1 18
10 12
5 27
16 27
5 13
2 27
0 25
23 26
23 22
9 13
0 24
10 23
29 24
0 27
3 6
30 3
15 7
15 32
32 5
32 17
15 33
33 27
32 8
32 33
