#qgen
32
30
68
66
106
40
30
114
69
105
33
42
119
125
29
62
79
28
29
111
47
45
14
33
102
38
118
5
81
40
26
35
22
128
0 1
0 2
0 3
0 4
0 5
0 6
0 7
8 6
1 6
9 3
3 10
11 2
12 1
8 13
8 1
11 14
0 15
0 16
17 11
18 5
8 19
17 14
2 6
5 16
0 10
4 12
20 13
17 21
0 20
17 5
0 18
3 19
12 22
13 5
8 14
23 14
8 5
17 13
13 19
24 11
3 13
0 9
0 19
21 6
25 22
3 6
4 19
22 1
3 5
0 26
20 10
17 27
21 22
17 28
24 3
29 25
21 1
0 28
29 17
3 21
13 6
27 24
24 6
4 1
5 14
0 25
26 24
15 29
17 22
12 19
30 6
0 24
15 24
23 6
9 21
15 13
24 13
20 19
17 26
24 31
29 30
29 5
15 18
22 19
27 2
0 22
17 18
5 28
0 12
13 14
26 8
14 6
15 8
0 21
29 8
27 26
0 17
27 6
29 13
29 18
17 1
2 23
29 26
26 18
8 24
20 6
8 18
4 3
11 5
20 5
13 2
5 22
17 24
25 30
27 3
0 13
26 31
1 19
26 5
29 24
15 26
29 31
5 6
23 5
0 30
29 27
4 25
0 29
