#query
32
S
T
I
Y
T
A
A
S
K
A
R
N
Y
N
L
S
Q
G
P
A
I
D
N
K
Y
R
Y
K
P
D
E
H
128
1 0
2 0
3 1
3 4
1 5
6 3
1 7
8 0
3 9
7 10
11 7
1 12
9 13
14 9
3 15
5 0
14 16
7 8
17 10
18 13
19 6
6 20
16 21
7 4
10 13
22 0
8 23
17 7
24 9
10 21
6 7
25 20
26 24
10 23
9 27
5 8
18 7
21 23
11 2
18 27
19 25
12 5
4 13
6 17
6 16
8 28
16 2
13 29
15 1
29 22
7 23
11 16
9 21
25 30
19 10
19 24
1 10
25 2
19 12
9 5
3 13
31 3
29 21
5 23
6 14
20 14
2 21
2 28
8 27
11 1
8 29
3 29
16 5
19 3
14 24
31 12
7 22
31 5
15 9
14 2
30 9
29 0
20 11
3 27
16 4
27 21
19 2
0 28
17 16
24 16
11 15
21 28
3 10
11 17
9 2
16 1
30 24
13 21
24 2
16 10
22 23
13 8
5 13
19 1
12 4
31 8
1 21
6 11
15 7
13 23
24 3
26 2
24 18
6 10
15 27
31 4
10 28
12 27
5 22
11 3
25 3
19 18
31 22
3 12
9 4
13 22
25 15
17 28
