#query
61
M
I
L
S
A
I
V
P
V
V
K
V
K
I
T
L
Y
L
E
P
S
D
Q
I
K
F
S
V
T
F
F
G
N
Q
T
K
K
G
P
D
D
N
G
K
V
V
D
Y
A
A
A
V
K
K
D
Y
S
T
L
D
R
128
1 0
2 1
1 3
2 4
2 5
3 6
5 0
2 7
1 8
4 9
10 0
11 4
11 5
12 8
1 13
5 14
12 15
16 1
16 6
14 17
18 4
10 19
12 20
21 4
1 20
22 14
19 23
10 24
23 25
15 5
26 25
7 13
15 9
27 14
2 28
29 15
16 30
31 5
2 21
2 14
3 13
32 15
8 33
2 13
34 18
4 25
9 35
36 34
37 9
38 19
39 19
16 27
7 21
31 14
40 8
41 21
42 1
40 20
43 9
31 13
44 4
22 40
45 27
33 0
3 22
30 17
10 23
46 18
29 23
47 29
1 18
10 48
46 44
43 35
37 4
10 38
49 9
6 5
44 50
30 14
16 5
51 35
36 3
52 19
22 21
40 50
32 13
52 0
28 0
2 15
12 47
40 5
14 41
44 53
49 19
47 24
47 44
34 37
48 29
3 21
54 51
28 35
38 24
50 27
1 27
47 8
32 14
29 55
1 32
42 34
55 24
40 29
31 32
33 23
45 25
52 25
47 38
56 12
45 28
6 23
57 15
58 19
51 43
59 53
20 4
49 15
11 45
60 13
