#qgen
58
1
1
1
1
1
1
1
1
1
1
1
1
1
1
1
1
1
1
1
1
1
1
1
1
1
1
1
1
1
1
1
1
1
1
1
1
1
1
1
1
1
1
1
1
1
1
1
1
1
1
1
1
1
1
1
1
1
1
128
0 1
2 1
3 1
4 1
3 5
6 1
1 7
8 2
2 9
8 10
11 8
12 6
1 13
9 14
15 3
16 1
2 17
18 8
19 8
3 20
21 13
1 22
1 23
24 19
25 10
26 22
10 24
27 9
8 28
9 21
8 1
8 3
29 2
24 10
26 30
1 29
27 31
1 32
27 13
8 13
19 21
9 10
0 26
21 33
3 10
8 24
34 32
27 11
34 1
13 21
34 35
36 27
37 17
1 2
38 26
8 15
37 39
36 8
37 40
13 8
1 38
41 1
34 23
3 31
20 31
18 34
4 31
18 26
42 22
43 41
44 1
21 11
10 45
15 1
8 43
27 24
44 11
8 37
8 36
15 34
1 42
42 7
13 31
31 20
8 11
46 8
13 1
8 14
47 34
1 25
30 26
35 48
49 2
14 37
2 15
39 50
20 3
10 14
48 15
1 51
10 34
24 52
39 14
1 45
34 53
1 35
27 34
54 8
8 55
33 2
1 11
12 8
14 56
18 57
53 1
55 48
38 1
3 34
8 54
1 15
14 5
2 14
39 37
11 24
26 38
54 1
55 9
1 9
