#qgen
100
1
1
1
1
1
1
1
1
1
1
1
1
1
1
1
1
1
1
1
1
1
1
1
1
1
1
1
1
1
1
1
1
1
1
1
1
1
1
1
1
1
1
1
1
1
1
1
1
1
1
1
1
1
1
1
1
1
1
1
1
1
1
1
1
1
1
1
1
1
1
1
1
1
1
1
1
1
1
1
1
1
1
1
1
1
1
1
1
1
1
1
1
1
1
1
1
1
1
1
1
256
0 1
1 2
3 1
1 4
5 1
1 6
7 4
8 7
1 9
10 7
1 0
11 10
1 12
13 1
14 4
10 15
8 16
15 17
4 18
17 19
20 10
21 6
22 8
15 23
24 1
25 1
7 10
17 15
26 4
27 1
11 28
1 29
30 1
31 7
1 32
33 16
15 34
35 34
36 16
17 37
20 38
39 17
40 17
41 31
42 33
43 41
31 19
44 10
45 34
40 46
16 8
34 11
7 47
48 31
1 49
10 17
38 50
45 10
51 48
52 1
17 50
50 19
53 2
23 35
43 54
7 55
8 56
50 17
36 6
38 51
57 1
42 54
15 48
37 28
31 38
43 7
23 38
10 41
23 58
35 15
59 7
44 60
51 38
41 15
31 35
44 61
40 34
34 17
8 62
34 51
63 23
55 34
9 44
35 54
34 10
35 7
64 50
28 37
34 43
65 1
31 16
38 54
66 60
43 44
16 36
59 31
67 1
1 68
69 58
54 34
41 17
7 40
54 28
10 59
21 49
8 70
7 38
10 38
37 38
16 71
1 72
11 34
4 73
10 31
74 1
69 18
19 48
75 70
76 1
77 7
78 1
34 19
79 71
1 80
23 15
17 41
55 35
18 66
28 17
34 50
7 35
60 75
43 51
41 54
45 7
40 15
1 25
39 15
39 34
54 38
62 42
56 34
6 1
63 81
75 69
7 41
16 33
18 69
82 4
19 38
34 48
8 83
1 84
70 33
44 9
27 15
1 85
79 70
47 56
37 19
45 31
86 79
17 39
17 40
46 40
55 31
42 58
41 43
77 87
43 17
28 19
42 79
64 1
31 43
51 35
79 1
61 38
88 1
58 20
71 58
31 89
7 90
91 1
31 44
48 92
54 15
75 87
62 58
45 11
44 45
37 15
70 89
71 42
51 43
15 40
23 34
16 42
4 60
35 10
44 15
31 54
51 45
7 39
48 35
54 16
54 75
75 41
7 50
93 71
10 37
1 3
35 23
19 50
94 4
2 95
10 48
38 20
96 1
7 45
54 69
60 54
23 63
54 43
34 55
11 45
4 7
7 28
38 59
9 61
19 61
97 1
51 61
10 43
98 8
99 21
43 35
66 1
10 19
51 54
1 97
35 28
89 58
31 71
1 96
1 57
36 94
