#qgen
63
1
1
1
1
1
1
1
1
1
1
1
1
1
1
1
1
1
1
1
1
1
1
1
1
1
1
1
1
1
1
1
1
1
1
1
1
1
1
1
1
1
1
1
1
1
1
1
1
1
1
1
1
1
1
1
1
1
1
1
1
1
1
1
128
0 1
1 2
3 1
1 4
5 1
1 6
2 7
8 1
1 9
10 1
1 0
11 9
1 12
1 3
13 1
14 2
15 1
7 2
1 10
16 8
17 1
1 18
19 1
20 1
1 21
1 22
1 23
24 1
1 25
1 15
26 1
1 19
1 27
2 1
1 28
29 1
30 1
27 31
32 1
33 1
2 34
31 1
35 1
36 8
37 9
33 38
23 1
9 1
9 37
39 20
1 40
28 1
1 30
8 41
1 38
1 42
20 39
4 1
43 42
1 44
22 1
45 1
1 46
47 1
38 33
1 35
1 29
48 1
1 26
49 11
1 50
49 20
12 1
51 1
52 1
1 53
54 1
1 51
55 1
50 1
1 31
53 33
16 36
38 1
56 1
33 53
8 16
36 1
1 45
8 36
18 1
8 47
1 47
47 8
1 52
1 57
39 49
53 1
34 2
1 58
41 1
11 49
59 53
20 49
39 1
60 1
1 61
1 59
42 43
2 14
61 1
1 36
57 1
1 60
6 1
1 33
1 16
1 55
11 39
58 1
1 62
62 1
1 11
1 56
1 39
27 1
25 1
1 13
