#qgen
113
1
1
1
1
1
1
1
1
1
1
1
1
1
1
1
1
1
1
1
1
1
1
1
1
1
1
1
1
1
1
1
1
1
1
1
1
1
1
1
1
1
1
1
1
1
1
1
1
1
1
1
1
1
1
1
1
1
1
1
1
1
1
1
1
1
1
1
1
1
1
1
1
1
1
1
1
1
1
1
1
1
1
1
1
1
1
1
1
1
1
1
1
1
1
1
1
1
1
1
1
1
1
1
1
1
1
1
1
1
1
1
1
1
256
1 0
1 2
3 1
4 1
5 1
6 1
7 1
1 8
1 6
1 9
1 10
11 1
12 1
1 13
1 14
1 15
3 16
1 17
16 18
19 1
20 1
21 1
1 22
23 1
24 1
16 22
25 24
1 26
1 27
1 28
29 1
1 30
22 1
1 31
1 32
1 33
16 32
32 34
35 1
25 36
1 25
21 37
34 22
26 38
39 34
1 40
41 32
25 42
1 19
43 25
1 35
44 1
17 1
45 11
34 45
34 46
13 1
47 32
1 48
49 1
1 50
24 37
25 51
24 45
32 52
53 38
54 38
33 1
36 55
56 1
57 1
1 37
1 58
52 47
37 51
1 59
60 51
25 32
38 33
1 45
39 3
1 20
11 34
32 25
17 51
61 1
47 17
54 51
1 62
63 25
47 1
27 1
64 1
1 65
41 66
1 61
1 55
67 34
18 22
68 39
69 1
36 41
70 51
43 1
33 38
34 68
26 1
32 51
37 7
1 71
34 37
63 55
1 38
72 1
25 68
55 34
45 24
40 1
45 32
41 36
66 55
1 66
1 73
10 1
74 1
70 75
62 1
59 1
76 34
72 77
1 78
1 79
37 80
1 81
82 1
37 22
47 51
37 76
83 1
84 1
85 78
1 52
86 1
87 1
42 1
81 76
88 85
89 76
90 1
91 32
55 36
1 92
66 41
51 43
71 4
1 51
80 37
51 38
93 1
24 52
37 68
5 39
34 24
51 24
41 12
94 87
1 82
28 1
76 37
12 61
42 32
37 95
24 22
1 96
87 94
67 61
87 97
78 85
52 60
1 68
35 25
51 25
98 1
81 12
12 67
34 39
22 18
94 1
90 22
47 60
89 51
25 1
50 1
34 11
76 81
46 34
11 45
1 99
1 100
51 1
25 37
89 47
1 101
1 102
53 51
1 103
1 83
51 70
97 94
90 104
1 105
42 25
25 61
53 1
1 106
1 107
1 98
51 33
6 108
32 41
24 51
9 1
1 21
47 52
51 37
1 23
42 24
108 1
1 85
34 62
17 45
68 34
41 24
22 34
84 109
11 66
24 25
1 108
75 1
24 75
1 97
110 1
111 1
32 91
34 63
3 22
51 42
51 54
1 112
73 1
17 34
34 32
24 34
32 22
18 19
39 1
