#qgen
56
1
1
1
1
1
1
1
1
1
1
1
1
1
1
1
1
1
1
1
1
1
1
1
1
1
1
1
1
1
1
1
1
1
1
1
1
1
1
1
1
1
1
1
1
1
1
1
1
1
1
1
1
1
1
1
1
128
0 1
2 1
0 3
4 0
5 2
6 1
7 0
2 8
1 9
1 10
11 4
0 12
8 12
1 13
1 14
5 8
5 15
15 0
16 1
1 17
18 1
19 0
18 12
5 20
0 15
15 1
0 21
0 22
4 11
22 0
23 11
22 23
24 11
23 25
1 26
9 27
28 5
29 1
30 1
24 23
9 5
31 27
0 32
14 1
1 33
1 34
23 24
12 35
36 1
13 1
0 37
8 38
4 1
24 39
1 40
4 8
12 1
1 12
31 4
23 37
28 1
20 1
41 12
1 29
1 42
0 41
35 12
12 13
24 1
1 43
23 9
17 44
1 24
11 9
1 36
11 1
45 23
46 0
1 30
1 4
4 27
1 28
23 45
12 47
1 27
48 0
1 49
6 5
39 1
38 8
12 4
11 27
46 24
27 1
50 15
1 20
51 1
18 10
39 24
6 10
23 52
10 8
8 4
0 53
49 1
24 7
5 54
8 1
11 24
7 12
20 5
23 0
31 12
4 5
29 23
27 31
8 5
55 0
5 12
44 17
31 11
24 31
6 16
10 24
1 2
27 4
23 29
5 4
