#qgen
55
1
1
1
1
1
1
1
1
1
1
1
1
1
1
1
1
1
1
1
1
1
1
1
1
1
1
1
1
1
1
1
1
1
1
1
1
1
1
1
1
1
1
1
1
1
1
1
1
1
1
1
1
1
1
1
128
0 1
2 0
3 2
3 4
0 5
6 3
7 2
3 8
8 9
10 8
2 4
11 8
12 9
3 13
14 3
15 3
16 3
17 13
4 12
2 12
14 6
8 16
18 12
19 12
20 3
21 18
22 4
12 23
14 12
8 24
25 12
3 26
27 14
12 18
12 28
28 17
29 3
30 12
13 3
2 15
12 17
4 10
31 25
14 10
12 4
28 3
14 27
12 32
3 33
34 3
17 12
12 13
35 12
12 36
37 6
38 37
12 39
28 19
12 40
41 4
19 4
42 8
11 42
3 43
3 21
3 38
44 0
28 4
37 45
37 3
6 42
12 46
10 19
42 4
3 31
43 26
11 10
38 47
12 48
27 12
3 14
4 49
26 3
22 40
40 33
50 12
22 51
52 10
47 9
24 8
26 41
22 48
32 51
6 8
49 40
51 53
19 10
45 42
4 47
8 27
52 3
33 12
43 48
38 12
40 54
3 48
38 11
14 8
0 54
28 2
2 7
3 15
11 4
4 45
54 37
43 3
45 37
14 28
42 14
12 6
3 9
12 19
23 3
53 51
40 32
3 27
48 51
8 10
