#qgen
108
1
1
1
1
1
1
1
1
1
1
1
1
1
1
1
1
1
1
1
1
1
1
1
1
1
1
1
1
1
1
1
1
1
1
1
1
1
1
1
1
1
1
1
1
1
1
1
1
1
1
1
1
1
1
1
1
1
1
1
1
1
1
1
1
1
1
1
1
1
1
1
1
1
1
1
1
1
1
1
1
1
1
1
1
1
1
1
1
1
1
1
1
1
1
1
1
1
1
1
1
1
1
1
1
1
1
1
1
256
0 1
2 0
3 2
3 4
0 5
6 3
3 7
8 3
9 7
10 7
3 11
8 12
13 9
3 14
15 3
4 16
4 17
16 18
6 19
3 20
21 6
7 22
23 17
24 17
6 25
25 26
7 19
27 14
21 25
28 7
29 23
4 6
30 24
31 18
32 16
27 33
4 34
27 35
36 4
3 37
28 23
38 6
36 39
19 40
19 9
41 5
32 42
26 43
4 44
5 45
46 28
24 25
47 27
25 40
14 41
48 47
24 40
49 34
50 26
9 51
52 7
53 15
20 54
8 4
4 27
55 4
2 56
43 7
57 46
48 6
12 15
58 25
54 20
55 7
4 8
43 58
55 21
59 51
24 28
60 27
60 3
61 7
62 6
38 55
63 47
29 30
38 48
35 21
20 34
17 28
42 59
38 64
47 65
13 66
59 65
67 66
40 23
68 64
29 8
63 16
6 69
33 38
66 67
68 33
63 70
4 3
25 43
24 18
71 0
3 15
3 72
4 73
13 74
68 7
75 57
7 24
59 70
76 34
36 59
49 15
44 4
27 28
6 77
78 73
79 57
4 80
75 81
17 16
3 81
8 29
81 43
7 82
70 64
47 39
67 57
83 54
54 57
18 25
84 7
85 54
23 43
40 12
83 67
46 53
29 86
55 61
83 87
24 26
27 66
59 36
55 63
34 88
7 89
0 46
34 90
17 4
4 91
54 33
26 58
6 42
63 92
9 13
25 17
51 47
1 93
33 7
34 37
89 54
40 34
64 70
44 34
81 3
63 6
32 55
66 57
86 43
59 21
94 57
13 7
75 86
87 28
73 3
33 83
95 49
30 3
64 7
87 67
70 6
57 87
28 21
15 49
40 58
38 42
70 39
27 72
59 38
87 83
6 96
88 27
34 72
3 50
7 85
55 39
54 7
51 70
42 32
2 80
7 28
46 23
95 7
97 6
3 29
15 95
51 59
67 54
22 98
3 78
65 42
34 99
100 65
69 6
81 91
34 78
101 65
38 39
6 62
67 33
37 44
74 13
6 102
15 53
34 15
17 35
37 3
33 67
35 6
103 35
89 33
20 57
5 41
70 63
85 33
6 97
7 83
20 94
104 93
72 34
26 23
59 42
34 9
105 15
71 93
106 7
91 107
55 65
79 87
