#qgen
56
1
1
1
1
1
1
1
1
1
1
1
1
1
1
1
1
1
1
1
1
1
1
1
1
1
1
1
1
1
1
1
1
1
1
1
1
1
1
1
1
1
1
1
1
1
1
1
1
1
1
1
1
1
1
1
1
128
1 0
2 0
2 3
3 4
3 5
2 4
5 6
2 7
8 2
9 8
8 10
3 6
10 11
12 8
13 2
8 14
2 15
16 10
17 1
18 2
13 19
13 20
14 21
2 22
23 7
5 24
24 13
22 7
13 25
26 2
8 27
11 28
29 8
30 12
9 31
1 32
25 33
8 16
10 4
9 34
4 31
35 28
36 18
29 2
20 14
29 25
15 24
18 37
14 12
18 38
23 39
12 7
9 21
27 13
40 8
21 18
21 36
41 29
27 28
13 7
36 42
42 43
20 44
8 38
23 14
45 30
8 40
25 9
12 2
12 11
19 46
8 41
8 13
40 2
9 16
34 24
47 30
43 26
14 8
9 38
43 9
42 33
13 35
18 20
11 46
43 21
47 45
36 34
45 13
30 27
2 16
12 48
49 27
22 23
19 49
8 30
16 14
25 43
33 14
25 18
45 43
47 38
38 24
8 39
45 47
41 36
32 50
44 30
23 51
2 47
2 52
34 53
44 37
23 13
12 36
8 36
54 50
12 34
55 2
42 13
16 2
9 4
40 27
31 43
55 26
12 9
0 2
7 30
