#query
32
T
L
R
F
H
A
K
D
M
P
M
L
L
F
A
D
L
H
R
N
G
E
D
T
I
T
T
V
M
L
L
K
128
0 1
2 1
3 2
4 2
0 5
6 2
3 7
8 7
5 2
9 0
10 1
11 0
12 4
6 13
13 4
3 9
8 0
14 5
8 15
16 2
4 17
6 18
0 4
11 18
11 6
0 19
16 19
2 7
15 18
20 0
16 12
11 21
16 1
16 13
13 22
23 7
9 13
19 22
24 21
14 12
18 25
21 19
12 26
20 9
11 7
21 5
2 15
24 1
3 14
20 5
26 15
18 7
4 19
27 25
22 27
5 19
7 25
11 15
4 28
27 7
6 5
23 29
27 1
12 19
0 26
12 1
20 6
19 17
8 22
8 16
23 3
13 28
24 6
30 13
31 30
24 9
11 9
3 26
22 25
21 1
0 28
29 14
10 23
24 16
26 2
26 7
3 29
6 0
27 2
12 17
24 20
9 18
24 0
30 16
12 27
31 16
1 25
26 25
30 26
5 12
21 12
0 12
4 26
14 16
3 18
0 27
0 2
23 30
6 4
6 21
21 0
14 21
29 12
9 15
19 28
2 25
29 20
13 19
3 24
21 13
30 25
30 22
4 22
13 26
9 1
6 15
0 17
0 22
