#query
59
Q
T
H
G
E
Y
R
A
L
S
A
C
R
S
M
Q
C
S
E
K
G
D
L
W
V
L
G
R
L
V
L
R
V
G
L
T
E
I
I
H
D
S
T
L
D
Q
L
L
F
L
S
I
Q
A
T
T
P
T
D
128
0 1
2 1
2 3
4 0
5 3
0 6
7 4
0 8
9 7
1 10
11 9
9 12
7 13
3 14
15 4
16 10
17 10
0 18
19 14
1 18
20 0
21 7
22 21
22 23
17 24
12 25
0 26
0 27
2 28
29 12
18 28
12 30
11 16
31 18
32 10
6 25
8 23
33 29
10 23
11 18
14 34
4 35
33 16
17 36
37 25
24 19
38 3
27 39
38 25
5 40
16 41
26 14
22 0
31 25
33 12
7 0
22 16
9 13
7 15
27 40
25 35
21 42
43 11
5 44
22 12
27 38
38 28
38 35
31 45
46 34
2 14
47 34
12 48
19 49
50 39
51 48
27 2
22 9
22 32
27 31
5 52
33 48
5 46
10 44
24 18
25 23
5 14
9 51
17 53
54 34
31 23
14 55
56 53
5 28
28 41
1 32
11 32
32 23
5 17
34 57
21 30
26 6
47 51
52 58
47 57
32 25
43 29
37 23
12 0
17 54
54 53
44 34
20 4
54 3
38 57
8 45
47 55
3 34
14 1
12 15
9 20
54 18
6 27
41 44
3 1
54 55
8 16
11 33
