#qgen
58
1117
12
1339
78
1062
424
1606
1789
1713
742
1313
2039
282
929
1831
213
937
1424
1272
773
864
772
405
1989
18
1596
714
496
1854
464
832
1568
327
96
348
341
651
1147
275
1063
35
1515
1924
1937
987
27
792
1670
1996
1133
935
1151
1940
593
1680
1089
3
1115
64
0 1
1 2
1 3
4 1
1 0
5 0
6 1
1 7
8 0
9 8
9 10
6 11
7 12
10 13
14 1
9 15
0 8
8 16
1 17
18 9
8 19
18 20
21 10
22 9
7 23
24 11
3 5
25 7
5 26
27 23
20 28
29 12
30 11
11 6
31 8
26 32
33 9
34 26
2 1
35 10
22 36
29 37
38 22
31 39
22 40
29 41
42 10
23 43
5 1
11 44
7 45
12 29
10 46
31 47
39 48
49 20
11 50
51 46
52 31
22 53
54 50
55 21
56 53
57 20
