#qgen
239
1117
12
1339
78
1062
424
1606
1789
1713
742
1313
2039
282
929
1831
213
937
1424
1272
773
864
772
405
1989
18
1596
714
496
1854
464
832
1568
327
96
348
341
651
1147
275
1063
35
1515
1924
1937
987
27
792
1670
1996
1133
935
1151
1940
593
1680
1089
3
1115
351
806
104
533
308
1199
620
1539
1407
16
1277
1128
1931
668
1236
987
1263
272
909
606
188
2012
393
1461
735
1241
1403
804
2033
1057
899
975
1502
1955
818
1395
724
362
56
311
1862
1933
409
887
594
583
39
913
1418
1017
824
931
18
427
513
291
962
1869
328
1237
1808
1464
722
542
631
402
1454
803
1206
1411
2041
119
873
1688
474
1523
294
926
1176
1383
1837
1852
2040
1203
1612
352
469
2012
743
1648
221
594
1133
1737
982
210
75
1057
1305
1455
1206
257
1416
1887
152
760
43
1132
568
432
476
446
1319
1221
526
623
1507
347
202
1166
1789
982
1415
847
307
1422
699
1696
8
1359
677
1046
494
55
614
399
1983
681
888
575
1945
527
712
1933
870
515
163
22
1194
1485
310
1987
615
1093
129
1382
131
696
680
986
1397
162
661
880
1785
623
150
371
427
1078
1880
981
338
1365
1800
744
1261
1374
384
1971
1787
256
0 1
1 2
1 3
4 1
1 0
5 0
6 1
1 7
8 0
9 8
9 10
6 11
7 12
10 13
14 1
9 15
0 8
8 16
1 17
18 9
8 19
18 20
21 10
22 9
7 23
24 11
3 5
25 7
5 26
27 23
20 28
29 12
30 11
11 6
31 8
26 32
33 9
34 26
2 1
35 10
22 36
29 37
38 22
31 39
22 40
29 41
42 10
23 43
5 1
11 44
7 45
12 29
10 46
31 47
39 48
49 20
11 50
51 46
52 31
22 53
54 50
55 21
56 53
57 20
29 58
59 9
8 60
61 50
62 55
63 9
9 33
64 32
65 58
51 66
23 67
68 36
69 29
70 50
71 7
36 72
73 69
74 10
58 75
76 18
69 77
78 53
55 79
65 11
80 50
81 24
52 82
37 83
84 55
50 85
67 86
87 9
88 58
89 75
90 77
53 91
84 92
93 89
94 1
95 79
96 69
40 97
98 40
10 99
97 100
101 52
69 102
103 100
104 72
50 105
23 106
107 55
108 103
100 109
77 110
111 67
46 10
20 112
101 113
93 114
115 80
116 77
101 117
118 39
119 53
120 94
121 100
122 46
123 89
124 101
125 20
51 126
20 57
127 76
65 128
44 14
129 115
130 119
131 8
76 132
133 50
40 134
135 117
45 136
8 137
138 77
107 139
140 22
100 141
142 97
143 117
144 40
32 26
145 100
146 78
112 87
147 55
148 39
149 115
137 150
145 151
152 130
153 31
9 154
61 155
100 156
29 157
158 39
90 159
39 160
110 161
162 119
163 77
100 164
165 154
81 166
155 167
117 168
169 100
101 170
53 171
77 172
129 173
174 77
175 167
39 158
176 145
177 56
178 76
179 107
180 29
181 61
84 182
183 67
184 72
126 185
147 179
186 99
187 155
60 188
117 189
190 100
182 191
182 192
193 177
194 170
195 80
167 196
114 197
198 167
199 92
200 147
201 52
27 202
203 26
45 204
68 205
184 206
100 108
207 119
101 208
112 209
210 167
167 211
212 156
213 28
107 214
119 215
115 216
77 217
218 167
22 219
154 220
156 221
1 94
140 222
136 223
224 94
111 225
36 226
55 227
228 182
229 188
100 230
231 200
216 232
119 233
234 44
235 191
204 236
160 237
238 77
