#qgen
119
1117
12
1339
78
1062
424
1606
1789
1713
742
1313
2039
282
929
1831
213
937
1424
1272
773
864
772
405
1989
18
1596
714
496
1854
464
832
1568
327
96
348
341
651
1147
275
1063
35
1515
1924
1937
987
27
792
1670
1996
1133
935
1151
1940
593
1680
1089
3
1115
351
806
104
533
308
1199
620
1539
1407
16
1277
1128
1931
668
1236
987
1263
272
909
606
188
2012
393
1461
735
1241
1403
804
2033
1057
899
975
1502
1955
818
1395
724
362
56
311
1862
1933
409
887
594
583
39
913
1418
1017
824
931
18
427
513
291
962
1869
328
1237
1808
128
0 1
1 2
1 3
4 1
1 0
5 0
6 1
1 7
8 0
9 8
9 10
6 11
7 12
10 13
14 1
9 15
0 8
8 16
1 17
18 9
8 19
18 20
21 10
22 9
7 23
24 11
3 5
25 7
5 26
27 23
20 28
29 12
30 11
11 6
31 8
26 32
33 9
34 26
2 1
35 10
22 36
29 37
38 22
31 39
22 40
29 41
42 10
23 43
5 1
11 44
7 45
12 29
10 46
31 47
39 48
49 20
11 50
51 46
52 31
22 53
54 50
55 21
56 53
57 20
29 58
59 9
8 60
61 50
62 55
63 9
9 33
64 32
65 58
51 66
23 67
68 36
69 29
70 50
71 7
36 72
73 69
74 10
58 75
76 18
69 77
78 53
55 79
65 11
80 50
81 24
52 82
37 83
84 55
50 85
67 86
87 9
88 58
89 75
90 77
53 91
84 92
93 89
94 1
95 79
96 69
40 97
98 40
10 99
97 100
101 52
69 102
103 100
104 72
50 105
23 106
107 55
108 103
100 109
77 110
111 67
46 10
20 112
101 113
93 114
115 80
116 77
101 117
118 39
