#qgen
62
406
644
605
1781
510
788
1518
664
341
211
1924
1608
1547
486
250
414
1906
286
713
1726
28
622
1939
1528
925
884
770
1162
847
1550
1654
1491
6
1046
842
668
1101
924
987
2017
175
1324
1633
461
576
1763
985
1893
465
617
1255
1828
865
1258
165
896
1710
902
1326
1252
980
506
64
1 0
2 0
3 0
4 3
5 3
6 0
7 3
3 7
3 8
9 3
6 10
11 7
9 12
13 3
8 14
9 15
6 16
3 17
6 18
13 19
14 20
16 21
22 20
23 6
17 24
25 20
26 8
12 9
27 24
28 18
8 29
30 26
31 17
30 32
17 33
33 34
35 33
36 30
3 37
8 38
39 6
24 40
41 33
42 40
43 33
44 26
45 33
46 45
47 29
43 48
40 49
3 50
51 30
52 40
24 53
7 54
55 32
40 56
57 30
58 29
59 12
60 42
15 61
41 60
