#qgen
117
406
644
605
1781
510
788
1518
664
341
211
1924
1608
1547
486
250
414
1906
286
713
1726
28
622
1939
1528
925
884
770
1162
847
1550
1654
1491
6
1046
842
668
1101
924
987
2017
175
1324
1633
461
576
1763
985
1893
465
617
1255
1828
865
1258
165
896
1710
902
1326
1252
980
506
1820
2020
638
607
523
1929
1520
568
378
1072
957
1267
1420
525
471
1598
658
1034
1649
521
1949
523
1734
656
1095
430
1250
1248
772
109
1794
388
1831
148
818
1069
1938
546
1593
146
1773
680
1993
1846
976
1150
941
1601
1488
1241
1774
1099
363
1606
647
128
1 0
2 0
3 0
4 3
5 3
6 0
7 3
3 7
3 8
9 3
6 10
11 7
9 12
13 3
8 14
9 15
6 16
3 17
6 18
13 19
14 20
16 21
22 20
23 6
17 24
25 20
26 8
12 9
27 24
28 18
8 29
30 26
31 17
30 32
17 33
33 34
35 33
36 30
3 37
8 38
39 6
24 40
41 33
42 40
43 33
44 26
45 33
46 45
47 29
43 48
40 49
3 50
51 30
52 40
24 53
7 54
55 32
40 56
57 30
58 29
59 12
60 42
15 61
41 60
40 62
63 40
40 64
65 35
27 63
66 40
43 67
33 68
69 64
33 70
29 45
44 71
72 46
73 59
45 74
6 75
76 43
77 26
6 78
72 79
62 80
81 30
82 79
83 24
63 84
40 85
86 43
87 72
88 82
89 52
43 90
43 91
92 19
93 79
94 82
42 95
40 96
43 97
68 98
33 99
77 100
98 101
102 90
67 43
103 79
104 49
45 65
40 60
70 89
49 105
32 106
107 46
83 108
109 31
110 68
90 56
63 65
20 25
111 43
112 53
85 113
89 114
100 115
116 97
