#qgen
225
1225
1680
1253
916
300
251
1964
129
2003
1951
128
1855
1684
391
346
2009
531
163
518
546
11
1840
288
674
558
1040
114
1683
1251
552
202
1337
1501
1504
1561
1189
729
453
1098
953
2044
610
246
392
1080
191
1495
1490
424
25
248
655
850
1389
361
1975
1729
114
1515
928
239
1264
815
1507
783
501
617
1464
246
159
135
749
1315
884
1861
1380
327
1118
1114
557
1819
848
1574
615
328
1456
547
603
1453
883
1847
241
587
1320
163
1919
1440
1016
1691
103
1044
735
1528
864
717
1926
70
1851
1906
1529
883
1138
1643
467
1511
1262
10
766
288
1694
1878
1416
544
1084
463
1068
52
635
352
782
97
1309
755
158
1982
185
1213
1599
448
777
1851
1706
1785
1631
1115
1368
1123
1499
1963
1623
166
1414
1263
898
1384
981
1989
1944
12
737
130
1795
1553
83
1832
1035
1687
1869
1808
107
1560
1950
62
1652
477
1624
1063
340
991
258
1109
1457
1868
685
679
279
1095
2014
1619
1340
417
594
884
1889
1392
1102
1796
776
1367
1786
456
1654
695
335
762
430
1061
886
1319
1879
494
1917
14
1615
1228
1771
655
1710
873
524
184
1374
1078
927
691
256
1 0
1 2
2 3
1 4
3 2
0 1
3 5
5 6
7 5
5 8
5 9
8 10
11 8
12 5
11 13
14 13
13 15
16 13
16 17
18 11
13 19
13 20
13 21
22 13
23 16
5 24
25 14
26 21
20 27
20 28
29 12
5 30
31 26
32 20
33 8
11 18
34 19
13 35
20 36
37 16
27 38
39 28
40 36
21 41
42 36
22 43
16 44
42 20
13 45
13 46
32 47
34 48
49 27
47 50
51 11
13 52
53 50
54 34
55 53
50 38
56 18
57 13
58 40
13 59
60 50
61 48
16 62
34 63
64 61
65 47
66 52
67 38
68 20
69 49
65 70
71 11
11 72
16 73
36 74
75 18
27 74
70 76
63 77
78 58
67 79
66 80
81 64
66 82
83 34
84 63
47 85
86 53
75 87
88 18
63 89
90 63
91 78
73 92
13 93
73 94
95 48
73 96
35 97
98 64
47 99
100 27
68 101
49 87
38 102
103 15
63 104
61 66
11 105
39 106
34 107
108 92
109 20
110 108
69 111
55 112
113 78
16 108
8 114
66 115
116 34
75 117
118 35
119 17
59 120
40 121
108 122
123 109
124 16
34 125
70 126
63 90
82 52
127 38
112 128
87 129
130 50
64 131
38 87
53 132
108 133
64 134
135 36
136 128
104 63
121 137
138 59
34 139
140 135
141 60
104 142
143 34
15 144
145 140
86 47
146 74
147 47
148 34
66 149
141 58
150 59
151 11
152 128
113 153
154 49
155 113
68 156
100 157
40 158
159 109
5 160
161 13
45 34
42 153
162 158
101 163
22 164
165 63
129 166
167 13
130 168
169 82
42 170
171 138
172 79
173 80
174 63
131 175
113 176
137 177
32 178
13 167
142 179
180 172
137 181
182 23
183 127
47 137
184 131
170 185
186 170
187 133
188 178
54 22
189 178
190 177
191 132
192 16
193 63
194 92
190 27
195 32
164 12
63 196
197 182
96 198
153 199
200 63
201 55
93 201
34 201
73 202
100 203
204 182
115 66
205 60
13 206
15 207
158 100
208 142
209 196
210 80
211 94
185 212
213 102
86 190
178 188
52 214
100 215
48 216
147 217
122 218
66 219
153 220
221 201
63 222
58 141
223 152
203 128
109 215
52 224
178 152
