#qgen
232
1836
146
1474
659
1712
1302
539
977
722
248
692
116
773
1078
527
188
13
1189
2038
467
210
1383
1032
85
611
2046
285
215
255
1949
1585
1743
1789
500
1567
277
147
375
521
1664
1501
703
1537
1197
487
1409
430
1434
1609
624
551
533
1160
700
1311
97
1100
1917
1977
1735
647
1514
1778
1719
1270
68
1264
2036
1884
1998
1349
1688
538
327
1870
1469
1449
1416
381
806
1279
1549
747
1093
2028
1095
1994
921
2009
1242
1775
740
1383
1555
978
1664
897
1009
676
1791
402
1064
1367
403
1365
247
709
496
1618
1926
30
1183
1831
1465
2002
37
96
374
1267
998
1967
1342
389
661
833
288
721
1537
967
907
309
1128
1886
1239
49
1391
1054
615
1915
401
1285
278
163
397
30
1721
630
183
1816
147
128
1811
1849
895
776
1393
1128
1682
1760
3
501
368
641
516
1630
1281
917
52
850
1829
1668
1563
742
1624
1208
1196
1631
1337
775
1343
2038
844
586
1303
1250
1523
806
865
1314
1615
671
1213
1789
70
779
668
909
728
607
558
922
765
695
717
383
552
1626
1807
1520
1361
1117
1734
1421
776
1498
161
1356
1578
784
445
557
1357
970
1100
832
1403
157
254
1118
1771
308
1375
256
0 1
1 2
1 3
1 0
4 3
4 5
6 4
7 5
6 8
9 4
6 10
5 11
10 12
13 4
14 13
1 15
16 5
15 17
4 18
19 5
6 20
15 21
22 18
23 5
24 17
25 19
26 18
17 27
4 28
29 26
30 5
25 31
13 32
18 33
34 24
12 35
36 26
6 37
38 32
24 39
24 40
28 41
41 42
20 43
44 38
43 45
46 21
13 47
48 42
49 24
24 50
51 10
52 49
13 53
54 19
55 34
56 49
57 53
6 58
52 59
45 60
61 16
39 62
1 63
40 64
24 65
66 17
67 24
31 68
9 69
61 70
66 71
52 72
73 62
28 74
75 44
76 62
61 77
61 78
55 79
19 80
17 81
66 82
83 18
27 67
12 84
66 85
17 86
5 87
88 72
4 89
90 72
90 91
92 61
75 93
94 61
90 95
93 96
88 97
39 85
6 98
76 99
71 34
100 76
101 64
70 102
37 103
43 104
45 105
7 106
107 10
108 65
24 108
90 109
81 92
50 110
98 111
55 112
66 113
114 103
115 37
67 116
117 82
118 37
119 26
120 62
104 121
122 19
61 92
123 93
124 62
66 125
126 71
127 99
37 128
96 20
129 61
130 75
131 70
132 112
133 82
134 77
62 135
112 136
60 137
138 26
139 34
140 45
92 141
115 142
143 38
144 132
145 52
146 138
147 34
123 81
148 71
19 149
150 99
139 151
152 132
153 26
71 154
71 155
156 147
112 157
89 158
65 85
125 40
159 13
160 38
161 132
99 108
162 102
132 99
4 163
129 164
165 134
151 52
166 73
102 167
168 91
169 65
170 161
85 171
172 98
84 173
174 162
154 117
28 175
176 148
95 177
52 178
55 179
180 173
181 40
182 176
92 183
108 147
184 40
185 101
144 186
14 187
188 34
189 81
124 125
190 34
191 43
192 92
90 168
193 123
24 125
194 5
4 195
17 196
197 98
114 198
199 107
200 89
201 49
132 202
203 66
152 204
205 193
124 206
147 203
38 207
121 208
54 144
209 148
160 210
211 164
114 212
174 213
209 214
208 215
106 125
72 34
216 41
1 217
218 127
173 219
26 220
132 221
176 222
38 223
224 34
225 88
226 147
128 227
139 228
125 82
209 229
177 95
76 230
231 121
