#qgen
123
1836
146
1474
659
1712
1302
539
977
722
248
692
116
773
1078
527
188
13
1189
2038
467
210
1383
1032
85
611
2046
285
215
255
1949
1585
1743
1789
500
1567
277
147
375
521
1664
1501
703
1537
1197
487
1409
430
1434
1609
624
551
533
1160
700
1311
97
1100
1917
1977
1735
647
1514
1778
1719
1270
68
1264
2036
1884
1998
1349
1688
538
327
1870
1469
1449
1416
381
806
1279
1549
747
1093
2028
1095
1994
921
2009
1242
1775
740
1383
1555
978
1664
897
1009
676
1791
402
1064
1367
403
1365
247
709
496
1618
1926
30
1183
1831
1465
2002
37
96
374
1267
998
1967
1342
389
128
0 1
1 2
1 3
1 0
4 3
4 5
6 4
7 5
6 8
9 4
6 10
5 11
10 12
13 4
14 13
1 15
16 5
15 17
4 18
19 5
6 20
15 21
22 18
23 5
24 17
25 19
26 18
17 27
4 28
29 26
30 5
25 31
13 32
18 33
34 24
12 35
36 26
6 37
38 32
24 39
24 40
28 41
41 42
20 43
44 38
43 45
46 21
13 47
48 42
49 24
24 50
51 10
52 49
13 53
54 19
55 34
56 49
57 53
6 58
52 59
45 60
61 16
39 62
1 63
40 64
24 65
66 17
67 24
31 68
9 69
61 70
66 71
52 72
73 62
28 74
75 44
76 62
61 77
61 78
55 79
19 80
17 81
66 82
83 18
27 67
12 84
66 85
17 86
5 87
88 72
4 89
90 72
90 91
92 61
75 93
94 61
90 95
93 96
88 97
39 85
6 98
76 99
71 34
100 76
101 64
70 102
37 103
43 104
45 105
7 106
107 10
108 65
24 108
90 109
81 92
50 110
98 111
55 112
66 113
114 103
115 37
67 116
117 82
118 37
119 26
120 62
104 121
122 19
