#qgen
64
1836
146
1474
659
1712
1302
539
977
722
248
692
116
773
1078
527
188
13
1189
2038
467
210
1383
1032
85
611
2046
285
215
255
1949
1585
1743
1789
500
1567
277
147
375
521
1664
1501
703
1537
1197
487
1409
430
1434
1609
624
551
533
1160
700
1311
97
1100
1917
1977
1735
647
1514
1778
1719
64
0 1
1 2
1 3
1 0
4 3
4 5
6 4
7 5
6 8
9 4
6 10
5 11
10 12
13 4
14 13
1 15
16 5
15 17
4 18
19 5
6 20
15 21
22 18
23 5
24 17
25 19
26 18
17 27
4 28
29 26
30 5
25 31
13 32
18 33
34 24
12 35
36 26
6 37
38 32
24 39
24 40
28 41
41 42
20 43
44 38
43 45
46 21
13 47
48 42
49 24
24 50
51 10
52 49
13 53
54 19
55 34
56 49
57 53
6 58
52 59
45 60
61 16
39 62
1 63
