#qgen
249
1597
1500
1960
454
306
1171
58
362
321
1863
706
1742
1813
1380
386
99
74
1389
1170
678
1563
435
1105
1552
18
662
721
417
1116
1238
1832
655
648
1216
1973
959
1899
1549
112
1516
1781
792
943
1246
1791
76
1374
1429
196
1531
1520
106
1064
698
1658
910
1778
1367
1599
375
486
1665
353
735
323
1735
178
1033
351
1977
1852
1792
1909
1416
1097
1573
17
1152
1920
36
1469
925
635
876
996
939
487
1223
250
599
365
1442
279
153
783
923
1255
1299
443
805
790
1030
886
91
1982
398
820
355
511
1576
817
217
197
1295
1521
1846
376
801
1886
1957
937
1035
1283
558
1585
281
1335
745
485
1179
108
1798
1704
148
43
1477
667
706
1298
1444
1240
976
1596
378
1871
474
1149
1989
1007
672
407
1257
1334
1287
876
1191
1349
538
1112
675
1241
1454
709
1631
1190
1207
162
1490
227
1163
1142
1540
1348
843
1841
1819
1870
1784
1006
636
1462
423
1173
1324
331
2001
1256
1444
1895
841
55
91
1883
346
241
379
63
1446
1926
578
1927
307
900
91
1776
1848
680
1953
842
66
1523
1192
1569
424
744
1833
690
1213
1159
1954
1170
560
964
2045
158
1010
1179
245
428
1410
334
2013
1133
1593
1985
88
886
534
390
1202
1764
1242
1922
297
550
118
240
1139
137
256
0 1
0 2
3 2
4 2
2 5
6 5
4 7
8 7
0 9
7 10
11 0
8 12
13 12
12 14
11 15
16 9
17 12
18 12
19 13
15 20
12 21
21 22
23 12
24 7
20 25
20 26
27 6
20 28
20 29
20 30
20 31
32 20
20 33
34 16
20 35
36 35
37 16
38 4
39 22
20 40
20 41
36 42
12 43
20 44
45 20
46 20
36 47
20 48
20 49
22 50
14 51
37 52
21 53
54 38
55 51
12 56
57 20
58 4
48 59
12 60
24 61
20 62
55 63
64 12
65 58
20 66
67 12
20 68
69 20
4 70
59 71
64 72
66 73
12 74
75 20
29 76
58 77
78 12
79 0
80 12
81 72
20 82
83 7
84 38
85 12
7 86
87 66
58 88
11 89
58 90
91 76
92 59
93 11
64 94
95 82
0 96
12 97
12 98
99 21
100 56
101 12
20 102
103 46
12 104
105 24
97 106
107 64
108 12
109 12
110 70
111 36
12 112
113 2
114 46
73 115
20 116
58 117
42 118
119 108
120 73
121 12
96 122
123 22
20 124
59 125
126 20
20 127
128 82
38 129
130 74
131 20
132 69
113 133
106 134
135 82
136 20
137 97
138 21
52 139
140 119
125 141
115 142
143 142
144 133
36 65
145 89
20 146
119 147
12 148
12 149
72 150
151 20
124 152
153 119
60 154
155 41
11 156
99 157
158 155
159 60
22 160
22 161
155 162
163 12
164 10
165 96
55 166
130 167
168 147
130 169
115 170
142 171
172 104
118 173
174 133
175 166
56 176
165 177
147 178
179 73
180 4
47 181
115 182
149 183
20 184
185 12
186 20
187 20
188 132
189 20
109 190
182 191
192 72
103 193
194 12
195 82
54 20
82 196
197 37
12 198
34 199
200 183
171 201
202 165
203 119
124 204
205 165
206 4
119 207
134 208
209 87
210 119
147 0
20 211
96 212
20 163
28 213
214 134
174 59
215 204
216 173
204 217
211 218
219 46
220 106
12 221
222 155
223 147
224 107
2 225
226 165
165 227
220 228
147 229
143 230
231 138
72 81
105 232
144 233
222 234
235 20
16 236
237 127
21 238
239 38
240 12
64 241
97 242
243 171
147 244
89 145
134 245
125 246
81 107
247 206
248 12
