#qgen
65
1597
1500
1960
454
306
1171
58
362
321
1863
706
1742
1813
1380
386
99
74
1389
1170
678
1563
435
1105
1552
18
662
721
417
1116
1238
1832
655
648
1216
1973
959
1899
1549
112
1516
1781
792
943
1246
1791
76
1374
1429
196
1531
1520
106
1064
698
1658
910
1778
1367
1599
375
486
1665
353
735
323
64
0 1
0 2
3 2
4 2
2 5
6 5
4 7
8 7
0 9
7 10
11 0
8 12
13 12
12 14
11 15
16 9
17 12
18 12
19 13
15 20
12 21
21 22
23 12
24 7
20 25
20 26
27 6
20 28
20 29
20 30
20 31
32 20
20 33
34 16
20 35
36 35
37 16
38 4
39 22
20 40
20 41
36 42
12 43
20 44
45 20
46 20
36 47
20 48
20 49
22 50
14 51
37 52
21 53
54 38
55 51
12 56
57 20
58 4
48 59
12 60
24 61
20 62
55 63
64 12
