#qgen
62
1833
1820
636
381
29
1184
1079
1665
200
688
450
1050
449
832
1401
1221
527
178
850
1784
651
864
356
1068
1928
265
1737
1117
516
374
233
1695
617
378
988
720
384
870
157
1036
192
1890
346
1293
1742
1803
1521
708
1066
288
114
1829
1156
1430
971
1811
1360
839
938
1144
1679
538
64
0 1
0 2
2 3
2 4
5 2
2 6
7 2
2 8
9 2
2 10
2 11
12 1
13 2
2 14
15 10
7 16
17 12
2 18
19 11
20 1
20 21
22 2
2 23
2 24
25 14
2 26
27 11
28 24
29 24
30 2
31 27
2 32
15 33
1 34
11 35
36 2
37 2
38 36
27 39
40 36
41 17
2 42
40 43
41 44
45 15
46 36
36 46
47 2
48 46
49 19
50 6
51 46
52 39
24 53
2 54
17 41
27 55
27 56
57 2
58 18
59 44
2 60
27 57
61 11
