#qgen
114
850
1843
560
709
2019
1830
313
263
1340
550
1615
1654
726
674
1676
767
706
939
485
983
925
898
232
1137
1411
1394
269
915
504
1131
1225
21
746
549
1603
1355
661
1417
627
2045
286
1435
39
1372
1909
1125
1717
1922
293
957
1661
1045
132
935
720
510
2019
753
1648
800
288
1349
179
981
2016
768
1180
1681
877
1614
1149
1827
1757
85
148
793
1953
1207
1578
314
133
971
45
1372
379
968
1943
132
720
1460
519
112
56
876
631
991
1946
581
791
149
240
1396
1752
652
1128
184
720
1575
1423
1019
726
568
710
1495
128
0 1
2 1
3 1
4 2
1 5
6 4
7 5
2 8
9 2
5 10
11 5
5 12
2 13
2 14
15 3
14 16
2 17
18 5
5 7
10 19
5 20
21 10
22 12
21 23
1 24
22 25
5 26
27 14
21 28
14 29
30 25
31 15
32 14
33 11
1 34
30 19
35 30
33 36
37 25
6 38
39 21
40 11
41 30
28 42
24 43
40 44
25 45
32 46
21 47
40 48
10 36
49 32
50 22
40 51
25 52
24 53
33 45
33 43
41 54
9 55
56 46
57 37
58 33
22 59
60 50
36 61
62 40
45 63
50 30
25 64
56 65
66 45
37 67
37 68
69 23
59 69
70 29
43 71
33 72
73 40
74 33
75 37
76 9
60 45
24 77
37 78
79 77
80 50
73 81
82 55
63 83
63 84
85 33
30 39
86 5
87 28
88 63
89 56
31 3
44 22
87 90
91 83
92 82
40 66
37 93
21 33
33 94
61 95
96 67
60 97
98 31
73 23
25 44
37 99
100 79
101 38
102 73
80 103
104 20
66 105
53 106
102 107
46 108
107 109
110 30
54 111
112 29
113 5
