#qgen
65
1623
1363
519
1444
259
410
1945
1297
1662
228
429
1188
1922
1892
18
1588
885
297
1091
736
1597
856
303
682
688
814
1960
1863
396
251
914
19
1062
170
1102
344
501
85
1145
1542
25
453
80
204
403
1212
1249
1691
1181
1249
1566
1305
813
1239
1778
547
1335
110
1144
1350
2005
750
695
410
512
64
1 0
1 2
0 3
0 4
5 3
3 6
7 6
8 3
4 9
10 4
4 11
11 12
11 13
14 3
15 11
5 16
17 11
14 18
19 11
5 20
16 21
22 19
15 23
24 14
23 25
26 4
27 11
14 28
6 29
30 3
23 31
32 26
33 20
29 34
35 29
36 5
4 37
38 30
16 39
19 40
41 9
35 42
11 43
0 44
3 45
45 46
11 47
32 48
35 49
48 50
49 51
52 31
48 53
54 44
19 55
56 48
57 54
54 58
29 59
11 60
3 61
62 11
62 63
64 47
