#qgen
128
1623
1363
519
1444
259
410
1945
1297
1662
228
429
1188
1922
1892
18
1588
885
297
1091
736
1597
856
303
682
688
814
1960
1863
396
251
914
19
1062
170
1102
344
501
85
1145
1542
25
453
80
204
403
1212
1249
1691
1181
1249
1566
1305
813
1239
1778
547
1335
110
1144
1350
2005
750
695
410
512
1825
1881
509
1752
1110
1417
1386
680
1912
882
584
582
1167
292
1870
1043
817
1067
1770
1807
82
274
251
370
1946
1708
1722
1095
1486
1747
978
631
2031
1417
500
198
1483
1600
713
1564
711
236
877
1826
739
906
1516
1148
1340
27
1253
18
1493
288
172
1898
32
651
665
1661
1048
17
1746
128
1 0
1 2
0 3
0 4
5 3
3 6
7 6
8 3
4 9
10 4
4 11
11 12
11 13
14 3
15 11
5 16
17 11
14 18
19 11
5 20
16 21
22 19
15 23
24 14
23 25
26 4
27 11
14 28
6 29
30 3
23 31
32 26
33 20
29 34
35 29
36 5
4 37
38 30
16 39
19 40
41 9
35 42
11 43
0 44
3 45
45 46
11 47
32 48
35 49
48 50
49 51
52 31
48 53
54 44
19 55
56 48
57 54
54 58
29 59
11 60
3 61
62 11
62 63
64 47
65 2
66 52
56 67
68 6
69 43
70 25
47 71
58 72
14 73
74 70
63 75
19 76
77 70
10 78
79 77
51 80
81 4
77 82
18 83
84 77
85 58
86 54
70 87
57 88
50 89
16 90
91 77
53 92
93 38
94 81
29 95
96 44
97 63
98 11
54 99
100 28
51 101
17 102
103 11
104 79
29 12
105 104
4 106
5 107
12 108
109 3
84 110
23 111
107 112
106 113
114 12
115 82
116 73
117 104
43 118
119 14
120 11
24 121
122 93
72 123
4 124
3 125
126 124
127 94
