#qgen
63
426
274
1189
19
366
1044
608
714
1072
875
736
1514
621
1371
1299
315
225
202
126
2032
2021
1299
809
1343
245
1944
56
188
2
1003
797
1808
1670
953
807
501
1778
2037
831
460
384
1209
1445
358
918
246
1160
847
223
1979
1419
1623
567
1009
1122
342
773
1085
87
1431
169
1432
562
64
0 1
2 1
3 1
3 4
5 2
1 6
7 1
7 8
6 9
5 10
7 11
12 4
13 1
6 14
8 7
7 15
16 1
17 7
18 16
19 2
20 2
1 21
19 22
23 9
24 4
25 5
15 26
7 27
28 4
1 29
26 30
31 1
1 32
16 33
34 1
35 25
22 36
15 37
20 38
7 39
40 38
6 41
42 26
36 2
43 32
44 25
45 42
2 46
47 20
48 42
49 20
43 50
51 48
52 7
20 53
54 7
31 55
1 56
32 57
49 58
59 1
26 60
1 61
4 62
