#qgen
243
1647
1960
1114
143
1890
1644
1338
1540
1049
1105
1497
124
1173
149
941
1204
1908
1669
1791
110
1798
803
2009
837
340
1778
1203
1761
1955
509
705
1009
1939
1599
466
1108
1650
1578
1462
884
838
1093
1259
1674
2038
1803
908
1137
855
404
597
1305
1191
955
1813
288
1615
1064
27
950
533
768
746
168
865
1954
260
1699
144
1419
1900
986
1641
850
1272
469
1942
282
912
459
1158
1432
1500
460
346
620
896
1971
1739
1170
243
573
636
962
966
1774
852
303
1542
174
271
456
825
1300
1302
2002
1294
1896
1687
613
1604
447
184
806
1699
2019
1728
1808
1736
527
581
891
1043
394
854
834
914
1864
567
1248
843
1261
188
1509
626
260
65
338
1955
136
544
860
797
1604
1968
575
563
788
1006
1385
939
1655
1488
1260
1007
1679
514
2035
212
1461
1047
477
1178
993
328
1243
612
1782
1812
645
1458
1439
2030
339
1148
895
398
887
616
1592
883
84
33
1282
644
1904
141
1639
552
1565
1823
1837
1723
1605
503
653
1441
737
1749
1278
784
1200
1502
1354
70
986
648
133
1021
134
1496
617
1689
1385
1240
202
1145
1771
1074
457
1767
1134
293
1044
1273
40
773
447
638
635
1593
376
1380
140
758
1459
1597
152
1246
619
1212
1198
1320
256
1 0
2 1
1 3
3 4
4 5
6 0
3 7
8 3
9 3
10 3
3 11
3 12
3 13
14 3
6 15
16 3
17 0
0 18
3 19
20 3
3 21
3 22
7 23
21 24
25 3
6 26
21 27
28 26
29 2
3 30
31 23
27 32
33 31
34 3
35 3
31 36
37 3
38 5
39 13
40 0
36 41
31 42
43 5
3 44
45 10
46 3
47 21
17 48
49 3
29 50
42 51
29 5
52 51
23 53
54 3
55 3
3 56
57 54
58 3
59 3
3 60
3 20
61 2
3 62
10 63
7 64
65 0
66 34
45 67
68 27
41 69
70 42
21 71
3 72
65 73
63 74
7 75
76 28
16 77
78 29
79 3
80 3
81 67
82 3
83 61
80 84
29 85
86 71
80 87
88 56
89 88
3 90
66 91
3 92
93 3
3 94
24 95
96 4
97 68
3 98
99 67
100 27
71 101
3 102
103 31
104 59
105 85
67 106
3 107
5 108
109 3
110 7
29 111
112 98
29 113
3 114
115 94
116 78
99 117
118 88
119 41
120 103
105 121
122 3
123 110
3 124
10 125
126 21
127 18
128 116
129 29
130 120
23 52
3 131
132 124
133 80
134 80
135 115
29 136
91 137
135 138
49 139
140 120
141 40
29 71
17 142
47 143
144 3
127 142
24 21
145 124
76 40
3 146
147 112
148 59
149 135
118 150
84 151
152 17
150 153
154 67
155 69
156 128
105 157
71 158
159 124
40 160
161 3
101 162
82 119
122 163
164 97
165 146
95 166
167 149
26 15
124 168
169 32
32 97
170 112
171 71
14 172
163 173
174 80
175 150
176 63
177 71
117 178
179 165
105 180
113 181
182 67
3 183
82 184
3 185
186 85
47 187
52 188
109 189
180 162
152 190
191 56
85 192
193 129
170 194
70 195
196 165
197 123
198 121
7 199
58 200
201 3
202 41
203 49
204 110
14 205
124 206
199 207
155 208
118 209
117 210
76 141
197 211
212 122
183 213
208 214
215 5
23 216
217 56
218 140
3 219
17 220
217 221
222 109
182 223
224 194
225 193
150 226
182 117
227 108
177 228
229 186
122 230
3 73
231 7
232 10
23 233
162 234
235 4
236 212
237 66
238 145
69 239
240 51
51 241
242 31
