#qgen
63
1647
1960
1114
143
1890
1644
1338
1540
1049
1105
1497
124
1173
149
941
1204
1908
1669
1791
110
1798
803
2009
837
340
1778
1203
1761
1955
509
705
1009
1939
1599
466
1108
1650
1578
1462
884
838
1093
1259
1674
2038
1803
908
1137
855
404
597
1305
1191
955
1813
288
1615
1064
27
950
533
768
746
64
1 0
2 1
1 3
3 4
4 5
6 0
3 7
8 3
9 3
10 3
3 11
3 12
3 13
14 3
6 15
16 3
17 0
0 18
3 19
20 3
3 21
3 22
7 23
21 24
25 3
6 26
21 27
28 26
29 2
3 30
31 23
27 32
33 31
34 3
35 3
31 36
37 3
38 5
39 13
40 0
36 41
31 42
43 5
3 44
45 10
46 3
47 21
17 48
49 3
29 50
42 51
29 5
52 51
23 53
54 3
55 3
3 56
57 54
58 3
59 3
3 60
3 20
61 2
3 62
