#qgen
127
1647
1960
1114
143
1890
1644
1338
1540
1049
1105
1497
124
1173
149
941
1204
1908
1669
1791
110
1798
803
2009
837
340
1778
1203
1761
1955
509
705
1009
1939
1599
466
1108
1650
1578
1462
884
838
1093
1259
1674
2038
1803
908
1137
855
404
597
1305
1191
955
1813
288
1615
1064
27
950
533
768
746
168
865
1954
260
1699
144
1419
1900
986
1641
850
1272
469
1942
282
912
459
1158
1432
1500
460
346
620
896
1971
1739
1170
243
573
636
962
966
1774
852
303
1542
174
271
456
825
1300
1302
2002
1294
1896
1687
613
1604
447
184
806
1699
2019
1728
1808
1736
527
581
891
1043
394
854
834
914
128
1 0
2 1
1 3
3 4
4 5
6 0
3 7
8 3
9 3
10 3
3 11
3 12
3 13
14 3
6 15
16 3
17 0
0 18
3 19
20 3
3 21
3 22
7 23
21 24
25 3
6 26
21 27
28 26
29 2
3 30
31 23
27 32
33 31
34 3
35 3
31 36
37 3
38 5
39 13
40 0
36 41
31 42
43 5
3 44
45 10
46 3
47 21
17 48
49 3
29 50
42 51
29 5
52 51
23 53
54 3
55 3
3 56
57 54
58 3
59 3
3 60
3 20
61 2
3 62
10 63
7 64
65 0
66 34
45 67
68 27
41 69
70 42
21 71
3 72
65 73
63 74
7 75
76 28
16 77
78 29
79 3
80 3
81 67
82 3
83 61
80 84
29 85
86 71
80 87
88 56
89 88
3 90
66 91
3 92
93 3
3 94
24 95
96 4
97 68
3 98
99 67
100 27
71 101
3 102
103 31
104 59
105 85
67 106
3 107
5 108
109 3
110 7
29 111
112 98
29 113
3 114
115 94
116 78
99 117
118 88
119 41
120 103
105 121
122 3
123 110
3 124
10 125
126 21
