#qgen
44
41
1
64
95
180
110
55
232
223
201
105
35
97
96
177
182
81
201
95
196
128
107
245
153
202
245
191
119
81
60
231
108
188
76
175
111
114
71
197
202
151
69
62
120
128
1 0
2 0
2 3
4 1
5 1
1 6
0 7
1 8
9 0
0 10
10 11
12 1
13 0
0 11
2 14
15 6
16 0
1 15
17 2
18 0
19 1
0 20
21 0
0 16
22 1
1 23
15 1
0 9
1 24
24 25
26 6
1 5
27 0
3 2
26 28
20 21
11 0
0 2
1 4
6 1
0 21
1 28
0 27
1 12
26 1
11 16
7 0
14 2
0 1
25 24
15 8
29 2
25 30
21 20
6 26
28 1
1 25
0 18
23 1
23 6
28 26
1 19
20 16
1 22
8 15
16 20
0 13
25 31
11 10
1 31
31 1
8 6
25 1
24 1
10 0
6 23
1 26
1 30
30 1
2 29
31 25
30 25
6 15
16 11
6 8
8 1
2 17
20 0
32 20
20 32
20 33
33 20
33 34
34 33
35 34
34 35
36 34
36 35
35 36
34 36
23 36
36 23
36 37
37 36
37 34
34 37
38 34
34 38
38 36
36 38
36 39
39 36
40 39
35 40
40 35
39 40
41 40
40 41
39 41
41 39
41 36
36 41
36 42
40 42
42 36
42 40
42 43
43 42
