#qgen
61
128
214
150
209
97
19
5
40
182
30
109
63
177
227
153
124
49
20
142
177
47
170
101
251
145
173
50
46
102
73
74
233
116
256
26
140
96
157
159
174
30
82
41
21
144
176
242
79
2
76
246
42
55
12
201
54
192
158
239
256
115
256
0 1
1 2
3 2
4 1
2 5
6 2
6 7
2 8
8 9
1 10
6 11
11 12
8 13
14 1
2 15
6 16
17 5
18 17
19 15
14 20
3 21
22 12
7 23
3 5
12 6
9 24
12 25
9 2
14 26
2 1
27 9
28 6
29 1
5 30
31 12
8 17
19 24
7 6
20 14
19 14
32 6
5 3
33 14
20 2
34 5
35 19
19 27
24 20
36 19
24 14
12 30
37 36
6 38
2 33
4 39
29 22
19 33
40 29
37 41
6 30
33 42
14 36
22 29
1 0
29 31
9 6
31 8
17 39
43 22
2 40
44 4
3 29
6 45
46 29
25 6
18 24
47 17
36 2
14 8
38 6
29 21
1 14
41 6
2 48
2 6
17 47
31 29
37 22
14 9
43 26
8 2
8 29
29 6
49 31
8 43
5 50
5 25
43 29
31 36
2 3
50 37
46 2
5 29
29 5
21 1
19 36
51 37
24 18
26 24
8 14
17 1
14 18
8 49
8 21
18 29
36 9
1 43
12 29
47 4
30 12
6 29
52 6
41 37
22 45
51 5
16 6
1 29
27 14
5 51
34 39
53 18
54 3
2 46
37 34
14 27
15 2
17 18
12 31
25 33
8 20
39 34
29 33
39 47
6 55
39 4
39 17
32 26
53 5
40 2
2 30
26 43
19 9
9 27
24 27
8 4
24 37
3 37
25 5
11 6
9 26
36 3
1 21
24 19
6 41
37 51
5 42
29 8
37 14
24 30
35 3
48 37
20 46
2 19
34 37
2 36
30 6
26 14
31 49
19 22
20 19
1 13
12 22
3 35
30 9
6 9
26 9
5 20
41 12
37 24
25 18
43 50
1 49
27 18
26 19
6 56
17 37
37 46
36 22
26 2
21 22
10 1
2 27
9 36
57 2
43 1
14 46
25 12
33 17
49 8
3 58
6 12
9 14
21 29
36 14
46 37
49 1
31 1
29 3
15 24
29 37
31 37
14 19
29 50
46 14
33 3
19 2
22 2
24 2
37 50
6 59
36 37
45 51
9 8
23 7
2 29
9 30
37 42
22 18
2 26
7 60
30 27
60 7
29 40
24 15
50 33
30 24
18 53
50 43
19 1
18 2
24 46
42 33
46 19
18 27
9 19
33 30
