#qgen
32
128
214
150
96
30
19
182
74
21
170
109
142
73
256
177
50
20
101
124
205
227
5
76
233
153
157
209
158
30
97
242
2
128
0 1
1 2
3 2
4 1
2 5
6 2
7 5
8 1
9 6
1 10
4 11
12 11
13 7
2 1
12 1
14 4
4 15
1 0
13 16
17 11
18 2
9 12
5 16
19 2
4 7
20 6
7 13
2 21
15 8
1 22
23 6
12 3
24 1
7 2
8 6
24 4
25 12
4 24
26 9
17 9
4 21
27 2
9 26
2 16
3 26
28 12
13 12
24 13
26 12
17 8
6 12
1 4
3 24
9 1
21 2
14 13
12 26
17 25
25 26
3 12
25 23
6 8
13 24
1 29
17 14
26 3
15 4
8 12
26 13
22 1
15 2
2 7
3 23
16 25
17 3
11 16
12 8
2 13
21 4
4 3
30 12
1 23
25 3
16 1
20 1
8 17
25 16
13 26
6 29
18 14
2 19
6 4
4 25
23 25
25 4
28 2
16 2
25 17
22 23
29 1
26 25
2 15
30 2
14 2
1 8
16 11
25 30
24 11
16 13
4 14
1 12
24 6
7 4
11 4
11 24
6 24
1 16
6 16
13 2
29 6
3 14
23 3
25 31
17 12
5 2
14 3
1 14
21 7
