#qgen
29
9
216
136
174
131
187
13
123
86
212
2
9
113
177
114
203
200
138
226
185
43
195
26
92
222
124
55
178
158
128
0 1
2 1
3 0
1 4
0 5
5 6
4 7
4 6
8 2
0 2
9 6
10 8
8 11
0 12
6 13
14 1
9 15
1 16
0 17
13 18
18 7
9 5
15 19
19 20
6 19
21 13
15 4
13 14
22 6
10 23
0 24
13 0
7 17
9 17
22 12
9 23
6 5
5 20
0 13
20 16
5 15
21 15
17 12
1 18
18 25
4 23
15 5
21 9
7 12
6 22
12 6
0 26
17 18
19 4
24 23
27 3
18 0
24 4
28 27
19 9
21 25
0 20
19 12
6 21
10 14
19 6
23 24
23 21
15 13
0 10
15 24
20 0
19 17
20 7
4 18
13 12
15 25
17 10
17 4
12 2
6 0
13 21
4 25
19 23
0 19
11 2
1 19
1 14
9 19
1 10
24 12
17 7
10 1
6 20
19 22
15 17
17 25
20 18
13 15
17 9
23 19
8 19
12 15
19 13
0 25
25 21
7 24
25 15
22 9
14 22
0 3
12 16
21 7
25 4
9 22
19 8
8 17
13 25
12 19
25 0
18 23
12 5
9 24
0 22
15 21
7 25
17 21
23 9
