#qgen
32
8
47
255
157
210
194
7
240
92
35
108
253
175
110
212
225
206
33
141
193
189
30
93
12
42
139
225
163
124
195
8
69
128
1 0
2 1
2 3
0 4
5 2
6 1
1 7
2 8
0 9
0 10
11 9
12 8
13 1
8 14
8 9
14 15
0 14
3 2
1 11
16 14
14 17
1 18
19 1
20 1
8 20
4 0
21 8
20 15
22 14
23 1
19 8
14 4
17 24
4 14
8 10
14 13
16 0
15 17
13 8
1 14
16 17
8 24
16 25
4 1
0 12
25 4
1 12
14 0
14 25
4 8
25 17
11 12
16 8
14 1
17 16
17 25
26 1
8 4
14 22
9 0
15 11
27 1
8 19
17 9
11 17
15 20
2 5
17 11
12 20
15 25
13 25
11 8
11 1
10 17
14 21
2 28
10 0
20 21
28 2
15 14
24 1
12 1
14 8
20 14
29 8
17 2
12 25
25 12
25 13
8 12
14 16
8 29
17 13
1 23
0 17
4 25
12 0
2 17
1 20
17 12
1 24
17 15
15 1
9 8
8 21
1 30
17 20
8 11
0 16
22 1
8 1
2 31
25 8
17 14
1 17
0 1
1 15
25 15
13 14
29 17
7 1
24 8
31 2
1 2
12 11
4 20
10 8
14 20
