#qgen
64
8
47
255
194
210
181
189
33
108
225
139
253
142
161
104
92
212
12
193
160
175
175
42
35
30
124
17
82
193
206
93
206
195
251
69
103
170
151
249
110
224
242
235
93
141
110
8
28
181
200
240
123
87
35
225
7
157
96
163
125
248
215
196
236
256
1 0
2 1
2 3
0 4
4 5
6 4
2 7
7 6
8 0
0 9
8 10
7 11
4 12
13 5
14 5
15 10
0 16
10 4
17 1
18 15
15 11
1 17
2 19
20 1
5 21
9 0
6 22
23 11
24 10
25 2
6 9
5 26
16 15
7 4
5 27
9 10
4 0
11 20
6 20
1 4
14 28
29 5
28 14
10 1
0 20
5 14
16 1
16 0
30 10
5 4
16 31
32 7
33 5
24 1
15 16
32 15
2 34
5 29
10 30
1 2
9 7
4 16
5 35
7 36
37 7
16 11
4 38
39 7
10 7
20 11
11 9
24 6
4 23
7 23
16 10
4 40
7 0
16 39
23 4
11 24
4 41
19 2
42 5
39 10
6 16
43 4
8 15
9 11
10 16
21 5
10 39
5 42
10 31
44 1
0 23
5 45
1 46
4 10
1 44
9 16
7 1
47 11
34 2
6 15
48 5
1 31
15 24
27 5
0 31
23 1
15 2
4 28
6 49
10 20
1 15
50 38
1 22
11 15
15 8
31 15
3 2
6 23
4 43
1 6
20 7
16 4
51 5
16 9
31 7
52 6
53 5
15 39
41 4
15 9
38 4
23 10
11 16
54 1
55 1
11 47
5 51
9 6
1 9
16 18
2 15
8 1
22 15
5 53
0 1
7 24
2 25
7 2
1 39
7 32
15 4
11 23
20 15
31 10
15 6
22 6
56 2
36 57
5 57
7 20
22 7
9 15
5 48
6 24
18 16
7 39
58 1
4 15
1 20
40 4
18 1
26 5
7 16
1 24
15 32
7 31
10 8
1 16
15 22
15 18
7 10
30 1
7 15
6 59
24 16
1 55
20 0
39 1
1 18
57 5
24 15
52 11
6 1
22 1
4 6
1 23
15 20
7 8
35 5
22 16
30 16
18 7
60 4
6 7
10 15
1 11
31 0
16 6
9 1
16 30
4 60
15 23
23 0
31 16
12 4
57 36
1 32
5 33
4 1
46 1
20 10
1 30
16 22
39 16
2 61
11 1
1 54
1 50
10 9
59 6
1 8
15 7
15 1
6 52
2 56
16 23
7 9
61 2
47 6
10 24
1 7
8 16
36 7
1 10
24 7
16 24
0 7
23 7
5 62
5 63
24 11
31 1
