#qgen
52
216
204
177
16
26
221
141
192
206
131
105
5
140
194
216
208
185
241
151
239
245
8
27
255
71
63
242
28
89
125
66
187
19
150
74
149
115
27
62
113
54
202
199
27
46
57
203
200
236
145
69
20
128
1 0
2 1
2 3
4 2
5 2
2 6
1 7
2 4
8 2
9 2
2 10
11 2
12 8
13 2
14 6
2 5
7 1
15 2
2 16
17 2
8 12
2 18
18 2
2 11
2 19
16 2
6 14
2 20
6 8
21 2
2 22
2 12
2 23
24 6
2 25
1 2
2 26
2 8
27 2
2 21
3 2
6 2
24 2
22 2
2 28
10 2
2 13
2 14
2 29
2 27
6 24
20 2
2 17
30 2
14 2
23 2
29 2
28 2
12 2
31 2
24 22
22 24
0 1
2 24
8 6
2 15
2 30
2 31
26 2
19 2
25 2
2 9
32 2
2 32
32 13
13 32
33 13
13 33
33 2
2 33
34 2
29 34
2 34
34 29
34 35
35 34
35 36
36 35
37 35
37 36
35 37
36 37
36 38
38 36
38 39
39 38
40 39
39 40
39 41
30 41
41 30
41 39
41 42
42 41
42 43
43 42
44 43
43 44
43 45
45 43
43 46
42 46
46 45
46 44
45 46
46 43
46 42
44 46
47 44
44 47
44 48
48 44
48 49
49 48
50 49
49 50
51 49
49 51
