#qgen
68
13
194
40
21
90
17
157
82
152
64
12
73
137
73
84
220
45
227
35
167
119
160
147
234
65
177
189
113
183
62
44
63
178
34
112
48
25
145
106
78
81
196
37
53
166
47
61
205
137
99
116
248
178
44
1
122
142
22
19
67
157
203
217
51
147
48
256
189
256
1 0
2 1
2 3
4 2
5 4
2 6
2 7
8 1
9 2
1 10
7 5
2 9
11 2
12 2
2 13
14 13
2 15
16 13
5 17
18 1
13 5
2 19
20 13
21 16
16 22
23 1
24 1
25 1
2 26
10 1
18 24
27 2
17 5
2 28
19 2
29 5
21 2
13 16
21 22
2 21
30 14
31 16
13 20
2 32
2 33
34 1
2 31
5 26
1 35
26 36
14 30
22 37
35 1
5 7
26 16
38 29
28 14
22 31
39 1
29 40
29 38
29 37
41 2
5 20
1 23
22 29
2 30
42 2
43 2
1 36
26 13
2 42
21 27
7 2
44 2
45 1
46 2
16 26
13 31
5 16
47 5
6 2
47 2
20 16
29 42
2 48
13 26
31 5
49 36
18 50
51 2
45 28
21 13
52 46
40 2
24 18
25 23
16 31
2 4
53 2
20 26
35 32
49 5
5 31
2 5
36 1
31 13
27 21
29 22
2 51
3 2
29 2
13 21
50 18
54 1
5 49
28 40
35 17
2 55
31 22
32 2
56 9
16 20
2 53
43 5
2 14
32 35
57 2
40 29
2 12
28 45
20 5
1 25
58 2
2 40
17 2
5 27
43 53
2 37
37 2
2 16
4 5
23 25
59 44
2 46
42 29
33 2
2 49
27 5
16 21
1 2
2 11
55 2
17 35
2 27
1 45
60 34
2 58
5 13
26 31
14 2
30 2
16 2
59 2
0 1
22 21
37 29
5 43
20 22
1 8
1 60
1 24
13 14
36 26
1 54
1 50
31 20
5 2
2 61
26 2
2 20
2 59
16 5
22 16
60 62
46 52
20 31
34 60
2 47
63 2
32 17
5 22
50 24
2 41
60 1
24 50
1 62
1 39
31 2
37 22
2 63
61 2
31 26
17 32
2 43
40 28
9 56
2 22
22 2
62 60
13 2
5 47
2 29
2 56
48 2
2 17
2 52
62 1
1 34
15 2
20 2
26 20
44 59
28 2
50 1
2 57
2 38
49 2
2 44
26 5
1 18
52 2
38 2
53 43
56 2
14 28
36 49
22 20
22 5
5 29
5 64
64 5
65 5
64 65
5 65
65 64
65 66
66 65
67 66
66 67
26 67
67 5
20 67
67 20
5 67
22 67
