#qgen
64
256
118
242
128
120
32
210
172
83
56
134
246
95
185
192
217
135
28
23
35
256
26
2
242
219
248
114
135
171
191
234
224
157
24
246
235
113
158
66
202
157
155
54
130
23
66
188
2
182
106
18
186
28
194
238
245
43
205
64
139
149
220
163
23
256
0 1
1 2
1 3
4 2
5 2
2 6
1 7
2 8
7 9
10 2
1 11
8 12
1 13
2 14
8 15
16 2
17 2
18 1
2 5
19 1
1 20
2 21
22 1
23 1
2 24
2 12
17 21
25 1
3 26
17 27
28 19
29 19
1 30
29 31
7 23
23 32
7 19
13 11
2 27
12 2
2 33
8 2
34 2
2 35
32 36
2 37
36 32
4 38
39 2
2 40
22 26
32 3
22 41
1 42
43 11
1 43
44 2
26 3
2 45
43 46
2 47
3 1
26 46
48 2
1 49
38 2
28 1
19 28
1 46
49 7
50 1
2 44
51 46
7 31
11 13
51 43
25 29
9 31
7 26
52 1
49 30
2 48
21 38
19 31
2 4
53 2
26 36
21 39
49 26
1 51
18 31
1 52
2 38
27 2
14 2
54 2
36 26
27 17
1 23
31 28
2 1
11 1
42 1
32 1
31 19
26 22
31 1
55 2
2 39
18 42
9 29
29 1
50 32
2 17
28 29
51 1
9 19
19 9
30 32
56 2
38 21
7 25
3 49
38 39
39 38
49 32
2 57
32 23
23 7
2 58
31 7
25 54
3 43
42 18
32 50
1 22
37 2
59 0
26 7
14 54
21 35
1 19
46 26
19 7
2 55
29 9
31 25
32 49
46 1
25 7
2 60
31 29
1 41
25 31
26 51
52 46
31 9
60 56
19 29
1 28
2 61
43 1
30 50
29 25
30 36
39 21
50 30
36 1
21 27
47 2
26 30
33 2
58 2
50 3
36 49
26 43
1 29
38 4
12 8
2 62
1 25
36 50
1 18
13 1
7 49
51 26
1 32
7 1
26 49
43 26
2 54
1 0
46 51
1 50
54 25
41 22
27 21
49 3
46 43
63 2
51 52
35 10
30 26
15 2
30 1
15 8
41 1
2 63
2 34
35 21
45 2
60 2
9 7
3 32
40 2
20 1
2 56
30 3
62 2
1 26
24 2
11 43
1 31
2 15
31 18
50 36
0 59
21 2
6 2
46 52
32 30
61 2
10 35
54 14
29 28
30 49
49 1
43 51
1 9
35 2
43 3
3 50
36 30
9 1
1 36
2 53
57 2
3 30
52 51
28 31
2 16
26 1
21 17
49 36
56 60
2 10
