#qgen
32
256
118
242
56
130
134
157
224
106
171
114
172
113
242
128
234
246
188
35
191
248
185
256
28
18
186
2
163
155
23
139
54
128
0 1
1 2
1 3
4 1
2 5
6 1
1 7
8 1
9 7
4 10
1 11
12 10
1 12
6 13
14 10
7 9
13 6
1 4
15 1
3 1
1 16
4 17
18 1
1 9
5 2
19 3
20 11
21 1
11 7
17 10
13 11
11 13
1 22
23 17
18 7
12 24
7 19
15 8
3 7
25 4
11 1
14 4
3 18
26 1
25 23
14 1
20 19
7 11
10 4
2 27
25 10
15 6
11 10
1 0
14 8
1 14
4 16
12 6
9 1
26 28
24 1
1 15
11 18
11 3
1 23
7 3
29 1
10 12
1 29
8 10
1 25
20 1
0 30
29 7
11 8
28 26
11 20
8 11
7 18
31 1
17 25
19 1
10 11
10 17
22 1
3 19
24 12
10 14
15 14
1 21
18 9
1 24
16 1
6 15
6 8
4 25
14 15
9 19
1 10
24 15
13 1
10 1
1 6
17 1
10 26
15 10
1 26
6 14
27 2
19 9
8 15
28 1
19 18
2 1
16 21
7 1
8 14
10 8
17 23
6 12
26 10
7 20
14 6
23 25
19 20
25 17
25 1
18 11
