#qgen
64
71
178
201
152
93
138
97
93
156
8
19
124
224
97
56
245
137
134
9
130
81
55
62
41
111
171
180
210
217
82
1
106
96
56
95
40
148
160
252
72
249
146
26
74
45
2
87
155
244
224
208
177
193
75
181
167
188
125
256
91
120
146
183
44
256
0 1
0 2
2 3
1 2
2 4
5 4
5 6
2 7
8 2
8 0
9 6
2 10
5 1
0 11
5 2
8 12
13 2
14 2
6 15
12 2
12 16
2 6
17 6
18 12
19 2
16 1
20 6
21 12
5 11
22 17
13 23
7 24
0 4
16 2
12 25
6 26
2 27
22 8
28 15
10 29
14 10
7 30
31 24
32 17
7 33
3 32
10 34
35 20
12 18
2 36
2 37
8 11
38 3
39 17
40 6
11 41
27 21
35 42
39 6
43 2
21 25
3 2
44 17
35 21
15 6
45 6
7 2
41 11
10 0
44 46
42 3
20 42
8 47
36 2
9 48
6 0
11 8
34 2
34 36
37 2
6 28
46 49
42 20
16 18
21 18
2 50
51 3
10 8
1 10
52 18
21 42
36 34
36 50
7 31
15 28
6 5
35 53
35 54
46 39
39 46
32 54
55 2
26 15
6 20
26 6
56 2
6 9
52 46
6 29
32 2
2 32
21 35
11 2
42 35
28 6
39 49
2 0
17 54
30 7
2 43
6 53
54 2
46 52
32 3
23 13
12 21
11 10
8 57
58 7
59 8
7 60
18 5
31 19
8 1
18 52
2 11
4 5
1 18
2 55
25 18
5 18
4 6
31 7
12 8
2 49
34 55
7 58
10 2
10 55
53 35
6 35
54 35
18 1
10 5
2 8
21 27
42 53
25 21
49 2
24 7
3 10
17 32
22 59
0 6
52 21
8 61
2 56
1 16
10 11
10 3
23 31
52 25
29 10
4 2
6 40
42 21
4 0
46 21
0 62
25 12
17 44
6 45
8 22
21 52
18 25
15 26
63 7
46 13
6 17
19 31
1 0
17 39
8 5
55 29
17 22
2 16
27 2
54 32
2 29
46 25
1 8
53 42
55 10
13 46
2 12
40 42
44 6
2 19
54 17
6 39
25 46
6 4
59 22
50 2
0 10
7 63
55 36
8 10
62 0
3 42
2 5
2 1
49 39
57 8
36 55
10 14
52 12
2 34
6 44
29 55
42 40
29 6
21 46
8 59
11 0
35 40
53 6
60 7
0 8
10 1
25 52
24 31
5 10
48 9
55 50
11 5
46 44
55 34
31 23
50 36
2 54
49 46
50 55
20 35
5 8
18 16
