#qgen
32
71
178
201
152
138
19
124
137
188
9
148
156
210
93
224
26
82
130
74
95
56
183
181
224
167
208
97
177
93
96
97
160
128
0 1
0 2
2 3
1 2
2 4
5 4
5 6
2 6
7 2
6 0
4 6
2 8
1 9
0 6
2 10
6 5
2 11
2 12
10 2
2 13
9 14
1 5
15 3
7 9
2 16
2 0
17 2
7 14
18 2
10 19
11 5
20 2
0 21
2 19
5 11
4 2
2 22
4 11
20 5
6 4
11 4
23 2
24 19
10 25
12 2
2 20
4 5
25 10
26 4
4 1
1 4
3 27
2 28
16 5
3 2
4 26
24 10
24 16
8 2
5 1
14 7
2 26
5 16
14 9
14 2
6 2
2 18
5 3
26 0
0 26
2 25
6 11
11 2
2 14
3 5
0 5
3 29
2 1
16 26
2 7
19 2
25 24
11 6
13 4
19 5
1 11
2 29
3 15
13 0
24 5
10 24
16 24
19 24
30 2
4 13
2 23
26 13
13 26
29 22
26 16
19 10
9 1
27 3
2 5
24 2
7 1
22 2
0 13
31 2
2 24
1 7
5 20
2 31
22 29
25 2
24 25
1 0
9 4
28 2
5 0
13 2
2 30
0 11
29 2
5 19
4 9
5 24
5 2
