#qgen
63
2
163
163
237
168
196
133
155
230
99
11
208
252
252
56
150
162
4
150
69
18
140
9
242
223
18
151
200
245
95
116
213
125
215
195
178
169
138
115
160
189
200
92
41
199
50
6
200
13
234
173
110
61
231
105
126
3
146
101
39
90
100
201
256
0 1
1 2
3 1
4 0
1 5
5 1
0 4
6 1
1 7
1 8
1 9
10 1
11 1
11 12
13 1
14 1
1 15
7 16
17 16
5 18
1 19
19 20
21 19
8 22
17 14
22 21
23 1
24 15
8 1
21 25
20 25
20 13
2 26
19 16
27 16
17 28
29 8
30 19
31 2
17 21
25 26
13 32
32 33
34 11
10 16
14 35
28 36
17 29
1 37
27 38
35 39
40 1
25 37
30 41
20 17
12 11
32 28
28 42
1 43
1 29
44 22
28 39
45 17
44 46
31 15
2 28
39 20
28 47
48 30
39 30
24 13
24 43
25 8
13 29
41 1
45 21
49 28
0 11
14 4
46 32
50 28
26 2
1 51
20 52
48 1
25 20
1 33
53 48
41 16
1 36
1 0
4 14
37 54
33 19
3 28
32 13
28 55
30 39
5 9
25 23
30 25
56 20
25 14
1 13
1 41
19 50
37 26
40 36
38 19
52 0
48 28
15 31
5 14
32 53
1 23
11 47
48 17
38 1
11 37
1 48
3 51
57 11
7 17
31 1
57 48
16 21
46 17
48 26
11 41
27 25
31 16
1 58
14 20
45 39
34 1
16 22
17 22
53 54
47 11
1 11
58 56
16 1
19 32
5 11
1 18
21 52
19 25
20 31
54 26
37 47
21 22
56 53
56 7
35 45
32 1
6 37
33 11
21 28
49 0
24 30
14 39
17 48
28 53
55 28
35 14
57 56
8 19
45 41
49 52
29 21
1 26
48 56
52 28
20 19
2 31
54 37
7 21
28 25
17 56
1 32
22 44
47 1
39 0
48 57
1 21
59 1
28 3
24 14
32 26
18 5
54 1
40 3
37 24
47 37
1 60
55 1
61 35
16 10
1 34
55 31
53 56
21 1
30 35
37 28
25 36
1 57
58 24
12 0
53 28
22 8
1 22
33 17
16 19
1 3
17 30
30 17
37 4
24 32
45 54
62 56
49 39
1 53
4 3
62 21
0 52
7 13
42 28
36 40
18 53
61 39
28 49
19 17
24 1
22 56
13 24
29 30
25 46
19 1
41 30
22 19
14 25
39 45
17 1
35 30
0 12
35 20
14 30
14 5
36 11
52 11
5 52
11 9
20 15
14 52
52 49
16 26
