#qgen
61
59
92
90
227
212
225
29
251
188
151
27
178
252
236
174
210
7
165
239
190
18
11
103
187
208
229
20
161
53
76
168
12
195
214
228
136
164
114
52
143
20
88
26
192
128
249
146
209
133
208
80
95
242
252
78
139
168
6
230
40
229
256
1 0
2 0
1 3
0 4
4 5
1 6
3 7
7 8
9 3
2 10
4 10
4 11
2 12
12 13
13 14
13 2
15 5
4 12
7 16
6 17
18 13
19 2
20 12
21 2
22 7
7 3
23 6
4 24
7 25
1 26
27 4
6 4
4 18
28 6
29 5
20 27
30 7
31 12
14 13
32 20
25 22
2 33
3 34
1 20
35 1
14 2
34 3
16 7
36 6
27 20
37 1
6 36
0 2
38 26
31 10
12 38
2 35
1 37
31 39
40 11
2 37
4 39
41 32
5 42
19 12
5 43
3 9
4 20
39 38
39 31
1 39
27 44
45 43
11 4
31 35
6 1
6 23
24 1
46 11
38 19
47 31
12 47
20 2
35 31
8 16
13 46
16 8
11 38
46 13
7 6
4 48
18 38
11 18
2 39
41 43
4 21
6 49
10 2
6 50
40 5
43 45
51 6
4 13
42 43
11 12
1 21
3 1
32 41
2 21
12 19
13 48
48 37
14 4
19 46
29 24
38 14
6 52
24 5
33 4
43 41
16 22
7 53
18 20
24 4
8 22
14 20
7 54
38 24
38 21
38 20
24 2
37 20
6 2
5 40
20 37
14 38
7 5
22 53
11 13
49 6
31 6
4 19
45 5
13 11
33 38
33 2
21 4
35 4
8 7
10 20
44 4
12 2
55 36
35 38
52 6
56 6
11 19
24 38
4 47
6 31
14 11
6 51
2 14
19 14
12 27
26 31
6 16
38 35
12 11
37 41
47 4
38 37
2 13
18 11
10 31
38 44
20 18
20 43
4 37
27 2
19 4
17 6
5 29
35 2
5 7
13 38
10 40
31 24
7 57
19 38
2 47
54 46
58 57
4 26
38 13
27 12
57 58
53 54
8 53
11 40
32 45
20 38
53 8
47 37
5 24
46 54
33 27
43 42
19 48
0 1
2 27
37 47
55 6
6 55
1 24
13 19
48 38
12 10
7 30
50 6
5 4
20 10
6 28
37 4
38 18
38 47
24 48
14 19
37 42
26 4
4 33
53 22
47 38
20 14
22 16
18 4
13 18
38 10
4 35
6 59
47 10
5 15
12 4
37 38
38 12
5 45
40 10
38 11
37 26
38 48
37 48
0 38
60 7
48 4
4 27
37 2
