#qgen
47
243
52
12
82
64
11
89
104
94
158
250
250
51
244
207
237
84
251
107
100
241
158
210
6
36
110
150
48
255
14
250
176
108
29
115
153
167
172
154
236
229
100
29
247
95
35
203
128
0 1
1 2
0 3
2 3
4 1
4 5
6 4
3 7
4 8
9 4
1 10
4 3
11 3
4 12
13 4
14 4
4 15
4 16
12 4
4 10
4 17
4 18
19 4
4 20
21 4
4 22
3 4
4 23
4 21
3 2
17 24
18 4
20 4
18 10
3 0
1 0
4 6
25 4
4 24
5 4
4 14
4 9
23 18
26 4
10 4
18 21
4 13
19 24
3 11
27 2
28 4
24 4
29 4
2 27
20 18
2 1
23 4
1 3
30 4
24 19
4 28
4 26
17 4
21 18
24 31
15 4
18 20
3 1
1 4
31 24
24 17
4 25
4 31
16 4
19 29
18 19
4 30
4 29
10 18
31 4
8 4
7 3
29 19
10 1
22 4
19 18
4 19
18 23
32 18
18 32
18 33
33 18
33 34
34 33
35 34
34 35
36 34
34 36
34 37
37 35
35 37
37 34
37 38
38 35
38 37
35 38
35 39
39 35
39 37
37 39
37 40
40 37
40 41
41 40
41 42
42 41
43 42
42 43
43 44
44 43
42 44
44 42
45 44
43 45
44 45
45 43
46 45
45 46
