#query
32
G
L
I
M
S
S
V
S
S
V
F
V
D
A
V
Y
G
D
Y
N
N
R
M
R
P
I
T
S
I
K
D
S
128
0 1
2 0
3 1
4 1
5 4
6 2
7 4
8 0
4 9
4 10
0 4
11 10
12 3
13 10
10 1
8 14
15 10
16 3
17 9
12 17
18 1
16 11
3 13
19 18
12 16
7 8
17 10
12 8
16 7
8 17
20 8
9 21
9 1
16 14
20 11
22 1
15 0
3 9
11 17
14 1
13 9
8 13
0 13
5 3
0 14
3 17
5 0
23 21
16 13
0 18
3 10
10 24
25 10
6 14
6 11
26 1
11 14
12 0
15 18
9 10
16 27
16 20
24 1
20 4
23 0
28 3
28 9
23 11
18 29
0 21
19 24
7 20
5 10
20 17
19 17
0 17
27 3
7 29
8 11
11 13
27 29
23 22
25 19
19 22
30 7
27 2
10 22
15 22
16 28
16 6
11 0
30 3
6 13
5 24
4 21
27 4
25 18
28 13
25 15
2 14
14 17
8 2
4 3
12 2
25 11
3 18
3 14
27 8
15 3
5 19
2 28
28 4
4 14
5 11
16 4
3 21
23 10
15 21
12 4
16 2
20 6
27 11
12 7
18 31
19 15
6 8
6 17
9 22
