#query
64
G
A
K
E
G
R
D
R
Y
L
T
E
T
V
T
K
F
I
I
L
E
F
F
T
N
P
Q
T
L
M
I
M
G
G
I
V
D
G
A
N
R
E
V
F
C
V
L
S
R
V
F
R
Q
L
K
R
V
D
N
Y
C
A
I
T
256
1 0
2 1
3 2
1 4
5 3
3 1
6 5
7 2
0 8
9 8
10 4
11 2
12 3
6 13
7 1
4 14
0 15
16 7
6 17
18 3
19 8
4 19
13 20
16 21
4 22
13 23
0 10
24 3
14 9
8 25
26 8
22 27
28 14
10 29
18 30
31 1
11 32
33 8
29 15
9 34
15 35
9 21
18 36
29 37
26 27
27 25
19 38
12 39
37 40
41 34
41 14
10 38
42 15
4 8
13 12
5 43
39 20
44 40
6 20
28 30
4 41
27 15
10 26
6 24
38 42
5 11
45 37
4 39
42 45
32 4
46 37
12 30
0 29
31 39
47 45
7 48
31 9
3 7
29 26
28 21
12 49
27 8
26 33
50 36
31 7
38 15
8 45
41 51
2 0
40 52
26 53
28 5
38 45
34 54
17 20
28 11
3 55
29 39
22 56
4 26
5 7
23 16
35 52
23 21
23 26
25 57
18 17
58 57
16 14
38 35
38 8
53 35
31 11
16 43
59 58
15 54
11 21
5 20
13 43
44 33
19 9
29 22
32 10
49 14
50 24
26 9
3 32
18 13
40 54
31 26
42 54
0 41
44 54
3 11
27 54
60 37
26 19
53 22
48 4
53 45
32 48
56 45
34 52
53 42
31 2
19 37
19 47
46 35
4 15
6 61
29 35
9 38
35 34
44 58
31 4
44 51
53 46
53 56
42 60
46 56
62 8
58 52
10 8
19 15
21 36
11 1
21 43
19 27
29 38
49 39
20 30
41 19
15 8
21 20
29 14
47 46
13 28
23 20
12 17
10 33
47 56
27 46
10 41
23 30
38 46
13 55
4 38
46 57
27 42
10 15
33 15
27 56
8 59
53 27
31 29
44 46
21 55
35 60
6 36
1 10
14 26
23 14
6 18
32 7
19 22
15 52
32 14
18 5
49 3
13 17
51 54
31 14
15 45
9 53
61 20
38 33
62 25
24 30
23 11
29 59
13 21
32 0
63 18
40 57
33 59
44 57
28 9
29 9
41 22
53 44
42 37
23 31
12 28
51 8
53 38
23 43
42 57
44 62
44 42
18 20
42 25
61 17
54 57
19 59
62 45
41 9
37 59
28 23
3 14
22 44
38 56
0 4
13 49
23 5
14 38
53 47
