#query
121
L
C
F
A
A
I
M
L
Y
A
A
H
N
K
P
V
Y
S
S
L
R
G
D
C
L
V
T
R
D
E
D
V
G
L
K
G
I
C
G
E
Q
Q
L
K
I
N
T
S
L
K
F
L
I
D
Y
F
A
V
P
P
N
S
T
K
L
A
M
L
G
I
L
P
L
L
L
E
R
A
A
K
V
F
I
E
S
N
Y
D
A
T
P
A
M
M
I
V
E
D
S
V
L
L
V
C
G
V
V
M
A
Y
V
G
E
V
M
G
E
V
V
V
P
256
0 1
0 2
1 3
3 4
1 5
2 6
2 7
1 8
9 8
2 10
7 11
12 5
8 13
13 14
15 4
2 16
0 17
18 4
10 19
20 4
9 21
20 13
5 22
0 23
1 24
5 25
23 26
0 21
17 27
24 22
21 14
15 12
28 6
29 11
30 11
30 3
31 4
12 11
23 19
3 5
32 7
33 16
18 12
0 34
35 34
36 7
27 8
37 6
38 20
39 0
8 20
40 0
20 41
7 6
42 24
43 21
42 31
17 1
32 44
45 26
0 46
15 47
6 48
3 49
50 27
20 51
52 31
36 10
18 53
9 54
29 55
49 41
15 29
0 56
57 55
46 34
58 2
1 59
7 60
61 17
27 21
18 16
62 23
19 63
54 60
45 61
18 7
64 2
65 44
66 37
31 38
62 67
29 30
65 68
46 57
49 69
23 2
1 34
70 45
9 1
24 4
51 63
35 50
66 60
8 54
7 71
37 72
50 8
7 37
73 6
15 74
3 69
5 75
66 76
77 63
47 22
37 78
18 79
80 72
81 33
15 36
17 57
14 22
1 22
38 10
54 4
48 82
83 68
0 84
43 17
51 71
0 42
73 71
84 17
15 69
62 40
35 40
52 55
54 85
3 25
78 86
87 66
60 78
78 88
51 37
43 46
57 36
56 89
54 90
87 91
92 34
85 47
6 93
4 32
61 43
45 23
42 21
94 41
95 77
42 94
35 70
25 31
5 96
97 14
37 80
18 29
87 98
92 0
86 65
40 21
99 68
100 98
6 101
46 102
103 51
53 104
105 9
71 86
102 5
24 14
67 106
55 11
107 86
89 38
54 74
61 67
108 60
85 74
73 78
104 109
32 51
41 73
54 86
30 12
53 91
46 59
28 72
102 21
100 99
47 74
41 51
55 38
110 101
54 48
24 30
92 38
105 24
111 86
112 6
70 105
0 43
102 57
10 107
60 113
114 95
2 112
115 101
57 4
102 34
6 72
51 108
106 36
82 72
31 13
61 84
39 17
30 116
23 42
38 6
31 14
93 88
18 69
31 57
92 19
99 112
51 107
31 51
51 117
32 113
28 99
118 58
119 6
70 9
54 10
39 70
103 89
56 118
31 103
1 31
34 57
87 119
39 61
49 120
107 110
31 2
101 82
