#qgen
214
108
354
790
305
600
117
343
766
54
897
335
73
80
369
453
51
358
988
452
13
832
211
308
135
1
303
167
208
267
946
157
816
809
1239
271
853
236
502
194
1022
244
818
321
735
111
122
990
163
756
774
535
159
933
852
1034
773
822
156
746
41
992
1439
799
274
1201
1067
89
901
747
455
35
810
898
1226
241
400
263
390
738
892
386
115
206
607
758
209
767
829
405
56
45
840
32
468
280
824
26
938
759
845
1010
1031
734
1145
743
11
413
819
854
875
52
868
110
1029
302
47
53
989
939
16
409
269
1039
1035
821
407
70
463
891
902
920
1160
927
1200
895
112
371
1020
856
498
448
532
165
1241
66
807
1129
888
1143
732
813
715
441
561
0
22
1023
621
36
137
1290
923
896
834
1036
127
998
1406
899
71
757
126
1064
741
986
134
116
20
8
364
30
444
500
1076
788
879
109
232
55
275
304
904
843
1287
235
996
1223
737
68
19
6
1271
763
545
1424
33
265
21
1033
1059
495
857
611
742
256
0 1
2 0
1 3
3 4
5 0
0 6
7 0
6 8
9 8
6 10
11 10
3 12
5 13
1 14
13 15
16 14
17 14
6 18
16 15
10 19
20 3
4 21
15 22
23 16
4 19
24 4
25 18
24 26
6 27
28 11
29 28
18 14
30 27
31 15
32 9
7 33
34 16
35 15
0 36
16 37
38 0
39 38
27 40
17 41
42 3
43 21
44 14
45 38
39 46
9 47
48 19
49 0
50 18
51 3
52 36
53 27
54 14
55 22
56 24
57 25
49 58
59 24
60 57
51 47
61 57
37 15
62 0
63 26
43 64
65 1
57 66
67 45
68 0
38 69
70 10
71 7
72 8
73 34
72 74
75 70
76 47
26 77
78 72
67 5
79 31
51 80
45 81
55 82
83 10
84 6
15 85
86 0
87 41
88 13
70 89
38 90
91 34
75 92
86 93
11 94
95 81
79 96
97 82
84 98
99 36
81 3
99 100
101 47
102 49
99 103
104 45
105 22
32 106
107 44
108 30
84 100
90 16
102 109
51 110
111 30
5 112
113 78
32 114
109 57
100 115
16 116
7 117
46 34
118 1
0 93
49 119
102 120
121 94
122 35
87 123
28 26
43 42
87 124
125 94
122 126
86 127
32 128
129 24
16 10
99 130
124 67
131 119
0 10
62 132
133 51
134 36
71 135
24 136
137 85
138 21
139 15
140 115
141 28
57 142
143 117
30 144
145 144
146 99
13 135
41 67
63 116
43 147
102 106
148 32
149 21
98 127
4 10
150 60
148 151
152 15
153 37
72 154
81 8
155 38
78 15
156 68
90 120
102 157
108 158
44 159
155 144
135 136
160 27
25 159
49 161
19 14
61 162
49 163
134 164
129 82
165 112
166 53
167 164
72 168
130 105
169 21
170 34
171 114
102 172
49 33
146 173
174 3
135 175
166 176
46 177
173 178
179 70
180 3
115 181
182 34
54 183
102 184
93 22
185 94
161 155
88 186
187 120
84 51
187 188
99 189
187 190
191 125
7 192
193 184
194 40
195 129
102 20
196 90
197 81
198 159
199 159
197 60
169 200
201 119
56 180
202 32
203 116
204 173
100 38
205 59
206 21
207 115
128 10
87 49
43 208
209 197
210 188
211 6
50 212
213 189
122 188
