#qgen
61
108
354
790
305
600
117
343
766
54
897
335
73
80
369
453
51
358
988
452
13
832
211
308
135
1
303
167
208
267
946
157
816
809
1239
271
853
236
502
194
1022
244
818
321
735
111
122
990
163
756
774
535
159
933
852
1034
773
822
156
746
41
992
64
0 1
2 0
1 3
3 4
5 0
0 6
7 0
6 8
9 8
6 10
11 10
3 12
5 13
1 14
13 15
16 14
17 14
6 18
16 15
10 19
20 3
4 21
15 22
23 16
4 19
24 4
25 18
24 26
6 27
28 11
29 28
18 14
30 27
31 15
32 9
7 33
34 16
35 15
0 36
16 37
38 0
39 38
27 40
17 41
42 3
43 21
44 14
45 38
39 46
9 47
48 19
49 0
50 18
51 3
52 36
53 27
54 14
55 22
56 24
57 25
49 58
59 24
60 57
51 47
