#qgen
124
1217
1214
1173
2622
3022
549
342
1196
2059
456
476
2663
626
1045
111
2151
1296
2610
734
2352
742
177
1974
1279
2747
2943
3123
2000
1971
11
1859
3185
3239
426
1419
70
316
557
592
69
3066
1547
532
3291
828
2043
1211
1426
2604
1842
3271
2463
1434
40
1213
3251
2500
3274
423
1690
3352
950
1811
1629
743
314
1857
746
1226
731
2160
3122
2537
1300
2788
2767
2395
1265
155
2041
847
2073
580
1918
1133
41
599
130
2518
209
58
351
1339
2715
17
823
59
1489
1490
2758
2207
643
104
278
179
2122
3008
2839
3152
3226
1465
2988
3302
57
3080
385
384
817
2578
1029
3275
2884
1594
3005
128
0 1
1 2
3 1
4 3
4 5
5 6
4 7
8 5
8 9
7 10
4 11
8 12
8 13
1 14
15 1
4 16
17 1
18 12
3 19
20 5
4 15
21 14
22 9
23 20
24 13
25 20
26 20
27 22
8 28
16 29
30 6
31 3
32 20
28 33
3 34
16 35
25 36
28 37
8 38
23 39
40 16
24 41
12 42
43 40
28 44
45 20
16 46
32 47
48 6
24 49
50 48
51 20
4 52
53 29
8 54
55 35
56 14
43 57
58 29
30 59
59 20
60 38
61 33
62 44
31 63
64 36
10 65
66 6
67 20
25 68
69 36
70 36
50 71
50 72
73 35
26 74
75 8
50 76
71 77
21 78
11 79
71 80
81 37
20 82
32 83
46 84
60 85
43 86
87 35
24 88
4 89
59 90
91 85
48 92
40 93
35 94
95 20
55 96
97 39
98 38
99 97
4 100
1 101
78 102
86 103
46 104
11 105
106 98
28 85
4 107
108 21
37 90
109 98
71 110
57 111
112 35
35 113
37 96
114 102
86 115
66 116
112 117
118 46
52 119
120 59
112 121
105 122
123 89
