#qgen
63
1217
1214
1173
2622
3022
549
342
1196
2059
456
476
2663
626
1045
111
2151
1296
2610
734
2352
742
177
1974
1279
2747
2943
3123
2000
1971
11
1859
3185
3239
426
1419
70
316
557
592
69
3066
1547
532
3291
828
2043
1211
1426
2604
1842
3271
2463
1434
40
1213
3251
2500
3274
423
1690
3352
950
1811
64
0 1
1 2
3 1
4 3
4 5
5 6
4 7
8 5
8 9
7 10
4 11
8 12
8 13
1 14
15 1
4 16
17 1
18 12
3 19
20 5
4 15
21 14
22 9
23 20
24 13
25 20
26 20
27 22
8 28
16 29
30 6
31 3
32 20
28 33
3 34
16 35
25 36
28 37
8 38
23 39
40 16
24 41
12 42
43 40
28 44
45 20
16 46
32 47
48 6
24 49
50 48
51 20
4 52
53 29
8 54
55 35
56 14
43 57
58 29
30 59
59 20
60 38
61 33
62 44
