#qgen
65
3476
1597
955
39
2979
1187
3557
198
10
54
1551
270
2668
3133
364
0
1065
216
672
1098
2934
3786
2277
1229
2231
3023
921
2414
1233
319
1309
4001
40
1753
2407
2896
2651
355
847
1931
32
1424
3615
123
889
2378
653
1554
643
3682
2994
972
1070
9
1141
1573
2682
2447
2165
3078
1575
2495
2322
2895
2408
64
1 0
2 1
1 3
4 3
5 1
6 1
1 7
8 3
9 3
0 10
7 11
12 10
13 1
2 14
1 15
5 16
8 17
18 14
19 17
20 3
1 21
12 22
22 23
24 16
16 25
25 26
27 21
12 28
1 29
1 30
10 31
30 32
30 33
34 12
35 32
36 11
30 37
38 37
39 2
17 40
0 41
42 30
43 14
44 8
45 43
19 46
47 27
48 14
12 49
50 26
30 51
16 52
53 8
54 32
55 9
52 56
30 57
56 58
59 25
60 32
1 61
62 47
63 32
56 64
