#qgen
245
2888
933
1151
3270
3249
13
1503
227
3488
1604
1143
997
83
862
943
2453
1887
1451
2156
168
2950
1449
2940
3879
728
1570
239
1146
1815
63
1687
1008
2204
96
135
82
2461
902
42
1581
3741
107
1152
2416
879
247
1286
704
1149
4
2141
1763
2563
1317
1952
2035
1859
133
475
2059
2748
1752
1432
22
2369
1579
2466
3024
931
1157
1148
3141
1847
859
1856
520
1390
37
1695
2840
1069
846
1478
877
209
1809
2979
1961
27
3114
3449
3005
1446
2192
1150
693
849
2367
2836
1908
64
198
1653
2882
2691
2638
1100
474
1136
1561
2570
41
5
916
2444
2881
1736
3233
1305
175
508
1924
226
3434
8
328
1556
58
2396
1540
1383
155
1444
1188
1402
3852
2462
131
3648
2008
2382
237
2251
28
3539
206
1326
3435
3185
2644
2427
1680
1764
993
1142
1131
1684
924
1458
665
2148
3004
3545
911
1783
1790
2625
1676
2195
210
97
3044
2208
3646
1794
3574
1651
3785
2170
427
3222
976
757
1448
6
2329
3914
2823
940
1144
279
706
2326
1512
132
1821
3162
3304
292
3163
1963
2729
1573
2598
2457
2359
1822
1571
2439
927
1485
1566
1231
2721
293
750
145
2451
3412
946
3134
1180
3214
2695
2470
2467
1907
75
1284
1639
149
3923
3113
228
3302
1958
1208
1137
565
901
2203
2528
2397
248
2566
256
0 1
2 1
3 1
4 2
1 5
6 1
7 5
8 5
6 9
10 5
11 7
12 7
13 7
14 7
0 15
16 1
2 17
18 0
9 19
15 20
21 5
22 5
23 18
1 24
20 25
2 26
15 27
18 28
29 7
23 30
31 7
32 24
33 7
25 34
22 35
36 21
37 35
20 38
39 0
40 30
41 38
42 34
43 25
44 33
27 45
46 27
37 47
48 34
49 29
50 24
27 51
52 47
39 53
54 22
52 55
28 56
28 57
31 58
59 57
48 60
61 5
62 23
31 63
28 64
61 65
60 66
67 54
68 58
28 69
70 56
71 42
72 25
73 45
74 5
73 75
76 9
44 77
54 78
79 59
80 7
81 5
82 24
79 83
60 84
85 43
74 86
87 17
88 77
32 89
90 15
91 54
37 92
39 93
94 2
65 95
96 35
94 97
52 98
99 26
100 33
42 101
102 77
103 56
104 1
105 88
54 106
18 48
44 107
108 30
109 95
52 110
36 111
103 15
49 112
6 113
62 114
39 115
28 116
117 54
72 118
119 41
23 120
121 2
81 122
123 25
88 124
14 125
126 24
42 127
128 40
54 129
130 90
17 131
132 5
96 133
134 129
135 74
123 136
51 137
138 115
139 104
140 124
25 141
142 124
49 143
144 33
145 63
146 97
55 147
148 1
97 49
114 149
150 27
151 53
73 152
153 49
154 26
155 85
156 70
157 64
158 139
150 159
32 160
161 1
162 157
163 144
164 157
165 86
166 124
167 53
59 82
81 168
42 169
84 170
171 63
97 172
173 124
156 174
50 175
176 34
163 177
114 178
167 179
23 180
14 181
83 75
72 182
146 38
183 17
173 184
185 124
186 184
168 187
161 188
0 189
174 190
147 191
188 192
79 193
103 194
195 56
173 196
197 27
198 111
76 199
103 200
39 201
39 202
203 89
204 97
205 70
206 77
207 41
208 62
209 101
210 51
211 174
212 209
213 94
193 214
201 215
38 216
217 190
218 184
14 219
220 193
156 221
222 184
223 188
43 157
79 224
43 225
226 24
155 114
181 227
108 228
27 229
207 2
156 230
231 124
232 114
164 28
7 233
234 164
235 97
123 236
237 7
61 238
123 239
115 178
240 49
110 241
162 242
35 243
118 73
244 181
