#qgen
127
3476
1597
955
39
2979
1187
3557
198
10
54
1551
270
2668
3133
364
0
1065
216
672
1098
2934
3786
2277
1229
2231
3023
921
2414
1233
319
1309
4001
40
1753
2407
2896
2651
355
847
1931
32
1424
3615
123
889
2378
653
1554
643
3682
2994
972
1070
9
1141
1573
2682
2447
2165
3078
1575
2495
2322
2895
2408
1088
1653
2811
2962
1652
3107
2275
1816
231
352
885
2763
1712
3220
1694
3783
3449
2869
2549
2464
2880
940
2292
1194
2466
689
3543
3435
3969
124
3723
1837
1226
3867
1326
3434
2510
308
867
3185
43
1675
1787
2032
2161
2286
2094
1177
1834
1935
1869
2871
1703
1853
3878
4032
3924
1789
3203
1576
1577
1388
128
1 0
2 1
1 3
4 3
5 1
6 1
1 7
8 3
9 3
0 10
7 11
12 10
13 1
2 14
1 15
5 16
8 17
18 14
19 17
20 3
1 21
12 22
22 23
24 16
16 25
25 26
27 21
12 28
1 29
1 30
10 31
30 32
30 33
34 12
35 32
36 11
30 37
38 37
39 2
17 40
0 41
42 30
43 14
44 8
45 43
19 46
47 27
48 14
12 49
50 26
30 51
16 52
53 8
54 32
55 9
52 56
30 57
56 58
59 25
60 32
1 61
62 47
63 32
56 64
10 65
25 66
67 16
66 68
25 69
26 46
34 70
25 71
72 3
61 73
74 40
75 73
24 76
77 7
28 78
79 46
52 80
81 73
82 73
83 65
41 84
85 3
86 62
83 87
88 1
10 89
41 90
51 3
91 78
92 81
86 93
91 94
95 23
96 19
97 94
56 98
58 99
45 100
92 101
66 102
103 30
44 104
66 105
106 61
107 55
108 100
109 11
12 110
111 94
112 107
100 113
34 114
115 3
116 73
25 117
118 8
119 85
78 120
121 12
122 66
123 62
124 4
66 125
126 88
