#qgen
213
382
76
159
352
381
185
198
150
332
380
93
501
386
217
139
119
609
126
492
451
421
129
180
73
320
540
163
679
460
263
33
174
74
144
368
623
173
761
170
27
642
426
152
131
175
209
258
250
271
211
622
102
395
48
466
747
324
459
72
60
819
367
77
122
82
669
34
605
83
559
260
160
715
187
430
283
403
429
274
503
781
317
338
635
499
176
229
137
259
98
948
266
230
195
582
193
167
639
280
107
208
385
154
325
92
287
327
14
414
116
277
44
46
202
275
607
123
497
971
404
69
519
313
383
461
104
488
99
1005
88
190
518
495
296
43
108
312
213
70
646
234
162
418
84
75
850
281
487
30
493
115
349
112
182
177
103
554
117
171
66
869
384
86
353
376
685
828
522
494
111
423
552
64
196
420
141
203
462
417
121
133
172
265
637
357
476
268
235
201
612
340
194
341
498
407
210
691
19
638
125
566
168
21
228
24
608
40
393
823
81
602
25
26
256
1 0
2 0
1 3
1 4
0 5
2 6
5 7
4 8
2 9
6 10
4 11
9 12
8 13
14 9
5 15
4 16
17 13
4 18
19 11
14 20
5 21
12 22
2 23
23 24
4 25
23 26
7 16
18 27
28 7
29 10
30 29
2 31
32 25
33 11
18 34
30 35
26 36
37 8
9 38
33 0
39 29
19 40
29 41
14 42
7 43
44 43
45 22
39 46
9 47
48 5
29 49
18 50
30 51
34 52
53 16
54 37
31 55
26 56
57 21
58 45
50 59
60 22
61 52
62 38
63 42
23 30
30 64
65 27
66 34
47 67
68 29
23 69
70 12
71 13
72 45
22 73
14 74
57 11
15 73
25 72
75 17
76 59
55 77
64 78
79 37
6 80
81 44
82 10
83 42
0 84
81 85
32 86
29 86
87 71
88 9
89 8
90 21
50 91
44 92
93 74
28 94
2 95
17 59
96 45
19 97
84 98
84 99
100 35
101 5
9 102
103 79
104 25
96 105
54 106
16 107
108 42
109 63
84 110
111 59
22 112
113 85
58 114
68 115
116 17
71 42
117 86
118 25
76 119
39 120
95 99
121 56
122 89
123 100
124 86
32 125
9 91
126 69
127 21
128 55
79 99
29 129
33 130
131 127
132 22
117 133
134 16
81 135
136 63
126 137
138 29
129 101
94 139
113 140
141 51
142 125
32 143
144 25
21 145
144 146
129 85
144 147
148 66
123 51
120 149
33 150
104 151
138 152
143 139
143 153
54 154
117 84
28 155
156 109
81 157
57 158
159 95
160 108
14 154
161 25
99 150
162 49
162 163
164 52
30 165
88 58
38 121
76 166
101 167
64 168
169 75
170 41
64 123
10 109
171 117
172 39
82 48
138 70
30 173
62 36
62 174
175 103
176 151
177 107
92 59
68 178
179 17
12 84
29 180
181 31
39 182
183 155
158 100
39 179
39 98
151 184
185 122
96 186
58 187
58 173
188 10
170 189
190 125
87 191
190 192
135 73
193 154
194 52
185 195
14 195
196 109
63 116
149 136
104 91
14 197
26 55
198 5
32 199
39 73
33 200
201 73
163 98
21 202
110 13
162 203
66 204
189 205
104 102
4 206
53 207
208 207
14 209
210 40
140 135
116 211
212 39
29 122
