#qgen
234
768
54
117
67
317
674
312
361
49
86
261
746
256
592
550
27
374
299
548
227
760
3209
318
697
8
3205
1832
684
85
284
59
399
392
855
366
55
104
267
608
467
363
58
877
593
685
107
329
3502
826
595
801
512
51
677
46
557
223
95
275
330
28
553
379
226
75
653
130
91
56
1472
327
42
3336
78
336
689
79
503
94
898
706
1678
105
307
391
360
1538
3457
290
57
301
258
1421
3452
551
850
351
710
311
1900
1770
555
473
74
3236
597
1428
271
395
942
262
3488
96
3757
827
771
315
463
359
3274
34
65
620
292
3333
48
266
108
352
3211
364
476
337
1583
1011
310
956
5
614
415
297
293
952
17
3344
2161
404
69
3288
772
543
116
3247
3228
103
372
93
625
732
616
350
3204
115
475
3506
761
897
269
368
3254
35
3503
4218
712
1001
2322
963
2000
3235
73
2004
464
369
1457
298
1163
380
25
2079
552
13
3941
1210
610
2183
98
691
572
3289
662
719
72
371
220
353
675
672
621
471
408
523
6
308
766
1133
3248
7
1039
324
3646
690
3237
793
3741
272
954
1065
673
22
739
1855
89
255
644
256
0 1
1 2
3 2
4 3
3 5
6 5
7 3
8 3
9 5
10 4
11 2
12 5
4 13
13 14
14 15
16 3
17 9
3 18
10 19
20 3
21 15
6 22
23 18
24 1
25 12
23 26
27 5
28 7
29 3
8 30
13 31
32 17
33 22
11 34
13 35
36 34
37 5
38 28
17 39
28 40
8 41
42 22
8 43
44 17
18 45
46 5
47 25
48 41
9 49
2 50
51 2
52 46
53 13
54 46
51 55
37 56
37 57
6 58
52 59
44 60
17 61
17 62
63 19
64 57
65 34
66 40
58 67
45 68
26 69
22 70
25 71
72 36
58 73
43 35
74 69
17 75
43 76
77 36
12 28
58 78
39 79
13 80
51 81
82 61
83 3
84 46
85 36
55 86
87 54
88 30
39 89
88 90
91 58
76 92
87 93
23 94
43 95
96 77
97 92
88 98
46 13
31 99
40 100
96 101
88 102
103 37
104 21
49 105
101 106
35 107
28 108
50 109
54 110
111 109
29 112
113 62
64 114
89 115
30 69
28 116
19 117
118 90
119 25
104 120
121 70
122 18
123 14
124 12
124 125
126 12
0 127
88 14
128 52
129 54
57 13
130 39
119 131
132 39
113 133
113 134
135 94
17 136
43 137
32 138
139 14
88 140
119 141
97 142
143 54
144 17
142 145
88 146
132 147
148 29
68 149
77 150
54 151
152 91
93 153
53 64
154 110
155 94
156 78
23 157
158 13
96 159
160 77
161 154
153 162
163 51
164 129
165 110
166 79
167 23
154 168
102 157
169 129
127 170
171 47
149 34
172 153
43 173
174 142
142 175
176 86
88 49
177 55
178 153
161 179
177 180
181 45
111 182
183 107
184 139
142 185
186 121
187 69
50 188
119 150
189 61
118 135
115 86
8 184
24 190
191 114
191 192
147 142
193 82
142 194
13 130
195 123
123 196
64 73
191 93
197 91
164 198
199 155
172 164
147 200
146 201
202 163
203 12
204 76
205 88
206 173
37 207
208 28
52 209
106 210
211 170
129 212
213 34
64 181
142 214
215 67
211 216
139 217
21 218
219 87
88 220
92 34
221 19
19 222
223 111
124 224
123 225
84 226
91 147
94 227
228 34
144 38
64 229
49 230
126 231
232 168
23 233
