#qgen
65
768
54
117
67
317
674
312
361
49
86
261
746
256
592
550
27
374
299
548
227
760
3209
318
697
8
3205
1832
684
85
284
59
399
392
855
366
55
104
267
608
467
363
58
877
593
685
107
329
3502
826
595
801
512
51
677
46
557
223
95
275
330
28
553
379
226
75
64
0 1
1 2
3 2
4 3
3 5
6 5
7 3
8 3
9 5
10 4
11 2
12 5
4 13
13 14
14 15
16 3
17 9
3 18
10 19
20 3
21 15
6 22
23 18
24 1
25 12
23 26
27 5
28 7
29 3
8 30
13 31
32 17
33 22
11 34
13 35
36 34
37 5
38 28
17 39
28 40
8 41
42 22
8 43
44 17
18 45
46 5
47 25
48 41
9 49
2 50
51 2
52 46
53 13
54 46
51 55
37 56
37 57
6 58
52 59
44 60
17 61
17 62
63 19
64 57
