#qgen
123
3051
382
3456
2096
1975
2568
1533
2478
392
1962
4062
1904
4603
2210
212
3626
1686
2619
1761
1890
1511
2028
1945
3516
4739
3260
2402
495
3903
1642
1630
1537
1970
4861
6346
2056
58
1882
4293
6478
1426
2952
899
59
2396
350
1884
5888
5666
2474
1790
3084
2785
2572
1983
2462
3892
246
2020
1700
1826
1965
2449
1883
2931
3694
1678
2786
2545
1510
2453
3047
2418
5585
838
1977
2855
1767
1921
143
1974
2220
264
4031
1440
2152
2332
1824
2397
1501
2977
4693
1078
1665
1869
1508
4662
2627
3596
3034
2939
3593
244
317
1516
257
2866
418
1986
1486
1935
2503
3075
1554
3160
1745
1458
3929
1920
2861
1499
390
1697
128
0 1
2 1
3 1
2 4
3 5
4 6
7 6
1 8
9 7
10 8
9 11
12 5
12 13
13 14
15 6
16 14
9 17
18 16
4 19
7 20
21 6
22 13
19 23
24 6
22 11
25 13
26 16
24 27
28 2
29 18
12 30
31 19
32 16
33 19
0 34
2 35
12 36
35 37
38 3
9 39
31 40
37 41
25 42
30 43
40 44
45 43
30 46
16 47
48 43
49 40
30 50
51 8
20 52
20 53
54 19
55 41
46 56
53 57
58 37
59 52
32 60
2 61
31 62
63 3
64 37
65 32
7 66
62 67
31 68
12 69
9 70
71 20
6 72
73 50
74 1
75 69
51 76
46 77
78 19
45 79
80 35
81 67
59 82
83 66
19 84
85 8
86 49
63 8
6 87
21 88
89 1
90 53
91 22
92 45
61 93
81 94
6 95
91 70
73 93
96 46
97 87
98 84
99 79
95 100
101 58
83 102
91 103
30 104
46 105
17 106
93 107
108 100
3 109
65 67
83 110
26 111
78 112
113 37
114 35
115 84
65 116
37 117
63 41
118 100
119 100
6 120
84 121
109 122
