#qgen
116
1795
1048
1233
60
1560
1796
1375
1374
1383
1286
1799
139
526
1558
1756
124
1737
1206
1601
1002
882
881
1775
820
825
707
417
1224
1277
422
844
1602
92
58
57
827
1245
55
1805
760
41
1770
245
553
140
1293
142
1350
1376
1534
1532
1392
1387
297
757
179
85
1797
1563
1621
1417
394
398
296
207
129
228
1556
1501
1126
1722
421
1351
1231
56
1435
1557
1284
253
1201
971
1384
274
148
1561
1063
515
534
444
393
1650
1185
964
1763
514
40
392
867
1834
642
419
799
497
177
381
259
416
75
1464
535
306
418
400
1342
943
461
128
0 1
2 1
1 3
4 3
5 1
6 2
6 7
8 7
9 2
10 3
9 11
10 12
0 13
6 3
14 9
0 15
16 12
0 17
18 3
9 19
17 20
17 21
22 2
2 23
8 24
9 25
2 26
27 17
28 17
7 29
19 30
5 31
7 32
7 2
2 33
23 34
35 26
36 35
25 37
38 10
19 39
23 40
41 9
23 42
38 43
41 44
45 26
35 43
46 44
47 36
48 6
49 36
50 27
51 17
52 43
41 53
36 46
0 54
29 55
18 33
17 56
57 5
58 29
59 30
16 60
36 61
9 62
60 63
36 64
44 65
17 66
0 67
68 19
69 30
70 32
10 57
71 26
68 72
57 73
25 74
75 47
76 67
77 2
17 78
18 34
72 79
1 80
70 81
77 82
38 83
84 17
85 19
45 86
59 87
88 65
77 89
75 25
90 83
81 91
92 83
93 60
0 62
86 94
87 95
43 96
97 30
98 97
99 86
100 26
101 86
17 102
103 95
81 104
23 55
17 24
96 105
14 106
17 107
108 89
5 74
77 105
108 109
110 34
29 111
112 83
113 109
1 114
115 106
