#qgen
60
1795
1048
1233
60
1560
1796
1375
1374
1383
1286
1799
139
526
1558
1756
124
1737
1206
1601
1002
882
881
1775
820
825
707
417
1224
1277
422
844
1602
92
58
57
827
1245
55
1805
760
41
1770
245
553
140
1293
142
1350
1376
1534
1532
1392
1387
297
757
179
85
1797
1563
1621
64
0 1
2 1
1 3
4 3
5 1
6 2
6 7
8 7
9 2
10 3
9 11
10 12
0 13
6 3
14 9
0 15
16 12
0 17
18 3
9 19
17 20
17 21
22 2
2 23
8 24
9 25
2 26
27 17
28 17
7 29
19 30
5 31
7 32
7 2
2 33
23 34
35 26
36 35
25 37
38 10
19 39
23 40
41 9
23 42
38 43
41 44
45 26
35 43
46 44
47 36
48 6
49 36
50 27
51 17
52 43
41 53
36 46
0 54
29 55
18 33
17 56
57 5
58 29
59 30
