#qgen
231
1795
1048
1233
60
1560
1796
1375
1374
1383
1286
1799
139
526
1558
1756
124
1737
1206
1601
1002
882
881
1775
820
825
707
417
1224
1277
422
844
1602
92
58
57
827
1245
55
1805
760
41
1770
245
553
140
1293
142
1350
1376
1534
1532
1392
1387
297
757
179
85
1797
1563
1621
1417
394
398
296
207
129
228
1556
1501
1126
1722
421
1351
1231
56
1435
1557
1284
253
1201
971
1384
274
148
1561
1063
515
534
444
393
1650
1185
964
1763
514
40
392
867
1834
642
419
799
497
177
381
259
416
75
1464
535
306
418
400
1342
943
461
717
370
1181
1465
380
184
1104
653
1610
972
1288
420
587
183
72
878
1718
282
1087
586
1332
741
1687
758
517
1339
29
588
217
464
1794
1018
355
326
1774
283
1717
630
1776
237
1689
527
1287
1076
1511
1655
940
954
399
1209
1139
50
36
608
579
739
1615
94
1105
628
1415
1509
660
208
1520
1649
695
1272
1096
244
975
797
1371
1459
1678
104
495
1845
1228
1267
644
655
671
174
1522
118
1713
30
1726
1423
1506
426
315
618
530
518
1187
1009
367
503
1370
307
669
1574
323
136
1543
1322
913
43
261
1292
1086
889
440
256
0 1
2 1
1 3
4 3
5 1
6 2
6 7
8 7
9 2
10 3
9 11
10 12
0 13
6 3
14 9
0 15
16 12
0 17
18 3
9 19
17 20
17 21
22 2
2 23
8 24
9 25
2 26
27 17
28 17
7 29
19 30
5 31
7 32
7 2
2 33
23 34
35 26
36 35
25 37
38 10
19 39
23 40
41 9
23 42
38 43
41 44
45 26
35 43
46 44
47 36
48 6
49 36
50 27
51 17
52 43
41 53
36 46
0 54
29 55
18 33
17 56
57 5
58 29
59 30
16 60
36 61
9 62
60 63
36 64
44 65
17 66
0 67
68 19
69 30
70 32
10 57
71 26
68 72
57 73
25 74
75 47
76 67
77 2
17 78
18 34
72 79
1 80
70 81
77 82
38 83
84 17
85 19
45 86
59 87
88 65
77 89
75 25
90 83
81 91
92 83
93 60
0 62
86 94
87 95
43 96
97 30
98 97
99 86
100 26
101 86
17 102
103 95
81 104
23 55
17 24
96 105
14 106
17 107
108 89
5 74
77 105
108 109
110 34
29 111
112 83
113 109
1 114
115 106
116 96
117 95
91 118
59 119
104 120
82 121
122 40
36 123
124 109
125 40
126 2
8 6
7 36
25 127
124 128
104 129
50 130
17 131
93 132
71 133
36 134
70 135
81 136
118 137
70 138
124 108
5 73
139 12
140 104
7 141
136 142
143 86
119 144
108 145
146 133
147 99
148 40
36 149
150 126
9 151
152 86
132 153
154 17
89 155
156 4
12 157
41 158
68 159
158 29
160 140
161 124
150 71
162 54
45 163
36 164
165 118
166 159
167 40
124 168
118 169
170 46
124 171
172 36
17 173
174 86
23 151
125 175
119 176
177 65
178 109
124 179
180 144
92 117
181 145
59 182
183 97
159 184
102 185
159 186
176 187
81 188
119 189
190 69
121 191
192 164
193 103
77 71
194 159
195 137
4 43
196 99
178 197
198 155
126 199
200 191
201 32
202 149
203 142
204 159
200 205
206 52
196 96
158 207
139 208
209 40
200 210
27 23
197 211
212 106
213 182
188 214
170 215
216 109
217 42
90 218
219 75
143 220
145 221
175 12
222 78
223 149
118 224
43 225
96 226
227 26
36 228
119 229
177 230
