#qgen
64
3051
382
3456
2096
1975
2568
1533
2478
392
1962
4062
1904
4603
2210
212
3626
1686
2619
1761
1890
1511
2028
1945
3516
4739
3260
2402
495
3903
1642
1630
1537
1970
4861
6346
2056
58
1882
4293
6478
1426
2952
899
59
2396
350
1884
5888
5666
2474
1790
3084
2785
2572
1983
2462
3892
246
2020
1700
1826
1965
2449
1883
64
0 1
2 1
3 1
2 4
3 5
4 6
7 6
1 8
9 7
10 8
9 11
12 5
12 13
13 14
15 6
16 14
9 17
18 16
4 19
7 20
21 6
22 13
19 23
24 6
22 11
25 13
26 16
24 27
28 2
29 18
12 30
31 19
32 16
33 19
0 34
2 35
12 36
35 37
38 3
9 39
31 40
37 41
25 42
30 43
40 44
45 43
30 46
16 47
48 43
49 40
30 50
51 8
20 52
20 53
54 19
55 41
46 56
53 57
58 37
59 52
32 60
2 61
31 62
63 3
