#qgen
112
1169
1185
1256
1186
1175
1179
1170
1184
1178
1182
1177
1187
1171
1183
1172
1181
972
1387
1174
1168
1188
1173
1419
1180
1167
178
126
53
505
61
329
273
862
507
45
294
373
1392
215
654
266
898
297
299
1458
915
197
212
252
348
175
150
7
1139
313
210
534
317
377
397
80
35
140
325
277
657
926
1237
155
549
145
321
319
253
314
158
995
258
1092
338
327
8
87
163
333
492
176
191
265
221
1455
38
240
330
225
159
554
663
653
539
57
558
567
302
0
715
611
50
270
370
41
67
128
1 0
2 0
2 3
4 0
1 5
5 6
1 7
8 4
2 9
1 8
3 10
11 1
3 9
8 12
2 6
13 5
11 14
4 12
9 15
4 16
15 14
17 13
2 18
2 16
5 19
15 6
20 11
9 21
17 16
22 16
18 0
15 8
4 6
23 14
10 12
24 8
11 10
16 25
17 2
26 25
27 26
26 28
29 28
30 25
31 25
32 25
31 33
20 15
29 34
29 35
29 36
37 28
27 38
33 39
32 40
41 33
42 40
26 43
44 25
42 45
17 15
26 46
31 47
30 48
44 49
47 50
44 51
52 33
53 42
54 50
29 55
40 56
34 57
29 58
59 51
44 60
61 36
44 62
63 48
64 62
26 65
26 66
67 35
36 68
69 51
70 62
71 64
72 51
3 14
71 73
74 46
26 75
27 76
64 77
78 39
79 72
59 80
29 81
82 36
40 83
84 83
50 85
86 75
44 87
60 88
64 89
90 83
90 91
92 36
61 93
90 94
42 95
96 68
42 97
67 98
42 99
100 31
101 58
91 102
32 103
104 57
48 105
35 106
107 64
31 108
63 109
110 57
90 111
