#qgen
236
2982
2981
511
227
1174
2979
1639
1087
1825
2963
751
552
45
903
1712
2248
1048
498
2751
1277
1081
2229
2427
1753
2952
1958
1569
86
2636
2364
906
2548
2972
824
1177
1007
873
1250
1350
101
2337
2404
1044
1011
2936
400
1931
813
2426
160
2708
2470
994
1274
1836
710
1888
584
1034
13
1566
138
2474
1918
618
2194
2687
2740
1345
1117
2144
1959
2980
915
1150
1114
822
895
489
1038
601
1385
1041
148
2835
1208
1416
2593
248
1289
1156
616
1018
1769
2179
2850
534
279
2566
481
773
363
444
2954
555
2358
1910
443
580
2791
1506
2787
870
2288
533
92
2424
1228
736
902
2436
2800
2635
2749
596
608
1318
1539
779
1030
1695
999
507
2823
1421
1320
265
1263
1015
2380
1708
2672
944
2792
402
1547
1237
1400
2375
2605
1762
2946
453
1565
1053
2269
1806
782
832
636
1067
1025
298
725
2167
1031
981
1317
1052
1325
2387
717
993
1343
2006
2090
2212
696
1029
4
861
1231
652
2663
49
1553
182
942
673
2684
1116
492
738
2679
1618
2384
719
2042
119
27
1272
2955
857
2186
974
1120
1571
1749
1293
2169
2440
1071
2027
40
1046
1927
2197
1810
1189
1962
1215
894
2371
941
1554
2060
2448
2610
2816
2034
2449
2359
9
1022
467
1057
256
0 1
1 2
1 3
1 4
1 5
5 6
1 7
8 6
9 7
1 10
0 9
5 11
1 12
8 13
14 6
15 12
4 16
17 12
18 16
19 16
9 20
21 16
7 16
18 22
23 16
24 19
25 13
6 26
17 27
28 6
29 6
19 30
31 6
5 32
7 33
18 34
34 35
19 36
9 37
32 38
39 27
40 10
41 15
42 35
43 36
44 33
29 45
5 46
23 47
28 48
47 49
44 50
51 14
52 12
53 33
54 47
1 55
7 20
56 3
35 57
18 58
16 59
14 60
61 27
62 20
25 63
52 64
65 19
66 48
5 13
67 7
31 68
19 69
70 27
71 25
72 11
73 11
74 73
75 16
40 76
77 36
10 78
79 30
54 80
25 81
82 79
47 83
84 27
85 7
50 86
87 79
29 88
89 74
9 90
71 91
16 92
38 68
93 57
94 36
24 95
65 96
47 97
66 98
91 99
85 100
0 101
6 102
103 101
0 72
26 104
51 105
106 49
73 33
95 107
26 108
109 60
110 96
111 85
95 112
113 112
47 114
88 115
116 35
29 117
100 118
13 119
120 43
121 34
122 82
123 91
58 124
47 125
126 33
26 127
37 128
20 129
130 26
44 131
18 132
133 27
134 74
135 82
136 88
137 124
126 74
129 138
139 69
140 60
141 96
53 142
143 60
26 144
32 145
146 112
147 57
20 42
148 131
122 149
134 57
84 150
151 86
145 152
6 153
154 138
155 25
156 47
16 157
158 47
159 102
31 160
82 161
47 162
137 163
41 164
37 82
69 165
166 33
126 167
168 163
169 167
170 35
69 171
172 27
173 74
41 174
94 175
176 94
28 177
178 73
15 179
137 180
181 20
9 182
183 146
184 12
185 33
32 40
26 186
92 187
171 188
137 57
68 27
189 42
41 190
74 129
86 191
126 192
193 118
194 53
122 195
117 196
197 97
198 27
164 199
18 85
74 92
200 82
201 132
109 202
203 197
155 204
77 104
19 205
206 167
207 47
28 208
15 209
210 85
51 147
122 211
212 76
133 213
214 165
215 136
216 203
217 47
218 42
219 135
210 220
113 221
222 73
223 128
143 35
224 102
94 225
50 226
0 227
5 228
5 229
230 124
231 225
232 179
197 16
18 233
137 234
69 235
