#qgen
222
337
327
331
338
348
262
301
325
287
277
279
300
355
361
275
288
291
281
238
268
272
298
506
278
229
274
286
207
329
328
269
323
294
279
250
294
495
270
353
304
296
339
304
333
180
138
285
314
304
247
263
238
340
330
354
307
291
220
235
298
291
264
426
272
225
296
289
249
280
309
275
326
244
269
260
228
321
262
229
363
292
271
306
288
263
359
353
207
250
381
273
242
297
243
372
278
217
290
269
321
237
350
344
282
233
327
308
341
277
294
334
356
417
325
276
312
255
300
341
231
254
308
238
309
265
341
263
304
283
357
301
261
274
284
327
326
292
288
297
294
287
316
234
263
313
317
290
94
272
371
329
317
312
306
274
236
267
279
270
317
272
274
221
302
355
319
308
416
214
247
441
323
339
223
340
272
368
263
300
364
355
314
273
254
322
316
285
329
332
270
272
244
228
229
262
289
323
298
221
233
263
273
370
240
226
320
275
277
340
314
349
260
300
289
347
341
323
218
315
259
338
260
256
0 1
2 1
2 3
1 2
4 1
5 1
4 6
4 7
2 8
8 9
1 10
11 6
12 8
8 13
14 4
12 15
4 16
8 17
11 18
19 10
10 20
21 7
10 22
15 23
12 24
25 12
8 26
1 27
9 28
12 29
1 30
31 4
8 32
33 25
34 8
34 35
36 4
37 34
23 38
15 39
40 25
30 41
34 42
43 8
44 42
45 40
4 46
8 47
16 12
38 48
38 49
40 50
48 51
52 12
34 53
54 34
51 55
56 51
57 38
19 58
59 29
60 40
61 29
62 40
63 33
43 64
38 65
38 66
41 67
68 65
59 69
8 70
71 43
42 72
25 43
73 40
74 37
75 30
53 76
77 54
2 78
34 79
43 80
81 78
82 51
83 8
51 84
85 40
86 71
87 13
88 56
89 30
61 90
91 1
69 92
93 10
54 94
34 95
96 53
97 11
98 33
39 99
24 61
74 100
84 101
43 92
102 34
34 103
104 62
95 105
106 99
65 107
55 33
50 74
108 63
109 84
54 110
100 33
34 111
46 112
113 42
114 105
115 63
116 14
117 107
118 55
99 32
119 55
120 95
121 84
65 122
20 38
24 123
99 124
125 120
8 126
34 127
38 128
65 40
120 129
33 92
130 38
131 69
55 132
93 133
134 43
135 40
38 136
90 65
65 137
80 138
138 139
62 140
109 50
16 141
142 58
123 143
144 43
7 145
100 146
147 16
148 89
149 124
104 38
150 61
151 120
152 40
106 153
154 21
82 155
156 98
48 115
143 157
51 158
129 120
98 159
100 137
24 39
146 160
43 57
106 161
162 86
42 163
40 101
164 1
55 165
117 166
144 167
168 110
124 169
99 170
171 135
62 101
123 69
15 172
173 166
54 174
55 175
115 176
124 64
4 177
178 56
138 179
166 180
181 120
99 182
98 134
183 61
124 184
185 80
123 186
65 146
34 187
7 188
124 186
189 34
190 61
70 168
191 20
30 192
193 46
132 138
194 186
132 195
46 196
197 10
198 123
199 110
65 170
200 61
25 201
202 68
150 203
204 185
205 61
93 206
95 207
208 2
209 198
53 160
210 99
211 132
212 144
213 143
141 214
84 183
196 215
33 162
214 216
10 217
53 218
51 219
158 220
48 59
7 221
170 13
