#qgen
62
329
294
250
511
265
292
298
275
200
234
272
51
225
335
295
322
328
347
229
279
237
279
301
272
315
416
321
170
263
262
229
275
297
333
197
285
275
328
372
331
244
284
353
296
273
287
262
309
140
318
315
225
226
312
297
294
355
243
306
298
291
286
64
1 0
2 0
3 2
4 2
4 5
6 2
7 2
2 8
9 4
2 10
11 8
12 2
8 13
12 14
15 2
11 16
17 15
18 2
11 19
20 11
21 16
2 22
23 16
15 24
25 2
25 26
2 27
28 26
21 29
28 30
31 2
16 32
15 33
2 34
27 2
35 11
36 20
36 21
25 37
38 8
26 39
40 21
41 25
42 10
20 43
36 44
45 37
16 46
2 47
48 21
49 40
50 37
51 25
26 52
20 53
54 30
55 25
23 56
28 57
58 57
59 20
60 34
61 25
37 52
