#qgen
115
329
294
250
511
265
292
298
275
200
234
272
51
225
335
295
322
328
347
229
279
237
279
301
272
315
416
321
170
263
262
229
275
297
333
197
285
275
328
372
331
244
284
353
296
273
287
262
309
140
318
315
225
226
312
297
294
355
243
306
298
291
286
292
290
286
357
270
502
280
235
263
263
438
330
316
300
253
291
353
308
359
339
263
333
301
349
312
277
279
296
289
288
361
334
309
307
274
296
274
264
338
426
291
358
279
332
340
306
212
287
233
233
240
300
278
128
1 0
2 0
3 2
4 2
4 5
6 2
7 2
2 8
9 4
2 10
11 8
12 2
8 13
12 14
15 2
11 16
17 15
18 2
11 19
20 11
21 16
2 22
23 16
15 24
25 2
25 26
2 27
28 26
21 29
28 30
31 2
16 32
15 33
2 34
27 2
35 11
36 20
36 21
25 37
38 8
26 39
40 21
41 25
42 10
20 43
36 44
45 37
16 46
2 47
48 21
49 40
50 37
51 25
26 52
20 53
54 30
55 25
23 56
28 57
58 57
59 20
60 34
61 25
37 52
37 49
62 28
63 53
64 4
2 65
28 66
20 67
43 68
63 69
70 56
71 55
25 72
48 73
74 51
46 75
76 52
77 11
78 32
35 79
80 47
81 77
63 82
36 19
28 83
16 43
59 84
85 28
86 35
87 26
88 63
8 89
90 81
25 76
86 91
2 92
26 93
94 34
38 25
95 81
29 96
11 97
71 73
78 63
75 88
71 38
98 26
46 99
53 100
101 73
97 102
103 17
73 104
105 74
106 32
8 76
95 107
108 4
109 44
76 32
37 110
111 21
43 112
29 113
49 114
