#qgen
65
322
370
331
274
360
335
284
247
314
271
303
258
391
225
331
277
371
345
302
342
286
244
412
305
274
353
327
373
188
291
238
277
281
339
249
346
290
305
336
280
259
292
232
282
281
287
359
311
341
294
324
167
262
309
283
288
265
258
331
315
338
249
339
401
313
64
1 0
1 2
2 3
0 4
5 1
6 1
1 7
8 4
9 7
2 10
11 1
12 5
13 7
14 11
1 15
16 1
17 1
18 1
1 19
20 15
21 1
22 1
23 16
24 1
15 25
1 26
27 1
28 20
29 16
7 30
15 31
1 32
21 33
13 34
35 1
4 36
30 37
38 15
38 39
40 31
41 40
15 42
21 43
33 44
45 7
28 46
47 44
20 48
41 49
50 48
51 5
50 52
53 5
54 46
15 55
41 56
57 54
25 58
59 26
60 28
61 40
54 62
38 63
64 15
