#qgen
120
322
370
331
274
360
335
284
247
314
271
303
258
391
225
331
277
371
345
302
342
286
244
412
305
274
353
327
373
188
291
238
277
281
339
249
346
290
305
336
280
259
292
232
282
281
287
359
311
341
294
324
167
262
309
283
288
265
258
331
315
338
249
339
401
313
296
346
310
278
250
260
206
228
330
330
255
260
278
319
322
341
252
277
293
349
293
363
267
337
320
303
265
319
262
334
283
319
253
340
320
146
292
278
227
310
291
316
336
280
326
371
293
257
282
332
347
234
58
359
337
128
1 0
1 2
2 3
0 4
5 1
6 1
1 7
8 4
9 7
2 10
11 1
12 5
13 7
14 11
1 15
16 1
17 1
18 1
1 19
20 15
21 1
22 1
23 16
24 1
15 25
1 26
27 1
28 20
29 16
7 30
15 31
1 32
21 33
13 34
35 1
4 36
30 37
38 15
38 39
40 31
41 40
15 42
21 43
33 44
45 7
28 46
47 44
20 48
41 49
50 48
51 5
50 52
53 5
54 46
15 55
41 56
57 54
25 58
59 26
60 28
61 40
54 62
38 63
64 15
65 11
41 66
27 67
68 67
66 69
23 70
57 71
68 72
73 41
21 74
58 52
75 54
76 60
52 77
4 8
50 78
52 79
80 19
52 81
82 60
83 4
84 67
40 78
85 0
86 16
87 71
50 40
88 66
89 56
90 82
91 88
92 71
93 48
55 31
73 94
48 46
95 54
56 96
97 41
16 98
99 79
100 11
81 101
77 61
71 102
90 103
104 29
105 38
15 38
90 106
13 107
24 108
71 109
61 56
110 24
111 91
112 42
65 113
114 67
4 115
116 60
117 65
94 118
119 13
