#qgen
228
286
271
311
292
319
274
288
335
307
312
369
503
352
291
336
296
328
261
308
339
320
321
324
283
220
250
352
349
268
251
297
345
235
373
315
375
303
241
374
125
337
273
276
337
253
52
329
372
321
280
252
344
298
319
245
268
303
371
245
317
275
366
362
305
292
284
350
328
112
284
278
273
280
296
321
266
300
366
340
263
217
232
331
277
292
297
374
368
279
191
250
340
288
196
297
264
242
298
247
312
373
271
332
237
363
292
283
324
275
347
278
275
304
304
314
304
322
316
510
283
254
289
331
306
295
357
287
320
271
204
276
365
329
293
344
352
374
219
302
258
410
310
341
2
340
284
283
353
333
286
324
281
285
250
390
307
320
252
328
328
303
338
302
277
322
342
342
375
277
333
367
240
205
255
297
347
298
191
340
286
334
277
298
411
341
238
220
293
264
295
285
200
299
260
345
278
257
274
280
358
407
300
305
234
251
304
288
381
278
316
302
228
278
330
290
348
268
356
195
343
326
278
346
324
350
348
231
338
256
1 0
0 2
3 2
2 4
4 5
6 2
2 7
2 8
9 1
2 10
2 11
12 1
10 13
13 14
15 2
7 16
17 13
18 13
4 19
15 20
21 19
22 7
13 23
10 24
25 12
7 26
27 7
21 28
25 29
27 30
31 25
32 8
0 33
34 23
35 28
31 36
37 36
34 38
36 39
2 40
41 39
42 37
3 43
37 44
45 39
46 7
47 7
48 38
49 5
50 20
51 33
4 52
53 37
54 12
55 32
13 56
31 57
45 58
58 59
21 60
61 42
51 62
63 37
45 64
36 65
66 27
40 67
36 68
69 10
36 70
71 37
7 72
31 73
42 74
64 75
7 76
53 77
73 78
67 79
63 80
31 81
77 37
82 65
83 77
84 53
31 85
13 86
87 85
8 88
12 89
42 32
90 75
85 91
92 78
93 59
94 42
13 95
7 96
87 77
31 97
98 51
31 63
99 36
100 75
101 71
7 102
103 80
104 37
105 101
67 106
107 100
108 32
100 109
79 110
111 19
63 112
105 113
36 114
90 63
115 112
44 116
85 103
117 93
82 37
68 118
119 42
79 98
79 120
51 121
122 60
123 104
100 104
124 79
125 19
126 68
44 85
127 28
44 128
129 77
130 24
131 111
73 132
53 133
134 104
135 35
67 136
137 40
79 16
138 90
97 139
10 62
135 140
112 63
113 141
37 71
142 123
135 21
143 112
143 77
68 144
145 37
61 146
40 147
148 114
149 68
150 106
151 18
85 152
153 145
99 154
107 155
156 123
32 157
2 158
93 159
62 160
74 161
125 162
163 68
164 21
165 79
166 77
167 7
138 168
53 169
44 170
119 171
172 67
6 173
174 45
130 175
176 42
99 177
178 173
2 118
179 178
114 127
21 180
181 99
113 138
182 119
53 144
85 183
184 150
185 53
79 22
42 186
119 187
188 162
106 189
138 190
71 191
10 192
193 145
194 50
65 90
10 195
186 196
187 119
197 13
44 198
85 199
62 200
193 143
85 201
202 62
203 144
204 37
71 205
70 206
162 204
204 19
111 207
67 146
188 208
209 166
79 210
31 211
104 212
64 201
213 131
67 214
215 125
142 216
32 217
218 182
219 7
39 220
221 172
138 222
50 223
224 10
225 40
226 97
168 227
122 155
