#qgen
121
286
271
311
292
319
274
288
335
307
312
369
503
352
291
336
296
328
261
308
339
320
321
324
283
220
250
352
349
268
251
297
345
235
373
315
375
303
241
374
125
337
273
276
337
253
52
329
372
321
280
252
344
298
319
245
268
303
371
245
317
275
366
362
305
292
284
350
328
112
284
278
273
280
296
321
266
300
366
340
263
217
232
331
277
292
297
374
368
279
191
250
340
288
196
297
264
242
298
247
312
373
271
332
237
363
292
283
324
275
347
278
275
304
304
314
304
322
316
510
283
254
128
1 0
0 2
3 2
2 4
4 5
6 2
2 7
2 8
9 1
2 10
2 11
12 1
10 13
13 14
15 2
7 16
17 13
18 13
4 19
15 20
21 19
22 7
13 23
10 24
25 12
7 26
27 7
21 28
25 29
27 30
31 25
32 8
0 33
34 23
35 28
31 36
37 36
34 38
36 39
2 40
41 39
42 37
3 43
37 44
45 39
46 7
47 7
48 38
49 5
50 20
51 33
4 52
53 37
54 12
55 32
13 56
31 57
45 58
58 59
21 60
61 42
51 62
63 37
45 64
36 65
66 27
40 67
36 68
69 10
36 70
71 37
7 72
31 73
42 74
64 75
7 76
53 77
73 78
67 79
63 80
31 81
77 37
82 65
83 77
84 53
31 85
13 86
87 85
8 88
12 89
42 32
90 75
85 91
92 78
93 59
94 42
13 95
7 96
87 77
31 97
98 51
31 63
99 36
100 75
101 71
7 102
103 80
104 37
105 101
67 106
107 100
108 32
100 109
79 110
111 19
63 112
105 113
36 114
90 63
115 112
44 116
85 103
117 93
82 37
68 118
119 42
79 98
79 120
