#qgen
219
321
319
174
272
289
331
322
212
315
302
360
368
365
315
244
303
302
363
248
333
282
330
329
344
249
332
240
326
324
319
321
306
334
300
272
308
282
343
304
321
297
256
314
336
348
248
287
230
304
309
325
264
306
318
306
292
363
197
239
316
349
300
256
249
301
348
315
255
264
305
288
346
299
325
235
189
303
300
256
266
324
316
229
367
267
300
339
258
302
340
336
288
324
263
269
269
293
276
303
308
327
311
259
302
313
249
313
302
276
246
246
274
429
294
243
293
234
327
322
305
193
212
302
321
342
268
285
350
311
307
342
335
313
265
316
320
303
284
234
319
292
246
315
308
323
330
279
302
347
282
333
306
277
225
301
333
286
326
332
234
354
233
265
206
357
357
289
340
310
305
259
285
283
130
311
313
246
476
230
207
372
252
322
223
272
265
281
326
260
296
50
227
336
322
267
330
301
315
276
229
350
296
258
294
311
317
454
255
259
283
380
290
376
371
264
335
290
283
279
256
1 0
2 1
1 3
4 1
5 1
3 6
4 7
8 1
8 9
8 10
10 11
12 10
8 13
8 14
0 15
7 16
10 17
18 15
10 19
20 19
21 13
22 8
21 23
12 24
25 15
26 8
23 27
28 26
29 26
30 6
31 24
32 24
26 33
34 8
35 2
36 3
26 37
38 26
39 12
40 20
41 17
8 42
14 43
44 32
22 45
16 46
47 0
43 48
8 49
25 50
51 45
35 52
39 53
54 39
7 55
56 16
51 57
58 45
59 14
60 50
53 61
57 62
63 36
47 64
65 7
41 66
67 51
56 68
49 24
69 67
70 17
49 71
10 72
33 73
28 74
39 75
54 76
77 30
78 33
61 79
67 80
26 81
36 82
51 83
9 84
85 42
86 71
84 87
88 24
4 55
70 89
17 90
91 84
36 92
93 76
0 65
91 94
95 56
67 96
97 27
98 56
92 99
98 100
66 101
39 102
103 36
23 104
13 73
75 105
63 106
85 107
108 63
100 109
30 110
26 111
112 3
80 113
15 114
115 109
116 9
19 39
117 82
23 83
13 81
116 23
118 9
13 119
23 45
120 67
92 121
122 55
29 123
124 85
125 51
126 118
127 24
128 98
84 22
48 34
129 66
130 90
125 22
131 29
132 84
133 54
61 134
90 135
33 125
80 136
100 137
138 39
101 139
73 118
140 63
132 141
142 116
143 72
144 139
143 145
32 146
126 139
66 147
67 148
83 104
16 0
149 63
135 150
135 151
152 94
153 23
154 63
66 155
47 156
118 157
158 38
135 159
79 42
13 23
160 16
161 150
162 135
163 59
123 164
63 165
164 155
89 166
167 35
168 72
169 82
170 34
171 132
57 172
173 131
56 40
3 174
175 134
135 176
145 177
98 178
67 179
35 3
180 17
181 165
56 182
183 146
61 34
34 26
24 184
45 74
42 185
19 78
23 186
123 135
143 187
188 91
100 189
65 190
142 164
81 20
186 191
73 9
192 155
193 57
140 194
22 195
61 196
197 82
198 161
37 168
22 199
200 51
158 39
101 33
44 201
202 102
192 10
80 203
204 140
32 63
141 205
9 206
48 207
208 174
209 135
210 20
211 80
72 51
90 212
49 125
67 213
214 90
57 101
215 45
216 183
217 20
218 64
