#qgen
117
283
297
302
341
300
298
283
279
292
245
197
322
302
342
225
285
255
343
318
336
342
371
293
263
304
301
330
255
327
342
189
371
307
342
300
347
304
242
313
295
351
283
276
380
365
218
288
186
50
248
316
21
313
264
240
321
314
236
342
244
454
77
288
306
268
291
329
335
300
305
279
252
305
302
282
315
322
321
332
332
268
319
229
248
315
290
504
267
367
502
283
365
323
197
330
347
300
216
256
335
300
249
341
313
268
319
296
206
285
326
289
266
296
328
333
272
310
128
1 0
1 2
2 1
3 1
1 4
4 5
6 3
5 7
3 8
3 9
3 10
11 10
11 12
5 13
3 14
15 10
16 12
14 17
10 18
11 19
17 20
3 21
16 22
19 23
17 24
16 25
26 17
27 15
21 28
28 29
30 14
3 31
17 32
28 33
34 16
35 18
36 21
37 34
17 38
34 39
40 36
41 21
42 30
43 35
44 36
35 45
46 19
28 47
48 19
49 35
50 49
11 51
52 36
48 25
53 37
54 17
51 55
21 56
36 57
35 58
21 59
53 60
36 61
41 62
48 63
60 64
15 65
25 66
48 67
68 30
12 69
70 38
65 71
66 50
31 26
53 72
34 73
49 48
25 74
75 54
76 28
25 77
68 78
12 79
80 60
50 81
82 26
83 56
82 84
85 78
25 86
25 87
88 75
89 76
3 90
91 53
92 74
93 17
3 94
95 48
51 87
15 96
21 97
46 89
81 98
99 49
100 29
30 88
26 101
102 60
78 14
103 60
99 104
100 105
73 106
107 76
63 108
11 109
48 69
63 76
110 109
99 80
111 98
86 112
66 113
101 114
46 115
116 45
