#qgen
244
300
360
299
323
256
322
268
302
249
259
267
381
280
291
498
322
251
343
252
309
299
338
324
311
256
355
312
240
307
382
250
351
324
372
347
301
159
374
212
242
286
330
302
280
503
316
273
282
319
61
276
300
333
326
323
333
307
283
301
329
302
276
329
267
265
288
323
373
269
270
353
360
310
337
286
349
326
333
332
280
327
264
284
378
360
286
353
314
312
309
295
332
340
275
292
304
313
236
284
293
199
286
271
237
319
394
288
286
311
316
266
288
342
255
246
289
359
313
155
301
276
301
245
295
245
245
310
329
318
306
297
259
347
331
340
375
273
290
279
257
287
188
291
364
335
338
261
330
365
294
409
348
267
311
295
316
292
377
236
274
280
250
302
109
311
252
325
29
285
304
243
273
227
317
314
309
371
252
305
320
282
260
351
257
357
352
272
324
302
241
351
325
241
337
302
342
357
347
338
303
194
251
307
299
219
323
312
340
271
318
238
345
328
291
287
327
234
326
252
224
321
375
297
321
317
303
328
307
286
328
289
303
299
385
329
343
299
305
215
417
279
324
275
284
256
1 0
2 1
2 3
4 0
5 4
5 6
7 5
5 8
9 5
5 10
5 11
12 5
13 5
14 8
15 11
5 16
0 17
5 18
19 16
5 20
16 21
5 22
16 23
24 22
25 23
5 26
5 27
5 28
29 20
30 16
31 5
32 5
33 5
34 25
18 25
35 29
32 36
37 5
38 5
39 29
40 16
41 16
42 23
43 29
44 5
45 22
41 46
47 5
29 48
49 29
18 50
51 20
52 45
46 53
16 54
55 45
53 56
22 57
58 56
29 59
60 29
9 61
62 41
49 63
64 49
65 5
66 37
67 51
18 68
69 49
70 48
71 29
72 5
73 16
74 23
22 75
76 49
77 21
29 78
23 79
75 80
81 56
49 82
83 72
84 48
85 69
86 63
87 45
88 5
69 89
5 90
91 71
92 77
75 93
94 53
69 95
96 84
97 22
98 48
99 5
96 100
101 16
69 102
103 5
104 29
105 90
106 29
107 95
10 108
109 75
22 110
5 111
36 112
85 82
93 113
97 114
60 115
116 67
117 46
69 118
25 119
120 52
29 103
121 120
25 122
91 123
124 80
5 125
121 126
127 12
17 128
121 129
130 25
89 131
132 129
74 133
134 76
135 31
63 136
137 87
136 129
138 80
90 139
140 38
112 36
74 141
25 142
143 105
4 144
145 79
43 146
29 147
148 138
149 82
29 71
25 74
129 49
150 126
151 25
41 152
153 137
46 154
155 26
156 18
157 149
25 158
159 93
160 82
71 161
160 162
23 163
63 164
165 90
129 166
105 167
138 168
43 169
131 170
171 96
46 172
173 56
149 174
175 81
48 176
177 71
120 149
178 74
179 123
180 83
181 100
170 164
69 182
183 149
184 16
185 80
143 186
187 36
188 181
189 49
121 190
189 191
75 192
193 175
101 194
25 195
107 196
197 69
74 198
199 67
168 200
121 201
202 121
138 203
201 204
205 164
206 5
207 127
32 208
143 209
210 5
211 149
124 212
213 76
214 111
134 215
216 160
121 63
217 171
218 158
111 219
93 220
221 152
222 179
81 175
223 52
207 224
191 225
226 122
227 70
228 36
229 87
230 189
164 231
232 16
233 189
234 126
235 22
236 103
237 164
171 238
239 112
99 240
79 241
242 190
229 243
234 242
