#qgen
242
290
283
279
359
420
366
326
116
371
302
154
333
231
297
319
381
279
285
254
348
315
288
301
424
339
348
314
321
380
151
292
254
298
307
75
364
274
312
250
297
328
399
314
212
236
138
298
276
283
245
354
268
299
244
281
277
202
283
347
253
276
330
318
335
204
344
304
276
354
289
243
398
342
276
184
278
192
277
294
333
327
348
247
272
363
264
283
239
327
258
250
318
319
6
269
244
329
320
351
318
287
313
335
341
291
325
325
257
341
320
301
244
319
270
282
306
296
368
320
340
368
499
269
314
287
306
258
326
146
399
315
311
250
336
283
315
243
346
304
342
230
272
377
318
314
233
330
370
308
245
244
308
235
307
363
296
297
200
271
262
281
137
301
281
334
276
361
318
385
269
280
225
269
364
240
274
346
279
374
255
257
244
283
318
330
325
307
404
265
267
329
354
379
320
373
279
274
251
269
275
250
343
292
304
298
427
299
316
270
273
324
300
332
223
311
278
306
276
296
308
299
329
291
217
289
270
342
329
270
308
332
355
272
330
297
310
280
335
289
328
343
355
256
1 0
2 0
3 2
3 4
5 4
4 6
7 3
8 1
9 3
10 2
8 11
1 12
13 1
14 10
12 15
16 11
11 17
4 18
19 18
3 20
21 20
18 22
23 21
24 10
25 4
4 26
4 27
18 19
23 28
7 29
12 30
5 31
12 32
8 33
34 1
11 35
3 36
19 37
20 38
39 21
40 33
12 41
42 25
43 35
44 4
21 45
33 46
47 1
48 45
49 34
50 5
51 47
52 25
5 53
34 54
53 55
56 34
57 54
58 47
59 33
60 20
20 61
56 62
63 56
64 53
65 56
34 49
66 56
67 38
68 62
50 38
16 69
35 70
71 3
3 72
53 73
74 52
56 75
76 54
77 48
33 78
73 79
80 44
81 60
82 4
83 78
57 84
56 85
86 64
87 39
88 1
4 89
90 56
76 91
86 92
44 93
94 60
95 37
96 27
97 12
35 43
98 61
99 45
60 100
76 101
53 50
102 35
103 45
104 9
105 97
106 92
107 50
84 108
44 109
25 110
98 111
112 37
113 97
114 56
4 115
37 116
117 56
15 118
100 119
120 47
7 121
122 38
123 3
53 124
125 56
126 33
127 76
128 33
129 67
47 130
131 129
3 132
133 69
52 134
18 135
136 60
39 137
138 64
52 139
74 140
93 141
142 43
143 125
144 82
145 107
146 142
147 139
52 148
149 12
150 125
151 97
152 35
153 20
154 111
155 84
93 156
157 152
50 94
142 158
159 78
160 87
142 161
162 84
163 43
164 44
165 119
166 125
75 167
53 168
25 169
44 18
5 170
59 171
172 1
173 119
39 174
170 175
104 176
177 82
147 9
76 178
179 46
51 180
100 181
182 0
156 183
53 184
185 175
186 37
35 187
87 188
148 189
4 190
191 33
89 5
192 53
193 170
194 154
195 148
44 196
191 197
179 198
53 199
64 200
201 185
202 199
203 108
204 177
205 125
206 33
207 198
33 208
209 64
51 210
211 151
67 212
33 213
136 5
214 60
215 56
48 98
216 191
35 217
55 101
218 9
45 219
108 203
212 220
221 3
222 64
223 38
2 59
56 224
82 225
226 74
47 227
82 228
229 226
230 21
69 16
231 34
232 11
233 50
103 234
58 235
236 231
237 204
86 238
239 4
56 240
241 171
