#qgen
64
290
283
279
359
420
366
326
116
371
302
154
333
231
297
319
381
279
285
254
348
315
288
301
424
339
348
314
321
380
151
292
254
298
307
75
364
274
312
250
297
328
399
314
212
236
138
298
276
283
245
354
268
299
244
281
277
202
283
347
253
276
330
318
335
64
1 0
2 0
3 2
3 4
5 4
4 6
7 3
8 1
9 3
10 2
8 11
1 12
13 1
14 10
12 15
16 11
11 17
4 18
19 18
3 20
21 20
18 22
23 21
24 10
25 4
4 26
4 27
18 19
23 28
7 29
12 30
5 31
12 32
8 33
34 1
11 35
3 36
19 37
20 38
39 21
40 33
12 41
42 25
43 35
44 4
21 45
33 46
47 1
48 45
49 34
50 5
51 47
52 25
5 53
34 54
53 55
56 34
57 54
58 47
59 33
60 20
20 61
56 62
63 56
