#qgen
126
38
248
263
282
306
323
291
287
278
207
358
364
264
254
323
326
324
45
246
268
253
280
311
276
319
258
244
279
309
335
168
217
258
348
295
307
329
265
271
359
263
264
303
248
353
354
273
228
294
268
297
281
328
401
285
244
269
282
346
364
302
505
292
353
316
322
340
285
354
322
228
473
227
353
371
319
333
213
285
310
324
313
256
320
273
287
275
318
310
215
360
325
243
267
358
264
301
274
283
243
323
336
312
295
252
300
310
302
274
236
330
273
298
239
321
296
301
346
263
288
310
265
333
268
337
219
128
1 0
2 0
2 3
4 2
5 4
6 5
5 7
8 5
9 2
3 10
7 11
12 9
13 8
11 14
15 4
11 16
5 17
18 14
16 19
20 17
16 21
20 22
6 23
3 24
12 25
7 26
27 6
28 25
29 17
30 6
18 31
32 14
17 33
2 34
32 35
36 12
35 37
38 20
39 1
40 3
41 30
42 26
36 43
20 44
45 21
12 46
6 47
43 48
3 49
47 50
51 36
35 52
53 43
54 52
55 44
56 9
57 12
54 58
59 6
46 60
12 61
62 43
63 9
64 43
65 44
3 66
65 67
68 44
69 45
66 70
71 50
29 72
73 49
74 47
58 75
14 76
77 65
78 67
79 74
80 66
81 65
53 82
45 83
84 47
85 51
86 20
56 87
66 88
20 89
90 66
74 46
91 34
42 92
93 55
91 94
6 95
62 96
87 97
65 98
24 99
81 100
101 34
57 102
103 51
98 104
43 105
106 65
107 86
108 29
66 109
110 66
106 4
31 111
11 19
112 66
113 101
43 114
115 32
116 68
62 117
116 118
8 119
120 102
52 121
122 86
102 123
56 124
44 125
