#qgen
65
38
248
263
282
306
323
291
287
278
207
358
364
264
254
323
326
324
45
246
268
253
280
311
276
319
258
244
279
309
335
168
217
258
348
295
307
329
265
271
359
263
264
303
248
353
354
273
228
294
268
297
281
328
401
285
244
269
282
346
364
302
505
292
353
316
64
1 0
2 0
2 3
4 2
5 4
6 5
5 7
8 5
9 2
3 10
7 11
12 9
13 8
11 14
15 4
11 16
5 17
18 14
16 19
20 17
16 21
20 22
6 23
3 24
12 25
7 26
27 6
28 25
29 17
30 6
18 31
32 14
17 33
2 34
32 35
36 12
35 37
38 20
39 1
40 3
41 30
42 26
36 43
20 44
45 21
12 46
6 47
43 48
3 49
47 50
51 36
35 52
53 43
54 52
55 44
56 9
57 12
54 58
59 6
46 60
12 61
62 43
63 9
64 43
