#qgen
65
293
360
402
225
387
177
217
363
337
297
261
293
327
348
228
294
323
275
254
450
288
398
302
294
314
274
365
357
288
8
331
313
313
360
234
289
223
318
362
232
281
273
350
316
264
291
302
410
324
297
289
310
293
236
323
266
292
252
364
321
273
226
324
333
315
64
1 0
1 2
3 1
4 1
3 5
2 6
5 7
8 1
3 9
10 2
10 11
1 12
13 5
7 14
15 14
16 1
17 13
18 11
19 1
20 18
1 21
5 22
23 9
5 24
11 25
25 26
25 27
25 28
29 14
25 30
31 3
32 26
28 33
27 34
5 35
16 36
37 35
28 38
39 26
40 9
41 38
27 42
19 43
44 27
11 45
19 46
47 32
48 5
49 5
38 50
5 51
52 6
53 5
54 39
55 32
56 44
39 57
27 58
59 33
60 15
61 60
42 62
59 63
54 64
