#qgen
206
293
360
402
225
387
177
217
363
337
297
261
293
327
348
228
294
323
275
254
450
288
398
302
294
314
274
365
357
288
8
331
313
313
360
234
289
223
318
362
232
281
273
350
316
264
291
302
410
324
297
289
310
293
236
323
266
292
252
364
321
273
226
324
333
315
288
303
268
319
266
338
315
298
285
312
380
311
322
262
360
446
354
221
352
295
266
256
302
292
281
295
253
316
317
487
358
371
196
252
334
283
335
269
257
358
265
309
275
296
266
438
350
259
328
332
328
327
361
59
349
289
345
182
351
380
272
385
305
320
302
298
208
234
322
280
226
358
275
357
343
283
312
325
280
361
308
323
246
261
323
250
349
287
299
284
287
359
366
316
215
326
195
281
308
265
257
267
299
314
359
292
302
273
224
308
290
338
290
230
324
315
252
356
280
309
373
295
344
273
340
260
256
287
345
324
254
309
361
193
214
301
258
55
383
167
333
256
1 0
1 2
3 1
4 1
3 5
2 6
5 7
8 1
3 9
10 2
10 11
1 12
13 5
7 14
15 14
16 1
17 13
18 11
19 1
20 18
1 21
5 22
23 9
5 24
11 25
25 26
25 27
25 28
29 14
25 30
31 3
32 26
28 33
27 34
5 35
16 36
37 35
28 38
39 26
40 9
41 38
27 42
19 43
44 27
11 45
19 46
47 32
48 5
49 5
38 50
5 51
52 6
53 5
54 39
55 32
56 44
39 57
27 58
59 33
60 15
61 60
42 62
59 63
54 64
65 27
5 66
11 67
68 27
69 56
70 54
71 42
55 72
25 73
70 74
21 75
76 39
26 77
70 78
78 57
34 79
80 54
81 66
56 82
83 66
57 54
25 84
76 59
56 27
55 85
25 86
67 44
55 87
77 88
57 41
33 89
90 27
91 54
92 54
58 93
30 94
95 27
25 96
93 97
98 49
6 99
25 100
101 92
102 36
103 99
64 104
76 105
106 66
38 107
34 108
38 65
109 90
57 110
111 97
11 103
112 111
67 11
113 69
114 65
111 115
115 116
117 95
28 111
63 93
118 42
86 119
88 120
71 70
107 121
83 122
123 122
124 119
104 125
113 126
75 39
127 104
64 112
126 128
59 65
95 127
38 39
129 90
80 130
131 89
83 132
91 117
90 133
95 134
62 42
36 135
93 136
42 137
19 138
139 122
140 104
89 65
87 141
75 142
143 1
144 76
145 37
1 146
74 95
147 15
127 148
149 111
150 133
87 58
111 114
57 151
152 27
153 5
14 154
155 111
111 156
111 107
125 74
73 89
157 74
117 158
118 104
159 35
19 160
161 122
162 26
134 163
44 110
164 117
67 73
46 165
57 120
166 95
49 167
168 133
115 169
170 34
97 171
172 104
88 173
72 174
5 175
113 122
77 89
176 26
166 77
142 42
177 143
178 174
116 115
179 63
180 126
75 181
182 91
183 152
54 129
184 115
125 137
89 182
80 185
32 186
148 187
188 140
141 189
77 27
122 111
190 91
191 60
94 59
44 192
166 193
130 194
195 55
104 182
91 44
72 196
197 26
84 125
54 181
198 25
183 42
199 107
165 200
201 119
41 71
134 202
197 203
183 204
88 137
90 107
75 197
133 119
68 205
