#qgen
63
315
275
319
267
260
379
375
349
339
333
365
258
365
314
339
317
285
314
323
342
277
294
301
343
258
274
233
358
342
345
342
295
296
259
324
324
234
260
274
306
336
348
347
406
270
240
329
325
279
218
310
304
497
299
341
281
356
413
343
290
352
344
275
64
0 1
2 1
2 3
4 3
5 4
6 4
4 7
8 4
4 9
4 10
11 3
6 12
13 9
12 14
15 14
15 16
6 14
3 17
18 10
19 2
17 20
15 21
22 15
23 16
24 11
25 6
16 26
27 23
28 25
25 29
30 21
31 17
14 32
33 31
16 34
4 35
36 25
37 26
23 38
37 39
35 40
27 41
42 23
43 25
19 44
45 21
21 46
47 26
48 23
49 30
28 50
17 51
16 52
11 24
53 46
26 54
55 16
56 23
57 16
58 6
59 10
60 46
30 61
62 21
