#qgen
120
315
275
319
267
260
379
375
349
339
333
365
258
365
314
339
317
285
314
323
342
277
294
301
343
258
274
233
358
342
345
342
295
296
259
324
324
234
260
274
306
336
348
347
406
270
240
329
325
279
218
310
304
497
299
341
281
356
413
343
290
352
344
275
276
287
273
270
306
336
256
313
274
253
328
293
365
272
387
325
352
295
289
327
247
313
348
291
321
306
305
327
327
265
259
285
250
281
365
321
247
282
259
298
287
225
267
273
333
296
316
309
258
220
314
321
244
308
73
314
348
128
0 1
2 1
2 3
4 3
5 4
6 4
4 7
8 4
4 9
4 10
11 3
6 12
13 9
12 14
15 14
15 16
6 14
3 17
18 10
19 2
17 20
15 21
22 15
23 16
24 11
25 6
16 26
27 23
28 25
25 29
30 21
31 17
14 32
33 31
16 34
4 35
36 25
37 26
23 38
37 39
35 40
27 41
42 23
43 25
19 44
45 21
21 46
47 26
48 23
49 30
28 50
17 51
16 52
11 24
53 46
26 54
55 16
56 23
57 16
58 6
59 10
60 46
30 61
62 21
46 63
52 64
65 23
25 66
30 67
68 52
24 69
70 25
71 27
51 72
60 73
52 74
75 12
17 76
20 38
77 35
78 58
79 55
80 55
78 81
63 82
83 47
84 31
83 85
74 86
87 49
7 4
88 81
30 89
81 42
23 55
90 4
91 25
43 92
29 93
59 94
25 90
95 51
87 96
52 97
98 26
99 70
26 100
31 101
102 89
103 41
104 73
105 63
106 17
62 47
107 61
98 108
109 6
13 3
110 95
111 98
59 112
113 98
91 114
98 115
41 116
12 117
118 99
119 63
