#qgen
62
97
127
37
43
101
128
50
88
9
118
112
74
19
116
7
109
44
80
24
95
109
84
98
35
77
43
56
75
59
47
13
48
1
117
23
82
6
55
100
49
61
36
51
42
96
97
62
58
99
7
47
126
90
13
118
71
30
43
98
28
50
118
128
1 0
2 0
3 0
2 4
2 5
6 2
3 7
8 0
2 9
6 10
1 11
10 12
6 13
2 14
2 15
1 16
17 0
18 5
1 19
2 20
19 21
22 0
23 10
1 24
1 25
2 26
22 27
28 12
2 29
2 30
19 31
28 32
11 33
31 33
28 14
34 0
15 35
16 5
1 36
37 0
1 38
39 12
31 40
23 41
39 29
25 4
23 0
40 0
22 25
3 14
42 3
18 29
14 4
25 27
38 30
33 10
43 0
25 32
44 0
3 45
43 46
27 41
2 47
11 48
24 49
31 23
40 12
10 29
1 13
43 15
50 12
3 19
1 51
48 12
50 0
31 0
25 52
27 0
6 0
23 13
7 35
6 41
4 41
31 15
1 14
2 21
45 0
2 53
50 45
1 41
31 10
49 41
31 48
31 13
11 54
20 41
6 43
31 55
1 27
11 41
13 56
42 15
16 44
16 29
57 0
31 20
39 17
49 28
44 23
19 29
28 9
58 0
54 46
28 15
38 17
1 35
49 25
25 20
3 15
23 33
25 29
14 29
16 59
54 15
1 60
61 0
7 15
24 9
