#qgen
113
97
127
37
75
121
51
103
43
112
62
106
22
5
46
81
7
74
74
61
123
13
106
68
7
23
121
59
49
17
44
90
53
96
47
7
82
42
43
49
27
106
99
24
118
116
43
102
33
128
118
80
118
65
13
88
81
1
118
6
101
36
58
117
49
5
126
48
66
35
12
103
56
56
109
39
65
5
39
90
56
77
90
121
87
105
76
95
121
55
19
124
100
47
71
97
84
116
89
79
80
3
109
54
80
36
30
42
119
62
98
28
44
50
256
1 0
2 0
3 0
2 4
2 5
2 6
2 7
1 8
2 9
7 10
2 11
12 9
7 13
4 14
15 3
2 16
1 17
7 18
2 19
2 12
19 20
17 0
10 21
2 22
2 23
2 24
22 25
26 16
6 27
4 27
28 22
29 26
22 14
28 30
21 31
32 0
33 21
11 34
4 35
2 36
22 4
20 37
38 36
28 39
34 40
12 41
1 41
42 0
28 43
44 9
11 31
28 45
12 27
46 34
47 42
21 48
49 0
50 36
2 51
44 11
52 50
44 38
7 53
22 54
37 55
37 56
44 22
21 57
58 3
28 59
24 60
12 14
6 30
23 48
2 61
1 62
38 63
2 20
1 26
64 25
16 20
34 14
12 31
28 57
44 4
7 34
1 65
44 6
66 57
2 14
22 20
67 57
68 50
28 25
69 21
34 70
15 26
71 49
2 33
21 46
25 41
29 72
33 73
74 31
2 75
36 63
33 76
74 47
74 41
69 35
21 56
2 77
69 78
31 37
34 79
2 38
80 43
37 81
10 35
70 40
43 82
28 47
36 56
34 73
2 83
2 50
34 18
21 27
68 84
22 47
44 85
24 78
86 82
22 27
2 67
2 87
2 60
38 88
66 60
50 57
21 51
52 13
59 73
18 89
57 53
45 27
21 90
33 57
91 10
29 92
93 19
75 87
33 6
94 89
34 31
10 25
2 95
66 96
29 47
96 89
28 16
19 79
34 23
16 42
43 51
25 97
20 48
90 47
7 39
12 38
33 45
26 94
25 98
66 25
74 50
17 65
93 99
62 8
69 99
10 73
44 43
12 93
7 54
100 54
28 10
50 42
100 0
13 50
33 79
68 30
12 57
66 101
64 79
34 38
7 33
64 31
2 102
26 89
21 47
58 10
40 103
104 81
80 40
7 57
24 73
26 59
24 31
83 22
42 36
19 37
69 31
34 20
28 53
68 41
7 21
43 64
22 79
7 22
75 105
91 90
43 106
7 61
74 57
33 30
44 93
96 92
24 6
52 48
24 44
107 25
91 108
25 4
24 22
66 36
12 30
73 51
2 28
78 35
9 27
44 48
107 74
44 64
109 0
24 74
91 23
9 57
110 5
93 48
66 18
7 0
44 70
111 99
7 23
29 99
28 33
112 62
