#qgen
55
24
119
49
128
68
17
51
5
112
12
61
37
40
69
118
92
44
85
82
5
73
107
71
18
115
111
75
30
117
113
66
51
21
114
119
91
17
120
118
121
55
102
45
111
69
6
68
122
116
115
19
61
88
128
105
128
0 1
2 1
0 3
3 4
5 1
6 0
6 7
4 8
9 3
10 0
1 11
2 12
13 4
6 14
13 15
3 14
16 0
17 4
8 18
19 15
20 17
17 21
6 22
23 22
24 21
25 17
26 8
9 27
0 27
28 6
12 11
20 0
24 0
29 18
24 26
13 30
24 31
20 32
33 1
9 30
25 26
7 25
20 25
34 8
29 30
16 35
34 18
28 0
0 34
36 3
36 26
31 29
23 0
6 31
31 26
37 30
25 0
38 6
9 14
39 0
20 34
34 30
40 1
26 21
24 18
0 22
6 25
14 30
32 21
19 9
38 31
17 36
32 22
19 17
40 41
20 27
23 4
42 18
22 43
32 4
28 38
24 17
3 34
31 34
33 44
45 0
26 30
39 46
9 21
28 4
0 30
13 0
44 1
19 1
24 47
34 22
34 1
48 0
6 20
28 31
35 12
3 26
12 15
9 4
24 25
33 11
49 34
50 48
51 1
31 18
52 5
41 44
13 5
25 9
28 32
3 8
12 34
20 43
46 1
40 26
32 34
53 1
33 52
51 52
6 4
20 30
54 22
23 8
