#qgen
111
24
119
49
51
69
99
120
118
92
75
122
114
38
60
73
4
114
69
51
115
12
18
18
113
121
68
1
85
107
115
21
34
109
71
51
88
15
66
44
118
59
8
12
99
19
127
88
67
82
91
100
8
68
8
111
111
88
119
128
17
82
30
74
72
85
5
127
117
68
33
66
30
41
116
17
22
53
22
121
55
87
12
61
2
27
75
78
117
71
4
99
111
67
66
105
42
112
85
57
27
101
121
37
17
114
40
65
24
45
86
71
256
0 1
2 1
3 0
3 4
5 2
6 0
7 4
4 8
3 9
10 1
11 1
3 12
5 13
7 14
14 15
3 16
17 1
18 6
19 7
16 20
19 21
19 22
7 23
24 23
22 25
19 26
13 9
27 9
0 28
29 8
14 30
29 1
27 0
31 21
32 28
16 33
30 34
35 23
3 30
13 36
31 37
38 10
25 39
14 40
41 37
23 36
42 25
43 1
19 0
7 32
44 38
40 45
46 1
12 42
47 39
42 48
49 1
50 13
16 48
2 51
31 45
42 52
3 53
33 54
55 27
0 23
10 56
22 57
55 35
19 58
53 48
59 28
39 60
45 30
61 59
39 33
9 39
32 62
63 37
55 9
64 47
31 65
7 66
67 53
68 56
2 13
69 47
61 70
19 55
9 28
0 71
72 2
4 70
3 39
44 73
40 59
4 74
2 64
12 62
75 50
67 23
7 76
23 60
48 9
77 43
22 50
67 58
75 78
3 55
66 32
19 10
64 69
11 17
20 79
80 50
6 70
22 81
69 36
3 48
50 69
82 56
3 20
61 57
76 83
9 57
84 37
85 40
16 78
40 41
83 74
7 86
7 87
3 70
78 33
88 20
81 59
2 8
89 14
58 70
7 31
90 62
3 41
3 65
7 5
25 28
72 64
14 27
91 64
31 83
19 47
92 41
22 30
24 31
67 32
22 66
65 37
93 13
55 4
80 81
89 76
3 61
5 25
4 27
8 56
44 94
27 74
2 95
50 49
76 48
67 93
96 70
48 39
97 95
0 9
75 51
25 47
78 68
29 2
78 20
67 25
22 75
3 6
93 62
98 60
40 83
15 90
28 33
72 99
22 98
32 25
61 81
40 25
32 39
100 90
87 37
31 16
101 25
41 87
3 71
72 13
80 34
1 102
93 70
34 96
103 1
53 41
3 80
80 86
85 48
25 23
22 86
104 8
30 39
40 15
105 1
59 9
80 33
31 48
94 6
93 106
0 59
0 56
24 41
63 34
107 101
3 28
73 108
93 25
53 55
7 0
42 83
22 84
8 1
96 36
104 109
3 110
19 89
3 89
0 58
3 58
28 60
23 96
19 14
73 0
45 106
19 16
89 12
16 92
96 60
19 96
66 14
61 86
19 70
45 90
25 70
19 92
