#qgen
109
98
25
117
96
41
85
26
62
94
66
58
99
58
97
23
65
100
79
74
65
119
98
54
9
55
43
3
126
22
97
75
89
69
33
18
116
12
115
97
27
119
48
38
4
107
67
4
39
52
92
28
112
77
73
5
97
35
8
79
39
13
109
77
50
47
63
47
114
10
19
105
45
19
128
35
85
128
8
33
19
117
109
88
123
4
29
50
15
72
128
29
68
105
44
14
30
111
114
128
74
101
72
122
44
17
123
9
89
64
256
1 0
1 2
3 2
2 4
5 4
2 6
2 7
8 4
2 9
10 2
2 11
5 8
5 12
13 12
2 14
2 15
5 16
17 5
8 18
13 19
18 20
1 21
2 22
14 23
2 12
24 13
25 24
26 16
19 27
13 28
3 29
30 20
31 2
26 2
29 10
2 32
33 9
16 34
35 23
24 11
36 28
29 37
38 30
39 9
29 40
2 41
39 12
5 42
17 26
43 30
36 44
14 45
46 34
45 47
48 46
41 49
50 22
51 48
22 52
53 9
54 20
30 55
48 56
57 24
58 39
59 12
31 48
42 2
39 60
24 18
52 20
28 61
10 43
16 62
63 48
2 19
18 59
26 9
13 9
64 47
2 27
2 65
10 66
48 67
2 52
23 9
38 68
29 69
8 22
43 9
48 62
53 31
69 52
70 39
38 8
71 34
72 69
52 73
74 41
43 75
24 12
8 34
18 30
43 23
24 61
30 11
34 24
55 61
76 22
72 39
41 61
23 77
48 45
76 61
39 14
78 49
5 79
75 79
80 20
30 15
8 16
26 8
81 61
2 82
83 61
5 2
39 52
61 80
84 67
22 41
85 36
8 71
41 30
79 86
47 36
2 56
10 76
5 70
87 64
60 36
88 53
56 34
3 69
78 33
89 28
72 18
22 59
38 37
17 21
90 48
68 91
25 92
74 93
53 69
30 28
58 68
94 63
10 24
45 59
53 75
34 60
33 20
95 80
8 79
56 18
74 34
92 11
68 30
96 45
5 95
16 9
90 30
53 45
38 13
95 7
97 13
36 78
30 98
82 67
99 75
43 16
69 54
23 45
41 13
37 86
79 100
5 67
26 101
8 9
56 77
102 16
48 80
94 9
16 24
68 103
29 50
65 104
5 90
3 68
105 36
23 12
14 22
65 9
105 80
48 28
18 73
93 12
25 6
69 61
5 106
94 2
10 9
75 90
64 28
23 24
97 30
48 24
97 29
107 2
50 37
19 54
22 25
38 20
30 103
41 45
16 49
40 2
31 108
22 45
105 7
10 22
48 36
29 22
22 91
34 49
73 82
43 63
53 99
106 2
68 33
75 71
76 7
72 48
98 61
94 40
10 69
23 82
7 80
56 45
87 25
102 48
102 2
65 75
88 5
55 36
31 75
