#qgen
111
70
76
103
64
102
98
31
28
108
56
41
74
51
118
32
41
96
19
25
7
80
87
93
37
69
70
78
15
50
46
52
85
7
88
37
103
118
114
4
24
62
3
125
23
76
4
119
125
101
66
76
17
37
58
42
99
96
31
30
101
105
100
116
69
127
64
99
5
115
7
65
98
11
34
64
98
119
30
8
95
118
49
40
67
16
92
13
114
82
4
128
27
70
16
54
3
93
123
99
122
53
61
68
17
62
4
27
112
91
12
88
256
0 1
0 2
1 3
0 4
5 0
6 0
0 7
1 8
9 0
0 10
11 3
0 12
6 13
0 14
15 0
9 16
17 2
18 4
19 4
9 20
21 0
19 22
15 23
24 5
25 3
0 13
0 26
9 2
12 4
24 27
9 28
6 29
5 30
5 31
24 32
27 29
24 31
33 32
34 7
35 2
0 3
36 34
12 14
30 37
0 38
24 39
19 29
16 28
2 40
0 41
42 0
41 13
43 40
35 44
36 38
45 8
0 46
0 47
23 48
15 34
49 45
0 50
51 37
10 12
17 52
53 28
54 2
7 55
56 29
23 36
35 20
57 39
22 58
59 50
31 46
32 60
61 29
7 62
50 3
46 50
12 55
63 13
9 43
9 35
7 38
64 2
33 29
36 12
65 3
5 66
43 67
68 2
69 13
61 30
24 22
70 46
8 44
34 71
0 51
66 58
24 4
27 66
72 38
42 58
52 20
62 14
17 28
0 73
51 30
66 31
57 74
75 58
76 65
63 2
77 3
78 3
75 13
47 79
80 25
81 26
82 73
9 48
55 38
45 12
56 75
1 83
0 72
0 84
52 55
56 0
79 85
81 86
87 35
88 39
89 44
0 90
91 85
68 0
54 0
88 32
43 55
83 92
23 38
35 40
2 20
35 62
54 64
66 22
53 17
15 12
75 93
15 40
66 29
94 33
35 52
17 55
73 46
49 41
56 22
27 58
52 71
64 20
95 25
20 40
0 96
5 22
23 96
0 86
89 12
32 31
39 79
91 79
56 30
0 67
33 51
97 41
46 77
54 17
53 0
0 98
41 46
0 60
72 20
5 27
56 39
0 8
31 99
17 96
45 86
86 92
87 62
24 100
56 19
62 16
62 101
24 76
31 29
85 13
29 95
57 88
64 62
102 3
53 54
71 20
9 64
40 16
0 55
103 76
81 48
14 3
0 104
18 88
48 7
22 105
32 99
63 93
23 47
0 37
35 7
1 12
0 71
0 77
106 33
26 25
22 88
23 72
89 71
82 78
51 69
22 33
57 51
35 71
64 32
29 107
106 99
56 61
89 62
0 89
49 50
33 63
36 7
51 99
76 83
22 61
81 3
49 26
12 67
108 33
61 32
27 88
109 46
39 72
79 31
17 12
0 110
82 92
