#qgen
118
30
30
41
114
5
79
102
79
109
15
103
20
118
19
9
80
95
88
66
124
106
29
68
109
40
61
71
29
101
114
127
87
2
26
90
55
47
68
9
106
83
50
105
52
13
77
77
52
40
107
20
81
84
100
83
43
45
6
12
39
118
88
5
113
40
65
93
22
50
49
62
2
35
119
62
104
17
46
13
75
122
40
47
91
40
83
77
98
14
56
1
33
39
25
14
34
22
68
47
72
38
69
84
37
42
125
111
49
102
33
74
101
69
5
67
27
67
31
256
0 1
0 2
1 3
4 1
0 5
0 6
1 7
8 6
9 1
10 3
11 3
12 3
13 1
14 10
2 15
16 11
17 1
0 18
14 19
20 7
11 21
17 22
7 3
11 7
23 0
17 5
17 21
24 21
25 1
10 26
27 1
28 4
20 29
11 30
31 16
32 24
33 12
34 24
35 23
36 22
9 37
18 3
0 37
38 16
39 37
18 6
10 40
41 3
8 42
2 43
24 44
38 45
41 46
47 34
17 9
45 48
4 49
50 49
40 51
52 9
21 49
53 46
54 21
55 4
47 15
56 1
50 57
40 58
59 41
31 60
24 22
2 33
40 61
62 22
29 63
64 39
65 37
66 53
51 67
58 68
66 69
23 69
54 44
56 70
10 71
0 72
55 53
73 18
0 74
40 75
76 33
26 44
35 77
78 1
66 34
79 67
37 3
28 80
44 68
60 67
5 21
7 46
80 69
60 80
35 81
42 29
82 34
17 14
23 28
26 24
9 39
83 22
59 77
84 69
24 15
2 85
71 86
33 4
24 48
72 87
88 53
82 89
23 43
23 55
0 89
88 84
88 18
61 3
82 28
90 1
80 91
89 39
10 41
69 92
93 29
54 91
25 49
94 3
95 1
59 79
66 30
11 27
11 46
21 73
7 92
54 27
80 24
44 3
96 37
59 97
0 4
22 98
55 78
99 24
59 52
62 57
23 80
4 3
69 100
81 67
5 98
62 65
62 29
17 34
52 100
93 101
69 3
9 86
2 96
81 5
100 92
35 60
21 46
10 46
102 72
29 103
93 42
17 80
36 104
11 33
80 4
105 37
50 37
71 92
106 87
66 18
99 45
50 20
102 24
36 93
11 12
38 31
107 24
71 46
59 105
82 5
89 44
71 77
17 108
50 102
0 58
40 15
16 18
23 21
27 109
9 33
62 104
19 2
28 44
31 23
16 110
38 48
84 87
111 64
112 27
75 78
9 105
5 78
13 22
35 111
92 46
27 113
40 1
114 2
5 83
66 79
11 15
57 109
52 57
31 92
31 81
71 53
53 100
54 69
4 115
10 83
80 102
80 83
14 110
97 23
17 75
33 53
97 84
14 42
38 21
33 24
116 5
81 32
33 106
25 22
52 1
10 107
59 69
66 3
15 85
77 117
