#qgen
31
63
67
63
78
63
81
71
78
110
83
80
66
86
72
60
63
79
63
77
73
78
81
91
68
55
91
68
48
68
80
79
128
1 0
2 0
1 3
4 2
2 4
3 5
1 6
1 7
8 2
1 9
10 1
1 11
6 12
9 12
13 2
14 10
15 11
13 11
12 16
11 2
10 17
3 18
0 19
20 12
4 12
10 5
17 9
7 3
21 1
0 14
16 4
12 20
4 22
14 11
10 6
17 19
12 4
11 22
11 1
23 16
22 16
4 24
1 14
7 25
15 1
10 3
3 6
26 22
2 27
2 3
3 14
20 16
7 9
3 7
16 11
28 17
19 12
3 25
3 9
19 17
3 19
12 17
11 19
12 28
17 6
9 1
11 14
17 16
16 29
16 24
16 14
26 12
5 2
17 26
17 2
9 3
30 2
20 9
19 3
7 14
14 15
11 28
25 3
3 22
0 20
1 15
14 2
14 17
5 11
9 11
12 26
12 19
16 3
6 14
7 12
15 20
10 16
7 1
17 11
7 16
0 2
25 7
28 2
12 2
14 6
8 23
11 12
28 12
19 1
19 0
2 7
29 26
22 12
16 10
3 28
14 16
12 14
16 8
9 19
12 1
17 1
28 3
25 18
16 7
14 19
5 12
14 3
22 4
