#qgen
64
63
73
66
76
64
72
80
68
78
93
107
72
74
76
72
81
83
71
75
73
69
67
71
70
88
71
65
62
74
79
89
83
73
80
82
84
51
80
73
66
83
68
74
85
83
65
64
88
52
74
77
81
83
76
79
74
63
48
70
61
67
71
72
82
256
0 1
2 0
3 1
0 4
2 5
6 3
7 1
2 8
9 2
5 10
5 2
9 11
12 2
3 2
13 5
14 9
5 15
12 16
3 17
18 3
2 3
19 13
20 6
21 20
16 22
2 23
3 24
25 2
2 26
27 18
3 28
29 3
13 2
6 29
30 3
24 3
3 31
8 32
15 5
9 8
3 20
16 12
21 3
14 8
24 32
2 13
33 3
34 8
34 32
16 28
2 34
2 10
12 14
14 12
2 35
8 34
19 35
3 30
36 12
37 21
34 2
38 32
3 39
3 40
6 17
33 18
23 10
20 41
3 42
43 2
27 3
11 9
21 37
43 19
35 2
17 21
44 23
8 14
3 37
41 22
3 16
45 3
36 42
46 32
2 43
1 7
6 41
32 22
38 3
3 47
21 17
19 5
10 2
48 1
19 43
15 10
41 20
16 3
49 3
48 2
8 12
20 21
37 12
50 3
36 9
22 32
2 7
5 23
51 3
17 3
47 3
12 32
19 25
3 21
10 13
32 24
19 3
2 52
22 16
32 12
3 14
6 37
3 53
5 13
9 32
32 34
2 25
22 3
54 3
9 36
6 20
55 25
44 3
3 44
3 56
32 36
57 0
53 3
20 3
58 3
28 16
18 27
59 1
8 9
1 0
13 19
60 3
14 3
21 22
2 55
2 11
23 2
12 9
3 51
35 9
8 2
3 19
52 12
32 8
9 52
3 22
41 37
40 3
16 9
15 2
12 34
8 52
3 61
36 32
33 28
10 15
26 12
12 36
34 12
55 2
54 12
46 3
37 6
36 0
52 2
12 54
2 15
3 41
3 50
37 3
27 56
3 12
52 9
9 16
24 21
62 1
35 19
21 44
29 6
3 18
32 46
1 62
37 20
2 48
0 2
23 13
23 15
19 24
3 32
56 3
56 27
31 45
13 23
63 3
42 36
22 21
37 41
0 57
1 3
26 2
42 3
54 29
12 3
37 55
31 3
3 60
1 48
3 54
55 37
12 8
39 3
23 44
10 23
3 46
45 31
13 10
47 19
9 12
3 29
0 36
28 33
11 2
25 55
9 14
5 19
25 19
61 3
32 3
20 37
41 3
10 5
3 27
3 6
22 41
2 12
15 23
1 59
3 45
21 24
60 47
12 37
