#qgen
64
77
76
74
87
77
85
81
85
71
81
69
60
81
76
53
70
82
63
76
60
81
74
79
76
74
54
80
70
64
88
71
75
67
82
87
60
71
64
88
73
79
70
71
78
70
54
67
53
73
87
77
51
70
79
80
64
82
76
55
82
72
84
71
62
256
0 1
2 0
3 0
3 4
5 1
6 1
7 6
8 2
0 9
10 3
1 11
12 2
2 8
3 13
14 2
15 1
2 16
17 2
8 18
1 15
19 2
0 20
21 1
1 22
23 13
24 1
2 25
3 26
27 0
28 1
8 25
1 6
3 29
30 23
31 30
23 32
2 17
31 33
3 34
2 35
21 36
29 10
37 25
38 1
2 12
3 39
10 29
25 20
40 29
41 3
0 2
40 3
5 42
2 7
25 16
7 2
5 23
33 31
40 23
8 7
1 42
43 3
23 20
44 16
15 2
31 20
45 3
19 14
20 23
27 46
44 29
3 47
18 3
23 48
16 25
23 34
1 49
8 1
4 3
30 0
20 25
32 3
7 23
17 1
31 23
1 50
10 7
2 46
1 8
37 2
43 29
3 51
29 46
14 19
0 30
52 1
38 2
23 5
29 32
0 53
3 44
34 23
54 3
29 43
43 5
33 0
55 12
24 21
16 2
0 3
25 37
0 56
47 10
2 19
12 1
35 2
23 7
32 29
57 19
23 40
1 2
47 3
0 19
58 55
53 0
59 0
60 1
3 61
44 18
0 59
44 3
53 50
29 44
32 47
32 23
16 1
53 56
2 14
47 48
2 15
57 2
62 20
46 2
62 30
61 51
13 20
1 17
61 3
3 18
43 23
56 0
7 8
1 55
1 28
7 57
55 1
2 1
23 61
20 53
29 40
23 63
55 60
36 21
48 3
30 62
3 48
53 20
36 24
20 31
18 8
63 61
49 55
1 38
2 42
63 23
9 0
31 43
43 31
5 43
1 21
12 55
20 13
42 19
23 37
21 24
31 0
50 53
47 32
48 23
26 3
13 23
3 10
3 32
1 58
48 29
49 1
10 47
3 41
56 53
1 5
63 44
54 51
0 23
61 63
22 1
24 36
0 62
0 33
16 50
6 7
1 16
20 0
1 0
29 47
29 48
23 43
30 33
20 30
39 3
42 5
1 24
62 0
44 63
57 7
2 38
19 57
46 27
30 31
63 53
20 62
51 61
33 30
25 8
53 63
37 23
61 23
50 16
46 29
47 29
11 1
2 57
55 58
58 1
2 37
18 44
0 27
60 55
3 43
13 3
3 40
51 54
19 42
3 45
23 30
1 12
16 44
