#qgen
32
62
97
83
81
72
64
64
62
75
61
45
67
65
53
81
77
61
70
93
65
91
54
70
76
84
80
58
76
78
71
79
82
128
1 0
0 2
3 0
3 4
2 5
6 0
7 3
8 7
5 9
7 10
8 11
12 11
13 3
7 14
0 9
6 7
15 7
10 0
16 5
15 10
3 17
9 18
19 7
15 16
20 2
5 16
21 5
0 3
16 15
14 13
22 7
17 3
23 14
22 0
9 0
5 11
19 3
23 20
3 24
23 25
10 11
21 0
26 21
27 0
20 18
27 28
12 15
17 7
15 0
26 2
14 3
7 16
0 22
0 6
9 5
3 14
7 8
28 21
5 20
3 19
16 12
27 29
16 10
11 7
8 0
14 23
0 30
7 31
11 16
3 13
7 19
31 3
7 13
15 5
10 7
3 7
5 15
5 2
21 26
31 7
12 7
2 29
0 16
18 9
28 2
11 5
21 29
13 14
3 31
2 26
0 31
0 27
2 20
12 16
16 11
5 10
7 11
15 12
20 21
31 0
0 1
24 3
14 7
30 7
17 31
0 21
21 20
30 0
5 21
31 17
11 15
26 27
0 10
15 11
16 7
3 25
2 0
7 6
0 13
7 15
31 13
0 11
11 8
31 23
18 20
1 7
3 23
2 18
