#qgen
64
65
92
59
71
69
107
85
78
72
70
59
74
65
76
66
59
80
84
85
84
74
58
66
67
60
68
84
77
87
56
73
86
89
74
69
81
78
91
69
77
58
79
35
81
63
70
95
56
81
67
69
80
94
71
88
79
82
58
73
73
61
70
70
75
256
1 0
0 2
2 3
4 0
0 5
6 5
3 7
4 5
8 2
6 9
2 10
3 11
1 12
2 8
4 13
14 11
15 2
16 0
14 3
17 4
18 4
6 19
20 3
4 21
3 21
11 14
22 12
16 2
5 23
21 0
5 24
25 3
26 2
27 2
5 6
28 2
2 26
15 12
19 6
21 4
29 6
29 24
8 21
29 9
30 29
1 31
7 32
21 3
2 28
33 29
34 16
9 6
21 8
2 0
35 30
29 33
30 35
28 34
0 21
36 5
29 37
35 6
34 15
38 34
39 15
40 0
3 41
42 24
30 43
44 29
2 4
6 37
21 28
25 45
1 46
28 16
29 47
16 28
33 43
33 42
7 48
30 6
6 49
2 50
48 7
34 4
43 33
6 35
5 0
33 37
30 24
42 30
5 51
5 52
47 29
42 37
51 5
37 44
28 21
3 22
33 24
37 24
24 6
53 4
6 30
12 22
37 42
3 2
3 14
29 43
44 43
24 33
22 3
6 54
29 54
45 25
46 12
12 39
2 39
38 15
6 55
37 29
54 6
34 28
2 27
8 3
16 34
6 47
39 2
4 56
8 34
37 30
42 43
1 57
4 2
24 5
39 12
47 44
49 6
29 44
29 55
6 24
6 43
35 42
58 29
46 1
15 39
5 36
19 49
24 37
50 41
0 4
6 51
6 59
29 58
37 6
12 46
5 4
34 38
24 42
32 7
6 58
58 6
55 6
6 60
12 15
58 33
55 44
34 8
7 3
29 30
61 3
24 30
57 1
3 25
6 29
2 16
30 42
30 37
43 29
52 5
44 24
54 29
37 33
31 1
62 4
4 17
49 19
24 44
3 8
4 53
41 3
12 38
33 55
30 58
44 55
4 62
47 6
43 42
42 35
58 30
15 34
50 2
6 33
23 44
63 3
55 33
43 30
0 40
44 6
6 44
40 4
3 45
38 2
3 20
4 18
42 6
60 6
38 39
3 63
24 29
3 61
6 42
11 3
41 50
12 1
45 3
13 4
44 23
2 15
10 2
33 6
34 39
56 4
42 33
51 6
38 12
55 29
2 38
15 38
0 16
33 35
43 44
23 5
39 34
0 1
33 58
4 40
35 33
9 29
59 6
43 6
39 38
44 47
44 37
4 34
