#qgen
231
105
178
50
21
218
171
125
135
101
22
120
40
73
30
104
87
239
50
29
224
14
39
53
90
136
14
127
138
215
233
136
160
91
226
67
179
61
53
185
253
249
79
239
249
63
128
198
253
230
252
240
33
13
243
24
68
50
2
234
53
44
156
190
251
152
188
81
34
7
135
30
106
32
35
174
166
217
207
163
50
73
106
137
107
225
3
240
79
119
50
132
161
203
51
140
12
135
192
224
207
21
225
43
96
92
120
153
165
216
195
11
229
133
22
52
149
49
153
78
210
210
255
229
192
43
249
126
160
127
2
157
36
63
128
244
68
51
52
136
150
87
38
121
232
61
49
102
253
65
114
142
15
240
252
134
64
175
247
13
236
252
206
24
166
148
2
88
177
18
220
198
187
172
65
140
77
73
255
118
118
235
36
234
139
3
6
138
219
55
153
139
99
86
201
256
182
104
97
105
84
248
2
222
198
189
108
50
179
201
245
89
256
65
3
177
171
81
51
164
87
236
150
136
99
25
79
216
155
154
75
169
256
1 0
1 2
0 3
4 3
5 3
6 3
3 7
8 3
3 9
10 9
3 5
8 11
3 12
13 8
3 14
3 15
15 16
10 17
11 18
3 19
12 20
21 5
22 15
17 19
11 23
15 24
5 25
11 26
12 27
8 12
17 28
29 27
30 17
31 20
32 20
33 17
34 12
35 34
8 36
37 24
36 38
39 17
40 14
15 3
41 3
42 24
12 43
3 44
36 8
45 38
46 5
38 47
23 8
42 48
32 49
35 50
51 29
42 52
8 53
54 5
9 55
48 56
57 3
54 58
59 36
60 51
35 55
61 5
52 62
63 47
54 64
65 56
66 19
67 12
68 65
69 33
63 70
71 17
72 35
73 2
74 11
54 75
76 67
29 77
46 78
39 79
3 80
81 11
35 82
30 15
27 83
53 84
85 5
86 35
51 87
72 88
27 29
89 3
86 90
10 91
86 92
93 71
94 86
95 17
87 96
97 86
67 98
78 99
17 100
9 101
82 102
38 49
77 103
104 67
105 73
106 30
107 11
108 80
53 109
63 110
111 95
112 80
14 3
1 113
114 11
115 64
86 116
52 117
73 118
119 73
120 64
121 63
38 122
123 56
124 83
26 125
126 38
35 127
128 116
129 64
48 130
131 86
108 132
3 132
79 39
133 66
42 134
63 135
24 136
137 93
138 116
139 11
64 140
124 141
12 142
143 73
66 144
116 145
146 126
147 145
148 65
149 60
70 150
151 100
116 152
3 153
128 154
155 152
156 47
119 157
158 78
159 93
73 105
38 160
98 161
116 162
116 163
164 147
5 165
166 145
101 167
157 168
169 156
163 170
147 171
166 164
86 172
130 48
173 145
64 174
46 175
82 35
166 116
117 176
177 152
72 178
126 179
127 180
73 181
165 182
183 80
153 184
185 91
164 152
186 177
3 187
105 86
188 120
189 164
93 190
86 191
192 86
193 73
64 194
195 73
196 28
197 56
198 155
80 199
198 200
3 201
157 119
38 202
145 203
38 126
190 204
205 194
175 168
206 134
68 207
208 154
209 194
209 210
65 22
155 211
205 212
213 27
11 125
214 128
209 215
119 124
200 216
217 86
180 218
219 37
160 220
205 221
88 222
101 223
224 64
225 86
108 226
178 227
126 228
1 229
230 205
