#qgen
123
227
17
201
71
2
256
213
139
119
135
100
3
249
22
42
216
58
206
57
251
255
148
128
59
246
69
231
97
227
158
143
253
171
148
54
88
151
149
243
94
101
97
182
101
213
235
200
234
121
57
48
37
136
199
2
141
157
214
219
208
146
124
168
164
217
109
123
178
202
109
59
118
18
208
4
241
51
60
223
57
33
138
71
162
194
120
248
103
66
203
187
187
48
191
65
217
153
69
253
206
183
171
239
232
88
97
27
74
240
16
166
181
36
31
235
240
90
37
35
13
17
127
141
128
0 1
1 2
3 1
4 3
5 3
6 3
1 7
8 3
3 9
10 9
11 9
7 12
3 13
3 14
13 15
16 13
7 17
18 9
16 19
7 9
20 13
21 1
22 4
3 23
16 24
14 25
16 26
27 3
28 13
28 29
30 16
31 9
32 8
33 16
34 31
35 28
8 36
37 35
13 38
39 16
40 38
13 41
42 3
13 43
44 14
31 45
46 4
20 47
22 3
48 38
35 49
50 24
46 51
46 52
49 28
53 16
16 54
55 1
56 20
35 57
53 58
59 8
47 60
13 61
62 38
47 63
61 64
65 49
49 66
16 67
68 16
50 69
70 24
22 71
67 72
46 73
74 7
75 3
13 28
13 76
65 77
78 60
46 79
80 49
47 81
16 82
13 3
70 83
16 84
85 37
40 86
87 13
88 46
29 89
90 19
91 16
16 92
93 16
9 94
95 87
38 96
97 31
65 98
99 82
100 67
101 64
102 45
82 103
69 104
105 59
106 95
107 59
38 108
109 51
110 28
7 111
80 112
35 113
109 114
115 99
116 91
117 49
118 117
119 38
100 120
101 28
121 68
118 122
