#qgen
62
227
17
201
71
2
256
213
139
119
135
100
3
249
22
42
216
58
206
57
251
255
148
128
59
246
69
231
97
227
158
143
253
171
148
54
88
151
149
243
94
101
97
182
101
213
235
200
234
121
57
48
37
136
199
2
141
157
214
219
208
146
124
64
0 1
1 2
3 1
4 3
5 3
6 3
1 7
8 3
3 9
10 9
11 9
7 12
3 13
3 14
13 15
16 13
7 17
18 9
16 19
7 9
20 13
21 1
22 4
3 23
16 24
14 25
16 26
27 3
28 13
28 29
30 16
31 9
32 8
33 16
34 31
35 28
8 36
37 35
13 38
39 16
40 38
13 41
42 3
13 43
44 14
31 45
46 4
20 47
22 3
48 38
35 49
50 24
46 51
46 52
49 28
53 16
16 54
55 1
56 20
35 57
53 58
59 8
47 60
13 61
