#qgen
226
88
70
98
251
205
253
71
11
165
95
74
55
186
240
142
109
62
32
255
210
211
47
174
226
72
28
132
145
55
165
236
53
108
114
167
242
47
41
157
253
31
185
56
198
224
7
61
100
206
239
171
9
195
158
229
90
117
105
47
10
239
85
108
175
208
51
123
147
46
133
42
57
76
172
203
112
110
193
244
223
163
36
121
46
104
255
97
91
139
113
185
199
113
227
137
217
229
147
157
185
54
27
234
65
52
202
41
97
237
151
17
94
161
149
97
135
98
23
4
240
149
40
20
66
235
69
21
13
118
189
100
180
9
36
101
160
195
169
86
9
202
131
213
19
88
96
211
115
134
196
250
151
121
75
142
75
209
28
184
81
40
229
252
221
47
75
142
24
100
85
189
167
242
104
14
222
56
35
183
63
224
93
113
113
25
82
77
1
158
77
143
102
109
42
18
94
85
248
197
55
19
77
118
123
66
217
44
191
64
211
211
229
50
101
49
85
75
12
199
72
243
62
70
44
66
130
256
0 1
2 1
3 1
2 4
1 5
4 6
6 7
4 8
3 9
1 10
10 11
12 11
12 13
14 2
12 15
11 16
13 17
11 18
19 4
20 17
15 21
22 12
20 23
24 23
25 13
22 26
27 12
23 28
17 29
30 20
31 9
32 11
33 19
34 23
30 35
36 25
37 18
18 38
39 10
33 40
41 18
42 33
43 30
44 12
45 37
18 46
47 22
30 48
27 49
50 25
51 26
9 5
52 42
20 53
54 53
55 18
12 36
22 56
57 54
33 58
54 57
59 10
60 40
29 61
62 34
30 63
63 64
63 65
66 50
67 10
68 52
13 69
58 70
71 33
23 72
73 51
74 54
48 75
27 76
23 77
12 44
57 78
25 69
72 79
11 80
81 23
29 17
17 82
45 83
84 17
61 85
43 86
87 20
34 88
80 89
71 90
76 91
92 79
69 93
94 53
86 95
96 50
66 97
98 74
99 10
94 100
47 101
102 79
61 103
79 104
105 11
72 106
53 107
108 31
109 61
110 57
111 57
80 112
113 77
114 13
115 100
116 44
117 65
12 114
118 92
119 57
105 120
77 121
44 122
123 73
124 27
33 42
17 125
114 126
127 6
128 18
129 110
63 109
118 130
57 72
33 131
122 132
133 18
134 104
135 31
94 136
137 40
138 107
57 110
135 139
118 140
141 37
142 50
143 58
101 47
25 144
122 145
27 122
109 146
33 147
107 148
135 149
73 150
151 118
118 152
75 153
138 154
155 94
149 156
122 157
15 158
33 159
118 160
30 138
155 161
162 1
133 163
44 93
164 118
44 131
39 165
100 166
87 88
167 98
12 168
169 143
170 118
171 150
12 172
173 79
174 27
119 175
176 69
177 105
94 178
179 34
25 50
180 80
145 181
182 18
183 52
184 160
51 185
106 17
186 19
47 187
188 17
189 174
190 94
149 191
192 36
193 138
131 80
133 194
101 73
195 86
114 196
30 197
75 198
118 199
116 122
200 100
78 113
17 201
33 202
200 203
204 51
54 205
206 86
207 27
72 208
209 145
210 13
211 122
188 166
29 44
197 212
190 213
214 19
94 215
148 216
217 54
57 175
218 45
17 72
132 219
196 138
132 220
175 221
50 30
136 74
98 220
222 133
223 159
111 224
225 186
