#qgen
127
233
4
229
174
190
61
13
256
247
178
32
2
215
16
223
191
227
126
8
83
25
8
155
156
249
128
88
29
188
110
45
142
137
214
225
2
254
216
158
70
77
243
114
212
188
162
197
214
114
81
77
168
34
65
36
158
227
152
191
148
135
242
234
39
3
107
136
2
72
153
105
126
18
4
115
146
121
163
197
113
226
53
42
133
46
9
101
174
123
181
37
20
189
7
225
31
166
159
29
148
173
19
63
211
217
107
4
200
242
215
211
168
88
92
17
59
23
157
140
74
174
22
154
80
4
140
190
128
1 0
1 2
1 3
4 3
5 2
1 6
7 1
8 4
6 9
10 5
11 6
12 2
6 13
7 14
0 15
10 16
6 17
18 11
19 9
11 20
16 21
21 22
18 23
24 14
14 25
26 9
27 9
16 28
29 4
30 14
30 31
21 32
26 33
6 34
21 35
18 36
33 9
37 31
38 37
35 39
17 40
41 26
42 40
35 43
44 6
45 44
46 18
47 20
37 48
49 44
50 47
20 51
52 35
35 53
47 54
55 47
47 56
57 47
58 26
59 47
60 21
25 61
35 62
63 14
64 35
62 65
66 38
47 67
68 47
69 37
70 35
6 71
72 5
35 73
74 56
18 75
76 35
77 10
47 78
74 79
80 62
37 81
21 82
83 32
74 84
75 85
21 86
87 47
88 68
89 47
90 37
91 9
77 92
93 74
24 94
35 95
96 74
73 97
83 98
99 47
100 21
101 31
102 56
30 103
104 68
37 105
47 106
103 107
47 108
95 109
110 100
111 14
112 33
113 0
47 114
115 1
116 101
117 63
74 118
119 78
116 120
121 103
122 82
123 101
83 124
103 125
35 8
126 47
