#qgen
63
74
234
144
43
213
181
104
17
162
136
151
142
96
106
94
41
238
124
97
147
173
196
25
10
201
40
122
238
105
184
224
25
44
62
15
154
115
253
77
204
129
21
63
141
217
156
135
6
171
85
36
16
79
91
128
175
78
242
219
211
118
169
82
64
1 0
2 1
1 3
4 3
5 4
3 6
3 7
3 8
8 9
10 1
11 10
8 12
8 13
14 8
15 7
16 15
17 6
18 17
15 19
4 20
17 21
7 22
23 17
24 23
23 25
7 26
5 27
27 5
8 28
5 29
30 23
17 31
21 32
33 7
13 34
23 35
16 36
37 23
32 38
9 39
28 40
32 41
29 42
43 10
15 44
45 7
10 46
26 47
5 48
49 43
50 36
43 51
8 52
53 30
42 54
53 55
41 56
50 57
8 7
56 58
59 56
60 56
32 61
62 40
