#qgen
61
98
23
254
97
40
185
116
89
162
74
74
62
220
208
41
4
15
206
96
115
103
203
9
174
161
31
187
64
81
62
56
129
77
22
1
183
7
3
78
159
126
72
59
74
181
219
209
141
169
94
40
206
24
159
204
90
217
79
68
58
95
64
0 1
1 2
1 3
4 2
5 2
6 3
2 7
6 8
9 6
6 10
2 11
9 12
2 13
14 6
13 15
16 8
17 6
18 3
6 17
5 19
20 2
21 6
6 22
5 23
24 6
25 7
26 22
6 27
17 28
23 29
25 30
25 31
5 32
33 30
34 19
35 27
20 36
37 25
13 38
39 17
40 6
41 17
15 42
13 36
41 43
44 8
45 41
46 23
19 47
48 15
49 40
27 50
51 40
3 1
52 35
6 53
23 54
55 27
20 56
55 57
15 58
51 6
47 59
23 60
