#qgen
233
98
23
254
97
40
185
116
89
162
74
74
62
220
208
41
4
15
206
96
115
103
203
9
174
161
31
187
64
81
62
56
129
77
22
1
183
7
3
78
159
126
72
59
74
181
219
209
141
169
94
40
206
24
159
204
90
217
79
68
58
95
71
113
104
94
42
59
251
126
11
17
153
72
80
241
80
41
192
81
242
7
175
146
8
216
124
82
191
25
235
208
218
51
105
160
34
69
105
55
115
36
232
27
222
223
231
130
117
106
107
40
172
21
15
10
34
178
108
181
148
5
120
31
101
219
229
121
65
113
209
61
152
205
198
64
217
113
83
99
57
33
2
233
92
140
110
40
58
119
193
179
136
184
39
40
232
66
95
148
136
134
252
141
154
252
167
250
61
91
229
89
122
241
185
126
176
96
240
116
122
236
128
204
134
20
117
202
123
254
115
52
245
126
211
91
49
16
96
60
141
220
60
225
53
59
176
104
46
38
126
234
227
42
7
96
165
135
247
235
155
33
183
5
44
19
164
17
242
79
67
36
192
225
256
0 1
1 2
1 3
4 2
5 2
6 3
2 7
6 8
9 6
6 10
2 11
9 12
2 13
14 6
13 15
16 8
17 6
18 3
6 17
5 19
20 2
21 6
6 22
5 23
24 6
25 7
26 22
6 27
17 28
23 29
25 30
25 31
5 32
33 30
34 19
35 27
20 36
37 25
13 38
39 17
40 6
41 17
15 42
13 36
41 43
44 8
45 41
46 23
19 47
48 15
49 40
27 50
51 40
3 1
52 35
6 53
23 54
55 27
20 56
55 57
15 58
51 6
47 59
23 60
6 61
48 23
62 12
63 46
64 2
65 39
7 25
21 66
67 65
68 36
46 69
68 70
57 55
46 71
41 72
13 73
68 74
22 75
76 54
54 77
24 78
28 79
80 62
60 81
69 82
83 6
60 84
6 85
25 86
46 87
88 46
89 36
90 76
63 91
20 3
92 80
21 93
94 17
11 36
95 19
96 68
97 70
15 98
99 47
32 100
75 101
69 102
103 21
104 98
105 30
91 106
23 107
108 70
71 109
110 98
111 52
112 83
65 113
62 114
107 115
109 116
107 117
42 118
95 102
75 119
47 120
121 76
97 122
88 69
123 88
112 124
19 95
54 125
2 58
126 78
127 91
98 128
14 129
108 130
131 85
55 132
133 89
102 134
135 122
27 46
136 87
137 47
138 118
6 33
109 139
112 140
141 136
100 142
143 141
144 107
23 145
146 55
147 39
126 148
119 148
149 126
150 114
151 130
34 152
117 153
71 154
126 155
69 156
85 157
98 158
159 138
160 126
22 161
108 162
115 163
55 164
109 27
148 165
166 6
167 36
111 168
137 169
26 24
37 170
137 171
138 172
173 62
5 174
165 175
17 176
140 177
141 178
141 179
122 180
181 163
135 98
182 170
183 129
145 184
185 88
47 186
187 126
34 188
79 65
189 54
190 141
191 107
80 89
192 125
115 193
194 101
195 45
72 196
197 118
77 102
6 198
78 126
199 118
8 200
63 201
202 126
159 203
204 199
205 88
206 92
174 207
208 159
180 83
124 209
125 210
211 142
150 212
213 53
214 163
215 206
216 98
126 217
218 112
158 219
41 220
218 221
48 222
223 81
224 79
159 225
226 136
85 227
227 228
229 40
91 230
71 231
232 163
