#qgen
119
98
23
254
97
40
185
116
89
162
74
74
62
220
208
41
4
15
206
96
115
103
203
9
174
161
31
187
64
81
62
56
129
77
22
1
183
7
3
78
159
126
72
59
74
181
219
209
141
169
94
40
206
24
159
204
90
217
79
68
58
95
71
113
104
94
42
59
251
126
11
17
153
72
80
241
80
41
192
81
242
7
175
146
8
216
124
82
191
25
235
208
218
51
105
160
34
69
105
55
115
36
232
27
222
223
231
130
117
106
107
40
172
21
15
10
34
178
108
181
128
0 1
1 2
1 3
4 2
5 2
6 3
2 7
6 8
9 6
6 10
2 11
9 12
2 13
14 6
13 15
16 8
17 6
18 3
6 17
5 19
20 2
21 6
6 22
5 23
24 6
25 7
26 22
6 27
17 28
23 29
25 30
25 31
5 32
33 30
34 19
35 27
20 36
37 25
13 38
39 17
40 6
41 17
15 42
13 36
41 43
44 8
45 41
46 23
19 47
48 15
49 40
27 50
51 40
3 1
52 35
6 53
23 54
55 27
20 56
55 57
15 58
51 6
47 59
23 60
6 61
48 23
62 12
63 46
64 2
65 39
7 25
21 66
67 65
68 36
46 69
68 70
57 55
46 71
41 72
13 73
68 74
22 75
76 54
54 77
24 78
28 79
80 62
60 81
69 82
83 6
60 84
6 85
25 86
46 87
88 46
89 36
90 76
63 91
20 3
92 80
21 93
94 17
11 36
95 19
96 68
97 70
15 98
99 47
32 100
75 101
69 102
103 21
104 98
105 30
91 106
23 107
108 70
71 109
110 98
111 52
112 83
65 113
62 114
107 115
109 116
107 117
42 118
95 102
