#qgen
220
103
202
178
227
171
133
105
108
73
80
146
72
14
172
12
208
253
184
143
245
183
240
75
47
145
39
137
171
56
33
125
109
114
48
240
122
168
15
254
27
144
15
189
168
162
69
183
99
211
212
92
86
51
132
11
35
132
123
105
174
227
64
85
40
6
160
248
49
204
163
26
92
32
133
102
145
169
11
23
219
214
130
12
2
142
67
29
182
236
198
240
65
25
17
211
94
215
122
134
249
164
30
29
7
152
236
238
223
238
52
5
183
216
256
237
140
81
238
199
256
55
174
83
129
40
13
234
129
184
209
251
196
53
33
127
177
10
201
61
125
76
163
36
34
17
54
24
143
152
196
46
126
147
33
190
189
95
131
68
94
193
229
221
131
233
74
239
222
144
235
15
203
90
119
179
136
27
129
38
218
7
64
156
194
226
27
24
167
213
183
144
43
173
241
45
246
215
152
84
89
234
127
180
150
98
255
9
178
230
149
153
101
183
66
140
251
68
95
78
124
256
0 1
2 0
3 2
1 0
2 4
5 4
2 6
7 4
4 8
4 9
4 10
11 4
7 12
12 13
7 14
7 15
16 4
11 17
18 16
8 15
4 14
18 19
18 20
21 8
13 22
23 21
7 24
16 25
5 26
27 23
28 22
15 29
8 30
20 31
21 32
26 22
12 33
34 23
8 35
21 36
37 29
38 16
39 38
40 16
23 14
41 18
37 42
43 24
4 44
45 39
44 46
8 29
47 37
43 48
29 49
21 50
43 51
43 52
4 53
4 12
38 54
44 55
56 34
57 55
58 29
27 13
42 59
60 53
61 55
62 55
28 32
47 63
34 22
64 27
11 65
55 44
66 55
4 67
68 16
62 69
70 58
16 62
71 5
72 47
10 73
50 74
75 4
76 75
77 40
7 21
4 78
79 18
73 80
81 49
18 82
37 83
84 70
76 85
23 33
64 86
87 69
58 88
89 42
90 10
5 91
92 55
93 73
94 84
58 95
4 96
82 97
49 98
64 26
99 88
11 100
39 101
58 102
103 15
39 104
105 4
26 103
59 42
106 30
16 107
102 108
109 55
110 63
88 111
112 42
88 113
114 58
67 13
67 53
104 115
26 56
116 55
63 117
118 111
47 119
14 120
120 121
26 122
123 70
120 30
11 124
82 125
126 75
127 81
99 128
123 129
85 130
131 128
42 132
133 123
18 134
135 37
55 136
137 93
138 4
98 131
139 62
75 140
129 111
120 141
142 64
142 143
144 43
133 145
142 146
147 96
8 148
144 149
127 150
93 151
56 33
136 152
153 42
154 119
155 82
156 6
157 102
30 158
159 4
151 160
12 161
24 162
37 163
150 70
125 164
101 39
23 165
37 166
167 118
168 146
7 138
169 29
170 146
171 55
172 18
173 145
174 172
29 169
175 142
149 134
127 176
13 177
178 127
179 4
180 142
55 181
182 11
94 183
184 82
122 14
185 88
183 94
186 41
127 187
188 180
189 187
190 178
16 191
41 192
125 193
4 194
49 128
195 160
190 183
102 196
187 197
164 198
101 199
121 21
131 200
75 201
202 173
146 203
29 204
205 178
206 120
207 82
193 208
32 209
210 183
4 124
128 211
212 82
130 47
140 75
76 213
47 214
215 66
216 94
88 217
218 215
219 96
