#qgen
58
103
202
178
227
171
133
105
108
73
80
146
72
14
172
12
208
253
184
143
245
183
240
75
47
145
39
137
171
56
33
125
109
114
48
240
122
168
15
254
27
144
15
189
168
162
69
183
99
211
212
92
86
51
132
11
35
132
123
64
0 1
2 0
3 2
1 0
2 4
5 4
2 6
7 4
4 8
4 9
4 10
11 4
7 12
12 13
7 14
7 15
16 4
11 17
18 16
8 15
4 14
18 19
18 20
21 8
13 22
23 21
7 24
16 25
5 26
27 23
28 22
15 29
8 30
20 31
21 32
26 22
12 33
34 23
8 35
21 36
37 29
38 16
39 38
40 16
23 14
41 18
37 42
43 24
4 44
45 39
44 46
8 29
47 37
43 48
29 49
21 50
43 51
43 52
4 53
4 12
38 54
44 55
56 34
57 55
