#qgen
121
3
53
53
183
234
65
230
94
229
48
204
145
83
216
164
61
174
108
122
125
68
66
193
121
143
52
106
166
235
173
4
192
54
222
107
80
53
95
162
208
175
102
28
135
243
156
24
64
212
246
22
60
12
168
221
22
160
29
153
56
131
250
159
130
114
151
177
40
141
160
223
242
152
213
60
210
71
75
133
147
57
119
214
179
180
76
171
145
220
40
251
99
118
64
165
101
174
223
185
16
28
248
58
248
223
206
179
144
159
190
88
143
245
108
4
3
134
205
120
76
237
128
0 1
1 2
3 1
2 1
3 4
2 5
3 6
6 7
8 3
3 8
6 3
9 3
3 10
11 9
12 11
13 3
14 9
15 6
16 11
11 17
18 16
19 4
16 20
6 21
22 17
9 23
13 24
11 25
26 16
3 27
28 11
12 29
30 9
16 31
32 12
33 27
34 20
35 33
34 36
37 34
38 34
39 9
12 40
41 3
42 4
11 43
12 44
31 45
23 46
38 47
4 15
21 48
1 0
49 42
34 50
34 51
9 52
3 53
54 48
55 34
56 7
16 57
54 58
21 59
38 60
21 61
62 12
63 18
64 62
62 65
4 66
62 67
67 68
21 69
62 70
9 71
34 72
9 73
48 74
75 60
63 76
77 53
78 12
67 79
80 42
56 81
44 82
52 83
57 84
85 34
21 34
86 61
87 53
12 88
89 86
90 21
91 34
17 92
93 34
94 34
95 93
42 96
97 21
98 97
99 62
7 56
8 15
100 93
101 12
66 102
71 103
104 97
34 105
106 86
107 93
108 85
48 109
110 42
111 34
109 112
89 113
57 114
90 115
116 34
117 62
118 89
61 119
98 120
