#qgen
60
19
17
22
17
25
16
19
19
20
22
18
20
20
18
17
22
21
21
20
17
17
18
19
19
21
16
19
19
17
18
18
19
21
19
16
20
23
26
16
19
19
19
22
21
22
20
20
12
19
19
21
22
20
20
18
19
21
20
17
20
256
1 0
1 2
3 2
2 4
2 5
4 6
5 7
6 8
9 5
8 10
9 11
12 0
6 13
4 1
14 4
9 15
1 5
4 9
9 7
16 15
5 13
17 15
11 1
5 18
19 3
14 20
21 20
15 22
7 23
24 22
23 18
23 20
12 25
26 13
15 3
24 27
5 28
22 29
19 30
27 31
32 16
33 16
29 34
6 20
19 35
6 36
1 11
37 20
14 38
14 13
20 39
39 29
35 11
40 23
19 5
27 17
20 14
5 14
11 35
40 39
7 4
41 5
42 28
28 20
43 30
2 44
20 19
20 3
38 45
33 13
33 2
17 27
23 5
2 37
42 46
0 32
8 41
47 0
33 23
48 39
15 21
15 49
34 29
2 7
16 9
3 19
49 20
1 13
40 8
5 50
0 51
39 14
13 42
31 50
8 7
29 8
39 52
2 25
48 13
33 39
20 15
37 16
30 14
28 53
19 28
14 53
28 54
2 41
19 14
17 20
19 1
13 3
27 5
34 48
5 21
18 49
2 23
46 39
46 18
19 9
4 13
19 47
55 47
40 16
35 14
7 20
13 1
17 13
9 16
15 23
20 9
1 45
5 16
56 49
30 28
39 34
39 13
29 19
52 43
9 2
56 8
0 1
29 5
16 49
49 33
14 11
23 6
39 42
50 9
49 42
8 42
15 14
17 33
16 7
5 27
5 20
18 42
42 5
21 39
2 9
24 31
4 14
2 48
28 1
4 8
55 38
38 54
30 19
46 16
34 39
26 40
14 1
34 50
37 2
35 16
24 50
46 13
54 38
33 21
49 41
37 33
30 2
34 13
14 39
11 20
27 20
23 29
24 2
47 55
53 13
13 4
23 35
27 19
8 5
50 24
35 29
5 4
21 33
23 15
34 27
17 39
39 9
29 48
16 14
13 57
13 46
49 8
2 22
55 11
58 3
2 21
8 39
35 5
15 17
39 49
19 46
7 15
20 49
24 34
39 6
6 29
54 59
35 2
51 0
16 5
59 35
30 35
11 55
19 18
52 12
11 6
36 7
35 59
4 5
53 35
11 19
19 53
7 13
13 18
4 55
29 11
14 21
44 13
28 19
3 13
13 23
13 9
33 11
5 15
56 5
22 27
13 30
5 39
46 28
13 20
13 17
