#qgen
39
19
17
21
21
19
20
16
19
20
18
19
23
14
16
20
19
22
15
20
17
18
18
15
17
21
18
16
20
16
20
19
21
18
19
18
17
20
5
22
128
0 1
1 0
1 2
3 0
3 4
5 4
6 1
7 1
6 8
9 7
10 1
8 11
12 1
0 13
14 1
1 6
15 4
1 7
4 8
1 16
4 15
9 17
18 8
17 9
19 1
9 1
18 11
18 19
20 0
16 1
3 20
4 21
22 4
18 7
11 4
20 3
5 23
18 9
24 7
4 11
7 18
17 18
2 1
25 11
18 17
26 4
17 24
25 4
7 9
4 22
7 17
1 10
1 27
28 4
14 18
4 28
8 6
9 24
3 23
7 24
0 20
29 4
0 3
4 26
27 1
5 20
8 24
9 18
4 30
4 31
1 24
5 0
4 3
30 4
15 11
24 1
18 14
11 25
9 8
20 5
1 9
31 4
8 18
23 3
24 17
13 5
17 7
21 4
4 5
19 18
1 19
4 25
8 4
1 14
24 9
11 8
24 8
18 1
4 29
13 0
11 15
23 5
1 12
1 17
1 18
0 5
8 9
17 1
5 13
11 18
11 32
32 11
32 33
33 32
32 34
34 32
33 34
34 33
34 35
35 34
34 36
36 32
36 34
32 36
37 32
32 37
38 32
38 11
