#qgen
60
16
20
18
24
18
20
15
18
19
23
21
20
21
16
20
17
18
16
20
21
19
16
17
15
19
17
23
17
21
20
20
18
16
19
18
17
18
16
20
19
21
16
18
22
22
22
20
20
19
22
21
20
19
20
21
17
15
19
20
16
256
0 1
2 0
2 3
2 4
3 5
6 0
7 0
8 6
9 8
10 6
8 11
6 10
11 6
9 12
13 6
14 6
8 15
16 11
3 2
17 10
7 18
19 9
6 20
21 1
11 16
17 22
10 23
4 5
9 24
25 8
26 6
11 27
19 23
24 28
9 6
9 26
7 21
17 8
6 23
6 11
15 29
11 15
9 11
23 29
4 30
17 11
17 6
31 9
29 9
8 23
6 32
33 15
17 19
34 8
17 24
28 9
21 7
9 28
27 9
11 35
15 36
16 28
6 14
26 9
17 15
33 8
24 23
22 37
37 11
0 2
36 28
8 9
19 11
36 8
6 38
15 33
34 23
27 8
39 1
9 29
33 10
40 6
3 41
11 8
16 9
20 19
16 29
15 26
42 5
6 26
23 6
34 17
22 24
16 8
8 43
37 9
44 11
4 3
29 8
32 6
45 4
8 46
47 9
16 23
11 19
11 36
10 8
12 9
44 22
9 48
26 17
9 49
10 22
26 19
14 34
28 50
23 11
8 37
11 26
16 36
9 22
22 16
24 9
6 9
37 33
34 14
15 50
22 10
16 17
23 34
16 44
19 17
47 50
50 47
9 15
10 17
11 50
15 23
51 23
9 31
26 37
35 11
50 15
9 51
46 8
6 40
18 7
23 26
9 16
22 17
22 9
17 33
9 23
33 22
23 27
8 44
9 37
9 33
29 19
41 45
52 6
9 27
29 16
6 22
9 36
50 36
36 15
28 24
11 37
36 9
41 5
53 9
43 51
19 20
17 26
8 25
24 26
26 33
1 21
22 6
34 11
10 33
26 24
28 36
8 27
23 16
5 42
15 22
0 54
33 23
50 11
55 6
8 19
20 6
9 53
26 11
5 41
35 53
48 9
28 16
9 44
11 29
51 53
9 47
8 17
17 44
27 11
1 0
11 44
23 15
8 29
56 1
1 56
3 57
53 35
9 58
19 26
1 39
50 28
19 22
33 34
17 9
26 34
41 3
15 37
59 6
16 22
44 17
5 3
45 57
9 19
34 9
11 10
22 8
27 19
32 17
36 50
15 8
19 27
33 9
32 23
34 33
23 10
34 26
44 36
15 9
6 13
26 15
50 9
57 45
37 8
23 8
51 9
6 55
9 10
44 34
