#qgen
32
18
21
19
20
17
17
23
19
21
18
23
17
17
20
21
19
13
14
23
19
18
21
21
19
23
18
15
19
21
16
15
21
128
1 0
1 2
3 1
4 1
4 2
5 0
6 5
7 0
8 0
9 1
10 6
11 1
12 1
0 4
10 4
1 13
14 4
15 10
4 6
16 1
6 9
5 6
17 8
1 3
5 4
4 5
14 0
18 1
1 19
6 0
20 4
10 21
5 10
1 22
19 6
23 1
5 19
6 15
4 8
10 17
0 8
24 1
1 18
4 10
19 1
13 22
10 20
0 10
19 10
1 16
4 21
4 16
20 16
1 25
8 19
17 4
16 10
15 19
16 15
0 6
0 20
13 2
15 16
6 19
19 8
7 4
0 16
2 1
1 9
4 17
26 0
1 11
19 15
27 1
10 8
1 24
15 0
8 4
25 1
0 1
28 13
20 10
4 7
21 10
0 5
10 0
22 1
17 15
0 21
1 6
0 7
4 0
10 19
15 17
8 10
15 4
4 20
8 17
16 21
6 10
1 12
0 17
20 19
29 0
13 1
15 6
4 15
5 16
1 30
17 10
6 4
21 0
6 8
0 15
19 20
8 16
1 31
30 1
10 5
1 23
9 6
16 5
1 4
2 4
16 4
0 14
0 26
0 29
