#qgen
32
17
17
26
19
17
21
25
19
16
20
20
17
21
20
21
19
19
18
16
16
18
22
21
14
19
17
23
19
21
20
23
20
128
0 1
0 2
3 1
4 2
5 4
3 6
5 7
8 2
9 6
10 2
5 9
8 11
12 11
5 13
12 0
5 14
15 12
1 16
9 17
18 17
17 19
15 13
9 19
20 5
21 7
2 22
23 15
19 24
24 8
23 13
18 6
0 11
25 24
0 25
15 26
21 24
20 11
22 8
13 5
7 6
0 13
27 21
3 24
22 21
6 17
5 28
6 21
13 4
7 18
1 18
4 29
15 6
30 26
0 3
19 21
8 25
2 18
14 13
7 14
28 15
22 7
28 24
26 15
10 7
0 6
11 15
7 8
12 22
17 2
20 18
24 1
18 2
17 21
7 20
19 2
24 3
17 22
24 11
11 24
5 17
24 15
0 31
21 15
19 15
0 22
13 24
26 5
25 2
14 7
24 18
1 13
27 0
18 28
31 21
19 9
21 19
15 9
1 28
25 9
18 24
0 27
15 20
10 1
18 22
21 3
22 5
2 10
2 5
1 24
20 21
25 8
0 16
23 21
6 9
20 15
28 29
2 7
21 2
14 2
13 20
20 1
5 31
15 21
1 0
7 4
13 6
26 30
24 25
