#qgen
59
18
21
23
20
18
19
18
17
18
15
23
20
19
20
17
16
13
17
16
18
15
18
19
18
14
21
16
17
22
19
17
24
20
24
18
21
22
18
24
21
15
22
19
21
17
16
13
21
24
20
22
12
18
19
17
20
18
20
20
256
0 1
0 2
3 0
4 0
5 0
6 0
7 0
6 8
9 8
10 9
11 0
5 12
10 13
13 14
2 0
15 13
0 16
10 15
17 16
18 8
6 5
19 6
0 18
20 0
6 14
6 17
21 6
22 0
18 11
23 13
0 24
14 3
18 25
15 26
0 7
13 27
26 2
18 28
29 10
17 0
30 19
26 31
26 22
22 15
25 23
0 32
33 13
25 34
21 30
27 13
35 8
16 0
0 36
27 12
25 9
10 30
37 29
28 26
26 15
14 13
15 30
30 21
27 31
10 29
10 34
38 35
0 34
31 21
24 22
35 13
35 30
12 27
27 8
39 21
0 17
28 0
25 30
18 27
33 40
12 13
2 35
8 21
34 15
8 2
30 26
0 31
34 18
25 41
42 28
6 21
6 13
34 10
0 43
40 0
29 35
27 10
44 0
37 30
8 0
29 37
12 44
30 0
23 8
30 27
45 26
26 12
0 29
17 15
46 0
47 46
0 48
9 38
8 35
24 20
26 16
49 0
22 28
16 6
30 50
28 15
29 15
13 2
0 9
30 16
9 45
34 38
0 45
31 14
29 34
5 26
13 10
25 8
9 34
29 26
27 2
16 3
8 29
21 5
27 30
13 35
5 17
37 31
47 28
40 15
18 37
13 45
25 26
31 8
26 29
21 38
37 45
30 9
42 30
0 44
0 51
8 31
0 47
37 0
29 47
29 52
33 8
8 27
30 5
25 53
1 0
13 26
0 54
25 13
30 25
35 27
0 55
0 56
26 38
29 33
21 17
26 10
35 9
34 9
26 33
2 38
57 0
45 25
31 17
0 28
31 26
28 18
9 35
38 26
41 25
17 5
22 24
19 0
17 21
0 52
31 30
26 28
13 23
33 35
8 33
6 31
27 25
21 8
8 37
16 31
5 18
38 48
0 10
19 47
9 19
52 29
34 29
13 25
20 26
14 27
22 14
14 31
58 0
33 34
10 8
0 21
2 13
54 0
33 0
28 47
36 0
52 0
47 19
30 17
0 14
0 11
45 30
28 37
45 9
26 5
13 37
19 31
5 21
15 21
13 8
18 31
12 26
6 37
39 0
24 0
26 27
27 21
22 26
0 15
30 18
42 0
0 50
29 40
3 16
16 5
25 35
29 8
