#qgen
31
18
17
22
19
18
23
21
24
13
20
17
21
19
18
21
19
20
18
18
18
21
24
20
21
17
22
13
19
12
18
21
128
0 1
0 2
2 0
3 0
4 0
5 0
2 6
7 4
8 7
9 8
10 0
3 11
11 10
11 12
8 0
13 11
0 13
7 13
0 14
4 11
6 0
3 15
0 16
17 0
3 13
3 18
3 19
0 4
7 8
17 8
0 20
16 0
11 19
10 8
0 5
21 5
15 0
10 11
4 8
22 0
10 23
15 11
21 10
17 6
17 10
0 24
10 4
11 13
8 9
13 4
9 0
0 23
0 8
11 3
3 14
14 3
17 23
25 11
7 10
8 4
5 21
10 21
14 26
6 2
3 23
26 25
0 10
10 27
10 17
4 10
21 19
18 3
28 0
8 17
0 25
0 12
23 10
13 7
23 21
13 3
0 29
7 0
23 5
27 0
23 11
0 18
17 7
13 10
26 14
21 0
30 0
26 0
0 21
0 9
21 17
15 3
0 19
19 21
0 11
12 11
23 3
0 28
19 0
21 11
11 23
4 13
0 30
6 17
0 6
0 27
0 7
11 0
23 0
8 10
7 11
14 0
27 10
20 0
21 23
5 23
7 17
18 0
0 17
10 7
29 0
0 22
0 3
11 4
