#qgen
32
16
14
19
17
22
16
19
10
22
15
19
24
18
21
19
13
16
17
19
18
26
13
18
21
21
13
15
15
21
20
21
18
128
0 1
2 1
2 3
3 4
5 4
1 6
7 1
1 0
0 8
0 9
3 2
10 1
8 11
3 7
12 0
9 0
1 13
14 11
15 4
13 0
9 11
16 4
15 17
6 3
3 18
11 4
4 16
11 14
19 12
11 20
0 13
0 21
11 13
22 13
11 19
6 13
23 1
24 0
20 11
3 10
3 0
3 13
13 11
0 22
11 22
0 14
1 7
0 25
12 21
21 11
1 18
4 26
4 3
20 0
19 0
25 11
11 12
13 6
4 21
11 8
18 3
4 17
10 23
1 27
4 11
3 28
29 13
19 14
4 15
29 11
13 1
11 25
1 11
14 0
12 19
0 4
1 10
0 20
8 0
21 0
13 29
6 1
17 4
3 6
10 3
11 24
18 1
4 1
13 3
22 11
0 29
0 19
30 3
23 10
1 23
25 0
11 1
1 4
29 0
12 11
0 3
27 3
21 4
13 2
26 4
4 31
3 11
21 12
11 9
3 30
17 15
28 3
31 4
11 29
0 24
1 2
11 3
2 13
7 3
0 12
27 1
4 5
4 0
24 11
3 27
23 3
14 19
11 21
