#qgen
66
16
14
19
17
22
16
21
19
18
21
16
13
17
24
19
21
21
10
19
20
18
18
15
17
15
13
13
22
20
20
13
19
21
21
18
22
26
16
19
18
20
19
19
21
21
17
15
21
18
21
18
19
12
19
15
18
18
20
19
21
17
15
21
16
16
22
234
0 1
2 1
2 3
3 4
5 4
1 6
7 1
8 0
0 9
10 9
11 4
4 12
13 9
13 4
14 1
3 0
3 9
15 11
16 7
1 17
8 18
19 7
20 18
7 21
4 22
23 7
21 7
24 9
25 13
11 26
0 25
0 4
27 9
28 19
29 9
9 20
4 5
17 1
30 13
12 4
1 31
32 4
13 33
1 0
13 29
0 34
6 1
35 0
18 29
13 36
3 13
37 7
7 16
31 1
38 0
34 13
13 39
9 40
8 9
9 41
7 42
9 8
40 9
3 6
42 7
7 26
28 43
29 41
22 8
13 30
4 25
13 25
3 17
9 1
29 18
0 3
3 14
9 0
33 0
1 7
29 22
44 3
9 45
14 6
7 23
13 46
14 3
31 3
7 47
28 16
0 46
39 38
48 7
9 10
3 49
36 0
3 2
4 1
39 0
35 13
38 39
7 50
9 24
3 44
8 41
51 7
4 3
33 13
41 8
4 52
39 34
15 7
18 8
9 53
34 39
1 13
7 15
17 3
7 48
47 28
34 0
7 43
28 47
8 10
1 4
54 1
11 12
4 11
55 4
46 13
13 1
4 32
7 3
39 13
56 7
16 28
52 4
51 11
9 31
0 29
4 0
13 8
26 7
11 15
4 13
28 7
19 28
11 51
31 9
9 3
9 13
36 13
8 22
47 7
7 57
13 35
13 38
1 2
0 36
25 0
0 39
54 3
7 56
3 31
0 8
58 50
29 0
7 58
41 9
26 11
7 51
20 53
22 4
59 50
50 7
10 8
7 60
25 4
6 14
3 54
9 29
46 0
0 30
4 61
45 9
62 7
30 0
7 19
12 11
2 9
60 7
13 34
7 28
0 35
41 29
7 37
50 59
50 58
22 29
9 27
20 9
6 3
7 59
1 14
4 55
1 9
38 13
18 20
7 62
9 2
0 38
3 7
4 63
1 54
58 7
34 25
8 13
57 7
63 4
61 4
29 13
0 33
13 3
49 3
43 7
43 28
53 20
59 7
53 9
25 34
25 64
64 25
64 65
65 64
