#qgen
32
635
320
344
129
203
264
254
531
926
354
663
591
905
645
162
392
404
310
666
76
66
828
756
730
79
213
813
393
210
613
566
197
128
0 1
0 2
0 3
3 2
0 4
0 5
0 6
7 5
7 8
9 5
10 9
5 1
11 3
0 12
10 13
14 12
11 15
12 4
16 12
7 14
17 1
2 18
11 18
12 13
2 1
2 6
19 12
18 20
3 7
7 19
21 20
8 20
22 20
8 23
5 6
7 2
8 24
7 9
0 8
16 7
0 20
25 24
14 18
8 12
0 26
25 9
27 6
26 19
25 18
10 2
7 18
0 28
11 6
0 14
29 15
11 19
5 17
8 18
26 8
9 20
20 30
8 27
25 26
21 18
31 24
11 4
0 10
8 15
15 20
0 13
21 24
19 15
0 21
24 12
2 19
20 1
15 1
10 25
28 31
25 29
16 14
10 6
28 25
0 25
8 31
15 23
18 13
18 15
2 15
0 7
3 25
0 16
11 12
3 20
29 18
9 15
11 7
19 23
25 23
2 12
31 19
27 18
25 19
23 20
7 24
0 27
0 15
11 22
12 18
28 30
14 9
5 15
24 6
16 8
18 6
21 17
3 5
25 27
11 14
15 6
0 22
24 15
22 6
26 12
21 31
16 2
0 31
26 6
