#qgen
64
635
203
923
901
710
966
76
213
591
354
321
404
344
79
72
666
254
162
392
100
813
991
663
634
168
645
905
683
542
347
474
356
531
210
756
126
415
134
500
886
393
445
264
162
926
613
797
828
197
566
753
468
66
292
310
320
914
787
129
726
730
106
41
534
256
0 1
2 0
3 0
4 2
0 5
0 6
0 7
8 6
8 9
5 10
11 10
12 1
4 13
0 14
12 15
14 16
17 12
5 18
19 15
8 13
20 1
2 21
22 12
23 13
24 1
2 22
17 14
21 25
3 25
24 7
26 25
27 9
28 26
29 10
6 26
30 3
31 11
32 9
0 33
17 10
0 34
35 33
34 18
14 10
36 0
37 13
38 7
39 29
28 40
4 41
10 40
0 25
9 42
21 0
24 43
34 15
12 6
12 18
13 25
44 13
31 45
23 12
46 41
47 29
41 43
29 6
0 15
13 18
24 48
0 9
37 48
26 49
0 16
18 25
4 50
39 1
2 30
47 15
51 48
47 52
40 25
11 43
53 50
1 54
14 15
31 26
21 48
29 26
3 9
28 1
5 8
0 55
20 16
4 52
33 48
56 14
57 13
51 36
46 52
3 17
53 37
35 58
38 58
41 59
13 45
0 39
59 57
17 43
22 17
53 56
32 15
7 25
10 60
15 52
41 9
36 33
5 43
52 55
17 44
9 52
31 0
61 28
23 9
19 50
44 60
5 52
57 0
10 23
0 40
0 44
23 15
62 40
59 35
10 20
30 41
7 16
30 12
29 32
32 45
58 52
37 27
8 34
48 6
17 1
51 31
29 18
46 63
0 11
17 39
31 14
9 26
21 35
6 18
44 25
5 32
3 14
63 37
7 26
45 15
41 63
7 12
62 58
62 29
2 53
10 26
62 16
11 58
30 36
27 7
5 13
28 63
0 38
33 16
56 62
3 62
37 8
44 18
37 0
38 8
3 63
17 32
31 24
28 59
30 63
11 16
48 52
43 52
32 6
6 55
36 12
2 56
42 15
12 16
41 53
21 56
37 29
13 16
58 54
22 16
32 26
5 40
7 20
51 28
26 40
7 54
51 41
0 20
63 36
51 59
10 27
59 53
27 15
0 58
47 26
7 52
62 11
24 44
5 15
22 58
43 40
22 18
28 41
11 44
59 56
61 22
63 53
31 28
51 0
51 53
62 7
30 35
51 3
42 18
26 16
59 36
36 45
32 12
47 38
46 25
11 26
37 6
24 27
40 60
24 6
33 11
21 3
39 23
56 0
51 8
32 7
50 54
45 52
0 29
23 8
44 43
24 26
