#qgen
75
229
626
432
352
330
852
303
546
605
408
608
792
97
54
295
591
982
117
427
479
278
766
709
23
865
50
706
830
467
799
54
36
206
513
645
993
704
538
451
65
592
333
578
994
227
198
331
763
464
10
840
365
391
50
996
571
991
404
999
533
681
568
68
274
268
986
858
692
376
137
650
288
667
192
786
256
1 0
2 1
2 3
2 4
2 5
6 1
7 1
0 8
9 1
6 10
11 0
2 12
13 0
9 6
14 7
7 15
11 15
9 0
16 15
2 17
14 18
13 6
14 1
19 8
20 0
0 21
0 22
2 23
7 8
18 24
14 25
6 21
14 10
9 25
26 23
2 27
0 10
2 28
2 29
2 30
20 25
7 20
11 16
0 31
32 28
33 2
11 10
19 16
7 34
19 10
35 1
2 36
1 24
2 37
25 24
2 38
3 17
34 24
8 25
34 15
34 16
2 39
2 40
7 25
19 25
1 21
20 13
20 34
6 8
40 31
2 41
2 42
7 19
19 22
2 43
19 6
20 1
20 24
2 44
13 9
8 24
4 45
42 23
10 15
24 10
18 20
14 15
26 46
14 16
2 47
13 16
9 11
18 7
21 24
40 48
2 49
50 34
11 25
34 0
2 51
16 10
2 52
18 8
45 53
0 15
14 33
4 48
2 50
9 16
11 8
19 15
42 45
50 19
34 9
7 10
14 6
2 54
32 1
2 45
55 48
4 23
26 56
9 10
16 25
14 19
7 11
45 52
13 10
56 46
0 25
20 19
20 10
2 57
2 56
9 8
2 58
33 25
20 21
8 16
6 16
2 46
1 8
2 26
51 58
34 13
13 11
6 24
43 42
19 34
20 9
59 31
14 0
11 6
34 6
20 16
0 48
24 15
14 24
21 10
14 21
20 15
2 60
11 1
43 53
9 15
14 34
34 1
7 6
8 10
19 11
34 11
19 13
34 21
34 25
11 21
2 61
7 24
43 45
2 55
1 25
7 16
6 0
2 62
46 23
34 8
46 45
56 23
1 16
20 11
2 59
28 36
4 56
34 10
0 24
19 1
33 0
33 20
20 8
7 21
19 0
0 16
18 0
26 45
53 23
37 36
14 8
1 10
7 9
14 9
19 9
50 11
45 23
50 15
19 24
25 10
56 53
16 24
2 53
2 63
20 6
56 45
7 0
42 53
42 64
64 53
45 64
64 23
46 64
43 64
43 65
50 65
43 66
65 61
66 53
65 28
41 65
41 67
20 67
67 17
41 68
67 23
36 68
67 3
67 29
67 69
67 70
28 69
28 71
28 72
71 36
71 72
72 69
72 36
71 29
71 73
71 74
