#qgen
31
229
626
432
792
993
592
608
982
464
295
408
479
766
645
513
591
278
546
865
427
709
840
54
605
50
36
303
333
330
763
571
128
1 0
2 1
3 1
4 1
2 5
1 6
1 7
0 8
9 1
10 6
11 0
3 12
13 0
13 7
9 10
9 14
11 15
16 0
17 16
13 3
17 15
11 7
1 18
10 15
19 0
0 12
0 20
21 3
22 7
16 23
13 18
23 6
11 10
9 18
19 18
3 6
0 18
3 7
11 3
5 8
16 18
7 24
11 20
0 25
23 24
6 15
13 10
16 13
7 18
17 10
17 1
10 3
26 0
16 3
17 18
2 27
9 6
17 24
23 7
13 23
17 13
3 23
11 1
16 7
14 24
10 0
17 11
18 15
13 6
19 23
16 1
2 28
24 6
13 15
2 29
7 6
1 12
14 16
10 1
9 24
26 7
17 6
16 15
9 12
10 24
26 12
16 11
19 16
11 24
13 1
11 22
9 19
9 7
21 13
26 18
14 2
17 26
10 26
9 0
3 26
9 23
2 30
10 7
24 18
0 24
11 26
5 25
1 24
9 17
28 8
12 18
17 23
13 12
9 13
18 6
16 6
17 3
22 0
26 1
26 23
11 6
16 22
9 11
17 12
11 23
26 6
23 18
9 15
