#qgen
31
79
942
125
854
982
193
72
333
427
713
976
790
116
511
106
197
96
139
90
111
628
526
973
81
787
473
588
540
505
72
483
128
0 1
0 2
0 3
0 4
0 5
6 3
5 7
0 8
1 9
10 9
2 11
5 3
12 10
13 2
5 1
5 14
0 15
5 16
1 17
18 14
8 19
0 20
11 21
12 21
6 22
9 6
21 17
0 23
23 22
8 17
0 24
5 18
19 16
0 11
11 23
18 1
18 12
10 3
24 6
20 25
20 2
14 23
5 11
1 26
23 25
15 10
11 27
0 17
28 21
20 15
20 22
8 10
18 17
10 25
1 29
22 3
20 30
30 24
21 3
18 23
8 7
5 9
2 21
20 3
17 6
16 26
30 6
29 25
24 22
15 21
30 19
0 14
7 26
12 1
23 3
23 6
14 15
16 17
21 6
12 23
9 23
18 3
0 29
5 19
16 22
19 1
18 8
12 29
1 6
14 26
8 30
27 10
27 21
12 25
15 27
14 4
6 26
0 27
12 3
5 25
17 23
0 21
29 6
2 15
24 4
10 16
10 22
21 29
5 23
18 22
10 17
15 29
0 25
14 10
30 25
24 16
14 16
8 16
20 6
17 22
0 28
29 17
5 30
24 29
18 6
30 26
7 3
14 25
