#qgen
32
1011
299
97
516
500
369
235
193
568
880
61
427
594
645
6
267
251
211
657
378
290
715
288
152
527
850
701
967
924
103
282
306
128
0 1
0 2
0 3
0 4
0 5
1 5
3 6
1 7
0 8
9 3
0 10
8 6
11 5
12 6
1 13
0 14
9 13
0 15
7 16
10 9
0 17
13 6
0 18
17 19
0 20
21 16
1 9
21 9
2 6
4 15
0 16
0 6
15 22
19 5
8 13
17 23
24 14
21 1
2 25
0 26
17 25
8 19
15 27
13 5
0 21
0 28
9 16
23 22
2 12
0 23
12 18
22 6
12 13
15 25
29 5
17 27
10 15
9 29
6 19
21 29
22 26
6 28
25 22
13 26
24 13
27 6
8 24
15 6
10 29
19 16
7 11
10 3
1 14
2 26
25 13
25 3
1 24
0 9
3 28
18 6
3 27
22 28
26 19
23 26
30 9
0 27
25 12
0 24
10 24
0 29
29 26
8 27
21 5
23 28
0 25
0 12
15 3
21 13
10 22
27 22
10 5
0 7
3 22
21 11
3 13
30 24
25 23
8 20
0 22
0 31
25 19
8 5
25 27
21 12
31 2
9 22
21 15
29 19
13 19
3 12
21 20
9 15
18 27
1 29
8 12
21 24
26 5
25 18
