#qgen
43
134
82
380
147
1012
516
360
117
104
539
550
695
659
215
161
835
539
923
697
342
753
900
599
969
420
507
805
320
914
830
918
148
81
463
626
118
986
175
824
426
492
533
185
128
0 1
1 2
0 3
2 4
5 3
0 6
7 2
0 7
8 2
4 9
0 10
11 1
10 12
2 13
0 9
1 5
8 14
15 14
11 16
17 1
1 9
18 16
1 3
1 14
1 8
19 3
0 12
17 9
13 4
13 14
8 15
20 15
1 21
22 16
9 19
0 16
0 11
17 2
1 20
8 9
0 23
1 13
24 0
0 19
13 15
1 25
1 26
20 4
1 4
0 21
0 22
17 8
0 27
4 14
22 19
4 19
20 13
0 28
0 29
4 25
20 14
13 25
1 23
1 15
11 19
0 18
5 8
11 22
30 5
22 12
4 15
8 25
28 31
8 13
30 9
15 19
18 19
0 17
1 30
0 31
25 3
1 18
0 26
28 16
8 4
7 30
7 32
7 33
33 25
7 34
33 34
32 34
32 35
35 30
33 35
7 35
34 35
36 35
7 36
33 36
34 36
34 37
37 38
35 38
34 38
37 18
36 38
35 37
35 39
7 39
35 40
39 38
39 41
37 41
33 41
34 41
35 41
38 41
41 30
40 41
40 42
39 42
37 42
38 42
35 42
7 42
41 42
8 42
