#qgen
63
134
82
637
753
650
539
923
215
342
823
1012
380
341
208
296
900
169
147
822
104
991
605
610
159
117
516
542
599
306
657
970
781
835
456
936
161
303
400
458
486
507
695
550
932
918
697
805
320
420
659
253
539
422
759
360
212
969
472
139
292
518
914
148
256
0 1
1 2
1 3
4 2
5 2
0 6
3 7
0 8
5 9
7 10
11 10
4 12
11 13
5 14
0 15
1 16
13 9
16 17
18 12
19 4
20 2
20 21
4 22
14 2
1 23
6 11
0 24
20 12
22 8
25 17
10 26
27 21
13 5
28 22
19 14
1 29
29 30
6 31
2 8
32 13
1 33
2 34
1 17
1 10
19 35
3 10
24 4
10 9
7 2
1 36
32 35
19 12
1 21
19 5
29 37
7 21
22 26
36 38
1 20
18 5
20 28
25 19
13 2
1 39
40 17
0 41
7 28
41 16
8 31
32 14
10 5
11 26
36 29
11 22
40 14
38 17
28 26
0 42
1 37
1 28
1 43
1 30
19 22
5 21
19 10
18 20
25 20
7 35
44 14
28 36
19 21
41 8
35 14
0 45
14 20
6 19
0 46
0 47
48 0
28 8
19 32
8 17
0 5
19 13
0 27
44 18
5 20
35 28
18 43
10 20
0 49
32 28
22 21
26 21
1 50
44 4
21 8
41 51
40 18
1 14
27 51
45 8
10 22
14 9
27 9
1 52
46 30
40 9
32 2
53 37
54 39
45 50
5 16
42 49
40 12
5 22
14 21
36 46
1 55
4 20
32 8
1 38
1 53
1 56
45 51
7 9
10 35
7 22
44 5
41 1
10 40
1 57
25 18
1 19
20 22
1 58
3 32
13 21
27 16
10 32
10 28
13 20
19 9
59 29
10 31
0 51
1 15
1 34
45 39
8 37
20 9
19 7
57 16
40 20
14 28
44 13
1 32
1 5
60 53
27 8
18 4
18 9
18 22
0 61
13 14
40 4
1 26
27 58
42 37
25 26
4 5
9 8
6 22
44 25
3 28
49 33
27 36
10 14
1 25
50 23
46 38
14 12
1 31
13 22
10 2
24 44
1 12
4 14
37 51
1 13
58 22
35 2
19 18
7 14
12 2
1 59
32 22
8 16
0 54
19 40
1 46
6 5
1 11
18 14
1 18
11 7
35 9
53 46
58 31
19 11
40 22
27 49
1 44
37 56
7 40
3 22
44 22
24 11
19 28
22 16
35 20
7 32
30 62
19 2
26 45
1 35
9 16
28 9
11 14
9 22
1 4
45 23
54 26
1 45
22 2
45 37
