#qgen
31
49
116
438
968
491
780
546
415
987
359
747
371
143
958
488
924
264
443
333
6
591
448
130
540
967
780
635
902
628
747
581
128
1 0
1 2
1 3
4 3
4 5
1 5
6 4
7 2
3 5
7 8
9 2
6 10
6 7
4 11
12 5
13 3
5 8
1 14
7 15
14 16
1 4
12 17
18 8
7 12
6 13
15 17
9 3
6 19
16 5
6 5
20 16
21 8
15 12
4 2
6 15
20 8
4 8
22 3
19 23
16 10
1 16
3 8
4 7
14 18
9 24
25 15
1 13
1 17
25 26
25 10
25 27
1 25
7 13
25 8
28 9
29 18
6 27
16 26
23 5
16 27
16 3
19 4
6 8
1 21
29 8
16 25
15 10
15 27
1 30
14 8
22 7
19 3
15 26
14 23
1 26
6 11
10 29
1 22
7 26
23 9
16 12
6 23
15 11
3 17
1 18
4 12
2 8
7 27
23 2
17 8
4 13
7 17
27 17
19 12
23 7
7 5
9 26
1 6
12 3
28 12
15 13
23 12
23 25
26 8
10 8
1 10
28 22
25 2
1 20
6 26
23 15
25 17
26 17
19 7
1 7
24 18
22 15
15 3
16 4
23 27
12 26
19 10
25 5
16 9
5 26
19 26
1 29
23 26
