#qgen
64
49
116
491
264
610
958
6
780
987
635
226
902
807
143
785
415
546
329
924
60
602
948
253
969
744
333
747
628
799
911
488
604
696
443
371
540
322
964
700
448
747
404
927
998
967
264
45
1001
605
488
359
560
58
968
780
975
208
591
130
315
583
438
581
196
256
1 0
1 2
1 3
4 3
4 5
1 6
5 7
4 2
3 8
9 8
10 2
11 7
12 7
4 11
6 8
3 13
4 14
2 15
10 8
16 15
1 17
18 13
19 8
20 8
21 7
22 16
23 3
24 8
25 8
26 8
23 27
28 10
29 18
30 3
28 9
31 14
32 6
32 5
31 30
18 33
22 2
4 34
35 7
29 23
16 18
36 27
1 37
1 38
37 39
19 35
38 40
2 5
16 11
36 15
41 16
42 33
43 10
31 44
10 15
31 45
46 6
47 8
48 10
1 49
42 15
35 33
21 50
43 30
3 15
19 50
14 45
28 6
30 42
36 30
1 45
41 10
20 32
20 2
31 12
19 24
28 33
20 12
28 23
19 4
1 13
35 8
3 51
52 12
22 3
37 15
18 8
30 12
35 50
42 26
14 53
45 10
41 18
3 5
16 5
27 50
28 27
28 26
52 54
42 16
16 40
1 55
47 56
46 3
3 35
12 33
30 32
37 40
41 35
52 14
36 2
42 40
31 56
28 5
50 9
54 53
28 47
22 52
12 40
21 39
10 57
41 50
1 58
52 59
1 12
47 6
44 25
60 28
56 50
24 34
33 8
57 15
45 27
13 7
23 32
35 40
24 53
14 34
28 35
32 18
47 54
41 32
14 40
29 53
1 43
56 32
28 36
32 61
14 48
4 7
42 12
37 53
6 2
22 13
55 35
3 40
27 61
18 34
36 61
23 24
52 6
4 15
28 4
58 54
28 12
38 42
56 33
56 3
53 9
30 18
55 27
49 8
23 10
4 45
12 2
14 54
1 57
55 34
29 7
24 15
1 16
28 57
14 10
3 33
11 5
32 7
6 54
56 44
53 34
3 25
21 45
23 2
53 8
41 34
38 2
28 29
28 58
43 53
42 53
24 2
45 15
21 56
12 11
62 42
44 34
30 15
31 10
43 35
49 9
32 25
47 10
10 12
27 13
32 34
38 15
22 43
30 2
28 45
20 54
45 53
59 35
22 6
1 24
4 40
3 61
47 3
45 61
49 35
2 54
35 53
63 50
19 37
15 61
10 49
36 16
31 8
42 57
52 49
6 53
37 7
41 22
21 32
23 35
36 3
42 13
22 4
32 53
17 42
56 49
45 12
54 15
52 32
