#qgen
64
179
683
864
763
238
586
949
494
130
1008
653
195
926
508
645
461
456
293
254
251
209
169
581
103
510
623
843
235
100
928
79
693
779
81
911
850
666
813
750
599
129
325
1003
148
695
168
718
895
38
157
905
259
378
819
252
929
1008
1020
545
279
653
291
590
406
256
0 1
2 1
0 3
1 4
5 0
0 6
2 7
5 8
9 1
10 1
2 11
1 12
13 1
14 8
0 10
15 8
15 16
0 17
14 18
3 19
20 1
21 19
9 7
22 11
22 15
2 23
24 3
25 1
7 3
26 1
17 27
22 28
29 18
22 30
0 31
22 32
33 23
14 34
33 19
35 1
18 34
36 1
3 37
30 24
22 36
3 38
13 18
19 39
3 40
41 2
37 39
5 42
2 14
10 19
26 24
43 24
15 44
45 1
29 46
24 47
3 39
17 48
17 18
33 49
13 46
17 30
22 50
43 7
2 51
15 14
17 10
45 24
16 36
16 43
52 18
22 9
21 49
2 29
33 1
43 29
5 50
1 42
16 2
53 11
54 11
45 42
16 3
43 35
22 1
18 1
40 19
4 55
20 30
9 11
2 54
2 46
43 36
27 30
43 11
1 56
37 8
23 34
27 56
33 27
22 8
46 14
3 32
45 56
17 43
57 3
28 48
27 55
54 4
51 48
16 4
17 46
46 36
13 43
15 36
44 57
27 14
50 3
3 49
3 55
15 17
33 8
19 8
31 12
57 1
44 18
13 24
11 46
24 12
7 4
22 3
27 18
22 57
10 36
18 30
24 8
16 30
28 14
30 1
23 24
22 14
17 9
10 18
11 18
22 42
28 30
58 9
3 8
0 59
15 20
13 10
16 44
23 54
18 35
46 30
36 24
7 8
60 7
2 48
43 18
16 25
16 9
17 8
3 21
20 18
35 56
43 14
2 36
11 24
33 16
36 30
46 24
28 56
3 61
27 1
16 42
58 57
17 13
22 48
54 56
28 32
62 0
16 17
52 16
22 18
10 30
43 9
33 55
17 24
16 14
16 27
53 1
24 56
34 24
22 4
10 45
37 19
57 19
15 43
49 55
17 2
23 9
33 24
52 46
16 57
50 28
15 24
15 46
17 3
13 2
15 18
1 61
33 3
56 42
17 34
27 36
16 7
46 34
21 55
43 28
39 8
2 18
46 35
63 62
59 39
17 1
10 43
17 23
23 27
27 24
16 24
33 57
16 1
24 4
43 27
17 44
15 1
20 9
1 47
8 55
16 46
16 34
53 9
21 38
14 24
33 39
17 14
22 52
24 42
34 1
16 35
0 9
