#qgen
39
179
683
843
693
406
949
653
378
508
238
895
461
763
291
456
1020
1003
581
293
864
81
251
148
1008
590
926
586
545
1008
819
623
279
313
473
928
103
961
926
430
128
0 1
2 1
0 3
4 0
0 5
0 6
7 1
8 6
1 9
1 10
11 1
0 12
1 13
14 9
0 15
16 10
17 16
0 18
14 19
2 12
20 1
20 21
8 22
12 21
14 23
14 1
4 24
1 25
26 2
1 16
15 21
27 17
20 15
28 16
0 23
18 16
20 17
11 22
17 14
17 1
14 15
26 1
22 1
18 19
17 15
19 1
12 9
14 16
6 1
8 1
29 23
6 21
30 1
18 8
29 16
26 16
17 11
27 1
27 18
20 14
23 1
14 12
18 12
20 18
17 9
15 12
14 22
6 22
1 21
11 14
8 19
17 23
12 13
11 12
14 30
18 6
27 14
1 28
24 0
22 19
6 16
26 0
20 2
23 9
21 9
27 23
3 25
22 23
29 1
15 1
27 15
17 7
16 25
11 18
18 1
7 14
0 31
18 23
21 13
20 12
14 18
14 8
17 12
18 22
18 32
32 33
33 22
18 33
18 34
22 34
18 35
19 34
35 23
22 35
19 35
20 35
20 36
36 18
36 21
20 37
36 12
36 17
38 17
38 14
38 21
38 12
38 9
20 38
