#query
30
N
K
E
G
Y
K
D
K
I
Q
L
R
P
W
Y
A
I
I
K
E
F
S
T
E
S
A
K
N
N
P
128
0 1
2 1
3 1
4 1
5 2
2 6
7 4
4 8
7 9
6 10
7 11
12 5
6 13
2 14
15 13
9 8
9 1
16 9
1 8
17 11
12 3
0 8
18 1
19 8
20 13
9 13
10 4
21 15
5 6
20 15
4 22
12 1
9 23
14 13
14 1
24 2
15 25
23 8
11 25
4 9
19 7
0 26
3 13
14 10
19 0
18 10
0 20
27 20
26 22
28 24
16 7
21 13
16 0
6 20
19 11
11 13
9 25
29 8
21 9
26 11
22 9
4 26
3 20
12 15
6 18
28 5
11 15
16 20
22 15
10 20
22 8
6 27
23 15
14 25
6 29
3 6
28 1
17 26
14 20
10 27
17 0
12 22
1 25
28 12
3 23
17 9
12 21
16 8
25 8
26 23
12 24
20 25
4 0
28 22
9 11
24 5
18 20
29 15
29 20
10 1
24 6
11 23
29 1
21 5
16 25
29 25
16 11
0 11
16 17
4 25
5 3
24 13
17 4
1 20
4 11
6 25
21 20
9 20
21 3
26 1
16 26
21 1
12 23
1 15
5 13
16 4
3 2
5 1
