#query
64
K
R
D
S
W
Y
N
L
K
K
V
N
I
L
V
F
V
R
I
F
L
E
E
R
R
K
D
K
F
V
K
Q
L
Y
L
R
A
Q
Y
T
C
F
D
A
L
N
L
A
A
C
K
N
F
R
L
H
L
E
R
A
C
L
V
M
256
1 0
1 2
1 3
4 0
5 1
5 4
6 4
1 4
4 7
3 8
4 8
4 9
10 9
9 11
12 2
12 13
14 5
7 15
8 16
3 17
18 1
10 19
17 20
15 21
14 1
22 16
23 7
5 21
2 24
21 25
6 26
27 20
17 28
3 16
6 5
18 26
1 29
23 17
30 16
31 15
8 23
30 32
5 33
18 22
33 2
4 34
35 4
36 2
14 37
2 38
18 7
39 24
1 21
16 11
40 20
23 34
26 41
42 37
37 36
7 43
15 19
5 29
29 12
29 41
7 39
44 24
1 11
12 24
4 25
33 44
2 45
32 46
5 36
30 47
2 48
23 28
32 20
49 43
47 50
2 50
15 2
6 2
29 44
51 39
40 6
39 52
26 30
53 32
13 39
31 54
42 1
18 13
33 28
23 41
2 43
17 51
42 6
35 7
12 51
14 18
2 44
30 29
35 2
19 9
54 51
16 41
4 50
17 55
14 2
29 49
44 10
47 7
56 14
29 32
4 19
32 13
20 52
29 54
9 34
4 31
28 54
5 17
18 2
56 27
29 10
37 55
4 57
12 49
35 1
58 9
25 11
6 1
1 26
33 15
7 54
29 19
12 48
50 48
11 41
36 47
56 45
7 20
23 29
7 48
5 47
29 11
52 59
23 58
40 27
47 48
35 37
49 28
60 28
58 11
33 58
25 58
36 33
37 7
19 11
40 52
50 45
27 1
44 52
12 61
15 12
51 43
35 21
36 55
42 35
19 41
14 52
33 62
14 46
36 41
21 62
4 23
23 47
63 31
47 54
56 2
14 45
46 39
33 48
10 21
30 36
17 13
26 0
3 34
23 9
40 38
54 32
57 11
31 7
17 60
35 22
11 34
43 52
5 3
4 36
1 58
12 50
21 58
25 9
35 36
2 49
50 44
61 60
37 13
31 33
17 7
3 31
26 11
16 17
61 49
37 26
10 62
23 31
31 47
27 46
26 8
29 33
58 34
4 47
16 23
51 20
60 51
47 44
36 11
3 41
63 23
40 14
52 24
3 23
1 33
26 29
37 5
16 47
2 53
29 28
29 7
58 62
22 36
62 11
47 43
27 18
5 44
63 16
7 2
40 42
17 12
60 43
61 52
44 53
31 32
12 45
63 17
