#qgen
58
156
152
160
146
148
182
100
170
161
121
171
115
115
128
137
188
148
154
172
143
157
145
138
125
135
164
146
134
135
155
162
6
150
124
136
187
130
62
158
140
150
161
132
124
148
124
191
120
127
141
145
122
196
127
155
145
168
160
64
1 0
2 1
3 1
2 4
2 5
1 5
0 6
5 7
5 8
9 3
10 1
11 4
6 12
1 13
1 14
15 7
8 16
5 12
13 17
18 1
3 19
20 19
5 21
22 19
14 23
24 5
18 25
15 26
27 19
2 14
6 0
8 28
26 29
19 30
25 31
14 32
26 33
29 34
5 6
10 35
36 7
37 10
38 23
39 29
40 13
41 30
17 42
41 43
44 43
45 5
46 1
8 47
4 48
49 13
5 24
36 50
51 26
52 41
28 8
53 13
54 43
11 55
35 56
42 57
