#qgen
222
156
152
160
146
148
182
100
170
161
121
171
115
115
128
137
188
148
154
172
143
157
145
138
125
135
164
146
134
135
155
162
6
150
124
136
187
130
62
158
140
150
161
132
124
148
124
191
120
127
141
145
122
196
127
155
145
168
160
155
161
128
115
139
161
125
141
166
196
136
159
169
150
155
172
157
156
149
167
134
176
137
147
125
117
148
169
123
175
112
100
140
156
177
191
172
111
178
159
117
118
120
162
170
143
156
139
130
163
128
154
132
166
137
161
177
122
122
158
131
98
159
151
154
100
165
176
147
128
160
135
148
149
127
185
159
156
163
137
159
176
115
120
177
155
135
146
156
85
109
173
150
183
159
91
144
167
174
131
147
159
144
181
171
181
159
136
141
146
158
137
176
92
165
147
148
136
148
149
187
138
175
124
148
126
166
152
159
129
125
100
117
134
147
162
139
130
178
114
156
140
127
141
189
157
184
122
160
159
137
172
141
186
58
134
173
192
141
147
155
163
188
146
256
1 0
2 1
3 1
2 4
2 5
1 5
0 6
5 7
5 8
9 3
10 1
11 4
6 12
1 13
1 14
15 7
8 16
5 12
13 17
18 1
3 19
20 19
5 21
22 19
14 23
24 5
18 25
15 26
27 19
2 14
6 0
8 28
26 29
19 30
25 31
14 32
26 33
29 34
5 6
10 35
36 7
37 10
38 23
39 29
40 13
41 30
17 42
41 43
44 43
45 5
46 1
8 47
4 48
49 13
5 24
36 50
51 26
52 41
28 8
53 13
54 43
11 55
35 56
42 57
58 43
45 23
12 5
59 36
60 15
17 61
49 62
36 63
53 40
39 64
65 19
66 62
17 67
47 68
62 69
17 70
71 55
72 62
34 73
62 72
74 69
41 75
34 51
76 41
6 21
44 77
78 57
79 64
80 58
64 5
81 50
37 82
44 83
58 84
85 64
62 86
87 64
88 58
89 82
32 21
81 90
91 20
92 81
93 13
64 94
95 64
96 31
41 97
98 49
61 99
100 94
44 101
102 82
103 37
69 104
105 94
106 64
107 36
74 108
109 33
110 41
27 111
112 62
113 69
75 114
67 40
34 115
58 116
117 82
30 118
119 64
120 78
50 121
64 122
94 123
1 42
124 34
1 10
125 46
126 65
64 127
128 43
129 112
93 57
64 130
71 131
132 43
23 133
101 134
125 135
52 136
10 117
137 19
138 101
139 81
107 140
4 141
120 142
40 143
144 107
5 145
146 104
68 147
148 62
52 149
150 52
63 151
104 69
55 152
153 101
138 5
154 127
155 146
147 156
157 31
64 120
158 75
64 159
160 80
161 58
63 162
163 142
63 164
165 71
147 104
166 165
167 49
168 108
147 169
71 165
170 71
171 151
41 172
158 173
172 52
75 174
175 41
107 176
157 177
178 75
179 53
165 180
49 98
181 36
182 149
64 183
184 100
185 63
142 186
6 187
188 112
117 10
189 163
190 171
94 191
192 94
193 172
146 194
195 33
196 150
31 96
107 197
139 198
199 62
82 200
178 201
147 202
127 203
96 204
121 205
201 206
147 163
94 207
99 49
169 208
62 209
113 210
211 64
205 121
212 55
213 64
214 28
62 215
101 44
209 216
158 217
218 146
219 196
149 88
166 188
220 147
221 112
