#qgen
234
163
144
170
157
153
160
161
110
118
187
146
188
135
132
161
150
146
165
157
137
172
137
176
163
165
165
139
164
136
122
154
158
151
165
136
138
175
196
158
117
149
189
154
119
142
122
121
177
157
147
163
133
153
110
159
145
140
171
147
165
155
141
124
116
128
169
156
183
119
146
149
126
163
163
143
168
161
172
175
111
156
145
176
141
156
171
162
162
145
159
184
82
157
149
148
173
185
124
161
149
134
124
166
162
139
169
177
157
162
176
184
140
129
158
121
136
146
145
119
149
142
153
135
162
145
134
108
164
162
170
140
140
163
160
156
138
111
141
132
162
168
198
134
140
173
124
130
156
148
123
120
124
143
179
122
148
131
148
151
171
253
143
179
125
162
124
119
166
174
160
149
136
139
161
143
185
142
160
119
176
145
118
159
152
146
156
193
144
252
119
122
153
162
159
81
125
114
151
149
136
128
147
101
158
161
161
142
125
142
119
117
134
103
166
145
116
140
171
158
129
103
157
164
161
179
168
151
142
118
128
150
155
134
166
256
0 1
1 2
3 2
3 4
5 3
2 6
7 3
5 8
6 9
5 10
11 8
5 12
3 13
11 14
11 15
6 16
14 17
2 1
17 18
13 19
20 11
21 13
13 22
14 23
13 24
25 12
11 26
17 27
6 28
20 29
2 30
5 31
32 27
33 30
19 34
35 21
36 34
37 32
8 38
21 39
40 13
2 41
42 39
43 23
44 34
25 45
39 46
34 30
27 47
39 48
49 12
50 47
23 51
52 42
53 39
48 54
55 19
56 54
57 39
32 58
59 44
60 39
39 61
62 41
39 63
8 64
23 65
39 66
67 65
39 68
69 4
70 26
39 71
72 65
73 48
6 74
75 36
76 38
42 77
62 78
79 77
54 80
81 54
38 82
42 83
39 84
85 23
65 86
38 87
88 66
13 21
89 5
39 90
54 91
62 92
93 73
65 94
95 84
32 96
97 63
98 39
99 37
91 100
80 101
27 102
63 103
84 104
53 105
106 101
107 41
108 39
106 109
11 110
3 19
39 111
55 112
113 39
114 52
39 115
116 70
117 38
118 43
75 119
120 65
121 118
122 40
43 123
124 77
39 125
73 126
42 127
128 73
129 108
39 130
52 66
12 131
132 111
133 39
83 73
134 110
80 135
118 136
137 108
90 111
138 119
23 139
140 39
39 141
79 142
68 143
144 117
145 117
146 122
147 70
148 54
149 123
118 150
151 109
75 152
153 15
154 52
132 155
99 156
41 157
30 158
26 159
160 47
161 8
162 58
163 148
144 145
17 164
132 165
110 134
166 123
167 117
168 139
15 169
170 6
171 73
90 172
154 173
54 56
77 174
175 66
136 165
176 63
177 45
92 178
175 179
59 180
3 181
154 182
43 19
183 44
7 184
185 39
99 186
13 164
109 187
88 188
182 189
131 190
191 65
192 118
91 193
39 194
95 195
196 111
197 39
198 19
47 199
25 200
77 201
153 202
94 203
204 47
94 39
169 205
206 178
137 39
207 42
185 208
13 123
55 183
39 209
210 19
107 99
211 156
36 212
213 41
214 59
215 27
206 216
217 150
171 218
219 99
200 220
221 73
222 39
104 32
89 223
224 83
169 45
225 207
185 47
169 226
44 112
227 83
228 124
229 31
132 205
230 196
6 231
232 151
42 233
