#qgen
127
142
170
185
173
140
172
182
146
122
162
184
148
132
157
144
150
195
144
163
162
146
146
151
135
124
139
139
151
149
142
128
154
149
148
166
144
119
138
121
149
114
182
182
99
183
125
179
171
161
153
186
125
184
175
171
117
123
180
132
156
184
160
154
144
125
123
180
179
165
163
147
172
133
153
167
151
134
141
126
156
143
149
161
159
171
155
158
115
133
147
157
143
129
165
121
169
185
163
139
142
134
218
131
170
182
164
141
148
146
153
139
161
140
137
187
122
168
171
165
139
130
160
155
177
145
156
187
128
1 0
2 1
3 0
1 4
5 2
2 6
0 7
8 5
5 9
10 8
11 10
12 1
1 13
14 0
15 8
16 6
13 17
14 18
19 1
16 20
21 6
22 18
23 21
24 12
0 25
26 2
16 27
10 28
29 13
30 24
29 31
12 32
26 33
5 34
35 23
24 36
21 37
27 38
21 39
40 11
26 41
22 42
43 20
41 44
45 26
43 46
14 47
13 48
30 49
50 18
51 48
48 52
16 53
51 54
55 17
56 16
57 2
51 58
34 59
60 30
61 43
62 29
63 51
31 64
65 42
66 33
67 13
13 68
69 17
52 70
71 29
63 72
21 73
74 60
75 56
61 76
58 77
0 78
79 2
33 80
81 37
82 0
83 23
54 84
77 85
51 86
77 87
87 88
41 89
41 90
45 91
92 1
93 72
94 21
48 95
42 96
97 60
98 58
70 52
86 99
40 100
93 101
84 102
60 103
78 104
56 105
45 106
53 107
60 56
51 108
109 93
99 110
111 52
112 11
113 58
46 114
115 75
116 48
117 45
118 116
119 93
120 98
121 0
122 70
119 123
124 61
125 113
84 126
