#qgen
238
142
170
185
173
140
172
182
146
122
162
184
148
132
157
144
150
195
144
163
162
146
146
151
135
124
139
139
151
149
142
128
154
149
148
166
144
119
138
121
149
114
182
182
99
183
125
179
171
161
153
186
125
184
175
171
117
123
180
132
156
184
160
154
144
125
123
180
179
165
163
147
172
133
153
167
151
134
141
126
156
143
149
161
159
171
155
158
115
133
147
157
143
129
165
121
169
185
163
139
142
134
218
131
170
182
164
141
148
146
153
139
161
140
137
187
122
168
171
165
139
130
160
155
177
145
156
187
123
139
141
159
158
157
165
177
166
152
128
154
141
184
142
140
135
166
94
142
170
179
137
131
135
139
185
130
155
156
129
140
125
160
168
149
132
171
138
146
161
169
165
130
123
178
164
149
143
131
149
158
185
135
151
99
103
151
144
39
150
139
141
142
128
151
138
137
131
135
126
169
195
140
122
152
129
139
129
149
142
151
151
171
35
138
127
167
134
141
113
142
159
149
158
124
181
133
171
145
132
145
123
165
133
163
125
146
162
165
185
256
1 0
2 1
3 0
1 4
5 2
2 6
0 7
8 5
5 9
10 8
11 10
12 1
1 13
14 0
15 8
16 6
13 17
14 18
19 1
16 20
21 6
22 18
23 21
24 12
0 25
26 2
16 27
10 28
29 13
30 24
29 31
12 32
26 33
5 34
35 23
24 36
21 37
27 38
21 39
40 11
26 41
22 42
43 20
41 44
45 26
43 46
14 47
13 48
30 49
50 18
51 48
48 52
16 53
51 54
55 17
56 16
57 2
51 58
34 59
60 30
61 43
62 29
63 51
31 64
65 42
66 33
67 13
13 68
69 17
52 70
71 29
63 72
21 73
74 60
75 56
61 76
58 77
0 78
79 2
33 80
81 37
82 0
83 23
54 84
77 85
51 86
77 87
87 88
41 89
41 90
45 91
92 1
93 72
94 21
48 95
42 96
97 60
98 58
70 52
86 99
40 100
93 101
84 102
60 103
78 104
56 105
45 106
53 107
60 56
51 108
109 93
99 110
111 52
112 11
113 58
46 114
115 75
116 48
117 45
118 116
119 93
120 98
121 0
122 70
119 123
124 61
125 113
84 126
28 10
127 55
128 60
54 129
42 130
28 131
132 120
133 126
99 134
135 43
136 61
43 27
137 99
40 138
139 2
140 15
48 141
85 142
143 66
128 144
145 126
116 146
129 147
99 148
149 86
133 150
151 23
152 80
153 58
0 154
155 10
70 156
131 70
157 86
158 123
159 110
160 113
161 110
162 102
57 163
147 164
158 165
166 86
167 99
39 42
93 109
112 168
169 86
164 170
171 1
172 60
157 147
133 173
174 41
175 87
54 176
177 12
108 178
179 131
180 78
181 108
136 182
183 137
184 166
48 185
99 186
187 110
188 153
71 18
27 189
28 190
178 191
17 144
116 192
176 99
53 193
194 0
131 15
129 195
191 187
196 16
183 197
191 153
155 198
199 28
54 181
47 13
200 41
201 152
202 149
113 203
72 204
205 108
206 60
207 54
142 208
209 149
210 153
114 211
212 159
213 178
132 214
153 215
216 199
131 43
217 51
218 43
219 45
220 60
221 169
222 40
78 223
159 224
207 225
226 29
227 187
228 42
43 131
25 0
229 205
230 203
231 124
58 232
233 98
234 175
110 235
17 236
237 122
