#qgen
63
145
141
172
138
158
128
144
131
114
116
156
123
139
142
151
176
162
153
109
180
200
159
171
188
126
145
127
175
147
142
203
171
134
148
157
158
175
183
178
142
105
128
125
154
170
187
134
172
145
160
153
167
152
148
174
163
138
182
167
115
176
135
152
64
0 1
2 1
3 0
1 4
5 3
4 6
7 1
8 3
9 4
10 8
1 8
1 11
12 1
1 13
13 14
1 15
4 16
17 3
3 18
19 14
1 20
1 21
22 14
23 1
7 24
4 25
26 3
25 27
28 24
29 9
30 8
1 31
4 32
11 33
34 8
30 35
4 36
30 37
22 38
38 39
40 27
41 27
42 1
43 38
44 31
1 45
1 3
3 46
20 47
10 48
49 44
50 25
51 17
38 52
35 53
54 45
55 4
54 56
46 57
58 54
25 59
4 60
61 57
62 38
