#qgen
126
145
141
172
138
158
128
144
131
114
116
156
123
139
142
151
176
162
153
109
180
200
159
171
188
126
145
127
175
147
142
203
171
134
148
157
158
175
183
178
142
105
128
125
154
170
187
134
172
145
160
153
167
152
148
174
163
138
182
167
115
176
135
152
143
158
123
147
117
181
125
163
162
153
189
162
142
124
163
179
180
164
146
130
173
126
125
163
167
184
187
161
152
144
147
146
150
126
102
167
160
166
122
167
141
135
187
142
152
188
164
161
152
132
125
148
138
137
136
122
175
181
144
159
167
133
143
128
0 1
2 1
3 0
1 4
5 3
4 6
7 1
8 3
9 4
10 8
1 8
1 11
12 1
1 13
13 14
1 15
4 16
17 3
3 18
19 14
1 20
1 21
22 14
23 1
7 24
4 25
26 3
25 27
28 24
29 9
30 8
1 31
4 32
11 33
34 8
30 35
4 36
30 37
22 38
38 39
40 27
41 27
42 1
43 38
44 31
1 45
1 3
3 46
20 47
10 48
49 44
50 25
51 17
38 52
35 53
54 45
55 4
54 56
46 57
58 54
25 59
4 60
61 57
62 38
63 37
25 64
65 31
54 66
3 67
68 64
69 54
55 70
53 71
72 59
54 73
30 74
75 64
76 54
41 77
78 25
75 79
80 40
81 66
82 30
25 83
43 84
18 85
39 86
35 87
88 80
30 89
64 90
1 91
92 25
93 25
94 55
95 54
96 68
97 37
98 62
66 99
4 100
101 40
31 102
103 92
103 104
69 105
84 106
107 75
108 9
3 109
110 70
66 111
112 95
110 113
96 114
41 115
116 14
117 25
118 80
1 119
120 63
121 43
122 2
89 119
123 69
124 82
125 28
