#qgen
128
174
176
124
171
198
149
167
112
163
181
159
147
132
168
144
163
121
132
146
131
188
144
164
147
108
153
155
109
156
94
186
134
150
181
135
156
163
135
137
129
118
123
150
175
152
120
149
140
163
169
168
125
136
144
138
138
153
149
157
157
13
143
161
182
135
143
148
123
134
132
130
165
160
139
154
146
141
144
151
157
157
150
160
137
161
155
120
162
165
166
153
146
161
122
125
142
175
109
130
136
140
135
117
115
134
155
166
137
139
185
142
117
185
160
139
106
21
117
194
147
135
113
134
167
145
128
182
144
128
0 1
2 1
3 1
4 1
1 5
1 6
7 2
6 8
8 9
10 2
9 11
12 8
13 11
1 14
12 15
6 16
16 17
18 12
2 19
20 7
21 2
9 22
23 1
24 12
21 25
26 17
2 27
12 28
29 6
30 2
6 31
32 12
33 1
12 34
20 35
36 2
37 16
38 2
36 39
14 40
41 21
36 42
43 9
44 15
45 36
46 2
47 36
36 48
41 49
50 44
12 51
52 2
20 53
13 54
55 35
18 56
2 57
58 41
59 50
60 22
58 61
8 62
59 63
64 61
65 36
36 66
67 2
68 2
50 69
70 68
34 51
18 71
60 72
73 58
74 55
75 54
76 70
77 39
36 78
79 62
80 36
59 81
82 71
73 83
1 84
45 85
24 86
87 4
29 88
15 89
50 90
91 22
35 92
93 36
20 94
94 95
96 89
97 32
98 2
68 99
100 29
55 101
94 102
103 6
104 28
68 105
106 78
107 13
108 14
20 109
110 98
111 68
112 94
113 86
68 114
113 115
44 116
103 117
1 118
119 83
120 2
62 121
122 113
123 50
124 113
125 20
50 126
113 127
