#qgen
65
174
176
124
171
198
149
167
112
163
181
159
147
132
168
144
163
121
132
146
131
188
144
164
147
108
153
155
109
156
94
186
134
150
181
135
156
163
135
137
129
118
123
150
175
152
120
149
140
163
169
168
125
136
144
138
138
153
149
157
157
13
143
161
182
135
64
0 1
2 1
3 1
4 1
1 5
1 6
7 2
6 8
8 9
10 2
9 11
12 8
13 11
1 14
12 15
6 16
16 17
18 12
2 19
20 7
21 2
9 22
23 1
24 12
21 25
26 17
2 27
12 28
29 6
30 2
6 31
32 12
33 1
12 34
20 35
36 2
37 16
38 2
36 39
14 40
41 21
36 42
43 9
44 15
45 36
46 2
47 36
36 48
41 49
50 44
12 51
52 2
20 53
13 54
55 35
18 56
2 57
58 41
59 50
60 22
58 61
8 62
59 63
64 61
