#qgen
125
149
174
174
132
144
174
154
162
107
140
157
142
149
162
138
138
137
127
138
125
140
134
128
146
99
139
155
159
128
132
139
134
143
193
139
151
138
188
153
138
166
116
161
159
131
159
175
104
140
126
160
142
139
146
147
172
115
158
143
153
137
27
129
6
147
136
192
130
141
118
172
150
139
146
132
156
120
183
135
166
122
152
147
150
175
178
165
143
157
158
121
154
162
156
166
116
138
143
171
189
153
158
174
133
160
163
147
24
147
154
133
126
174
180
162
177
106
132
114
162
125
140
165
106
126
128
0 1
1 2
3 1
4 1
5 1
6 1
1 7
5 8
9 1
9 10
11 9
12 10
2 13
9 14
15 11
13 16
16 17
15 18
19 10
20 1
21 17
20 22
19 23
1 24
22 25
5 26
1 27
28 5
1 29
30 25
8 31
32 30
17 33
1 34
35 17
36 32
37 29
38 20
39 32
17 40
41 20
25 42
43 1
44 42
10 45
42 46
42 47
48 5
49 29
16 50
15 51
52 17
11 53
54 1
20 55
56 2
17 57
23 58
59 17
60 17
23 20
32 61
17 62
63 42
64 32
65 42
66 42
19 67
25 68
38 69
70 42
67 71
72 16
58 73
72 74
75 24
76 42
77 60
36 78
17 79
80 1
60 81
42 82
19 83
72 84
82 85
30 86
10 87
37 38
60 88
89 32
75 90
17 91
60 92
93 58
79 72
38 94
32 95
96 1
97 78
85 98
99 74
77 100
101 13
102 50
77 103
104 44
105 17
106 57
107 100
37 108
62 109
76 110
98 111
85 112
51 113
96 114
115 15
71 116
32 117
118 92
115 119
38 10
120 115
76 121
122 82
123 84
124 119
