#qgen
238
125
142
129
164
154
168
176
118
162
150
150
139
24
158
170
147
173
112
149
173
197
1
177
151
158
166
135
124
122
148
164
167
159
159
150
163
139
160
94
131
145
142
138
114
158
166
150
172
157
147
155
148
146
184
147
140
104
135
162
129
158
181
195
164
160
174
153
134
162
150
142
175
161
155
144
112
42
163
141
171
165
140
169
157
151
128
161
149
139
132
162
132
168
172
134
147
135
154
152
173
121
164
180
146
111
143
165
141
163
165
150
83
159
157
136
143
129
224
207
157
124
151
68
121
172
97
157
187
153
137
130
90
124
123
150
149
214
145
139
153
166
135
171
191
101
140
144
162
162
163
197
153
172
131
99
139
193
178
123
160
150
118
149
170
166
148
114
144
160
168
139
165
168
145
138
78
159
147
142
108
172
153
146
157
171
160
157
160
173
165
146
160
187
165
109
149
161
161
125
165
159
181
145
133
154
156
88
178
174
151
149
143
149
158
139
149
145
176
118
122
151
149
139
127
128
143
134
138
140
190
121
154
157
145
159
169
131
159
256
1 0
1 2
2 3
2 4
2 5
6 2
7 4
8 7
6 9
4 10
11 1
5 12
13 5
0 14
9 15
16 2
17 6
10 7
18 12
19 13
7 20
18 21
12 22
11 23
24 20
15 25
26 8
9 27
3 2
28 2
18 29
28 30
31 21
2 32
10 33
34 5
35 17
1 36
37 5
38 10
39 19
12 40
37 41
42 1
13 43
22 44
9 45
46 37
2 47
48 45
49 28
23 50
51 39
6 52
52 53
37 54
43 55
43 21
56 2
54 57
58 32
40 59
60 49
18 61
62 48
63 11
37 64
19 18
65 13
51 66
40 67
53 68
2 69
28 70
71 54
28 72
62 73
70 74
75 12
66 76
77 70
78 60
31 79
60 80
71 81
31 82
83 36
84 60
85 62
86 40
87 55
88 28
89 15
90 40
91 54
82 92
93 57
94 7
95 17
92 76
96 71
97 62
53 98
79 99
8 100
101 28
102 19
99 103
26 104
105 37
106 92
107 19
106 13
108 28
99 109
5 110
111 62
37 112
81 113
43 66
86 114
43 95
115 75
116 0
98 117
118 37
119 103
120 57
121 50
122 12
123 40
29 124
125 103
119 126
127 11
124 128
129 27
130 37
131 120
56 132
82 110
133 103
81 134
135 106
8 136
137 68
120 138
139 95
126 140
86 141
18 135
103 142
9 6
127 143
114 144
144 145
32 146
147 109
148 65
104 149
132 150
140 151
144 152
107 153
154 127
2 155
156 99
151 157
50 158
159 84
160 65
159 161
56 162
135 12
163 140
164 62
120 165
166 120
23 167
103 168
169 54
49 170
56 171
62 172
173 25
174 10
55 175
115 61
142 176
177 143
178 176
179 100
180 119
163 181
35 182
62 183
184 166
185 144
186 60
187 40
188 60
144 189
190 38
134 191
192 157
192 193
13 194
100 195
140 196
40 197
153 12
191 198
99 199
75 200
201 62
133 178
95 202
140 203
192 204
205 37
83 206
197 207
145 208
209 205
210 174
186 211
67 212
213 159
214 144
144 215
216 209
217 212
218 93
39 219
144 220
221 54
222 37
156 223
224 159
225 176
226 205
176 227
170 218
228 93
40 229
21 61
0 16
144 230
164 231
224 232
187 233
234 28
209 216
235 132
28 236
237 168
