#qgen
64
159
177
140
149
128
136
166
162
166
153
162
145
151
153
153
141
124
150
164
158
144
179
160
124
186
180
124
160
155
149
132
207
135
143
160
131
151
117
142
149
169
155
106
170
159
242
137
159
163
136
133
130
167
160
156
120
151
126
156
123
127
160
127
184
64
1 0
1 2
1 3
3 4
5 3
6 3
3 7
8 3
5 9
10 9
6 11
3 12
13 1
14 3
15 6
13 16
3 17
3 18
19 3
14 20
21 11
1 22
23 3
3 24
25 3
26 3
3 27
28 27
29 6
30 20
12 31
3 32
3 33
28 34
35 12
31 36
37 22
38 36
26 39
40 15
38 41
42 13
40 43
5 1
41 44
26 45
41 46
47 3
48 37
9 49
50 1
51 26
11 52
22 53
43 54
55 36
46 56
57 53
41 58
7 59
41 60
9 61
20 62
53 63
