#qgen
244
111
162
169
128
127
146
132
188
148
146
178
155
149
142
158
189
136
131
133
154
191
145
168
168
215
187
130
177
176
161
154
150
118
210
156
93
169
129
135
120
157
108
141
171
139
137
120
164
168
130
148
160
151
138
139
147
123
156
130
117
151
171
220
109
181
147
123
171
167
117
132
162
108
154
170
141
156
173
150
158
177
134
127
176
191
135
136
153
152
164
122
159
148
147
129
144
148
167
128
136
127
165
135
136
135
153
184
167
112
195
176
135
106
142
149
232
143
165
176
150
149
146
150
116
138
144
136
159
184
169
132
170
133
145
117
171
132
169
205
182
154
152
148
154
144
175
146
143
172
136
107
134
155
105
156
125
158
113
117
117
140
150
128
155
124
159
146
129
149
160
135
152
172
168
162
73
140
162
174
186
140
164
157
149
121
119
137
102
193
111
150
143
156
136
149
189
126
137
168
147
128
138
158
126
153
140
141
122
133
165
183
60
202
144
178
162
134
141
55
158
137
153
125
163
172
135
151
145
156
130
112
117
114
172
166
133
143
158
129
150
174
169
150
199
256
1 0
2 1
3 2
3 4
4 5
1 6
7 1
8 5
4 9
10 9
11 4
12 5
13 2
14 4
2 15
16 3
4 17
13 18
4 19
20 9
21 16
7 22
23 3
16 24
25 16
26 4
26 27
28 16
2 29
15 30
31 29
32 16
33 15
28 34
35 9
36 3
37 30
38 13
38 39
16 40
14 41
23 42
4 43
30 44
45 2
46 9
42 47
48 18
49 42
46 50
51 42
39 52
53 25
46 54
55 16
9 56
11 57
16 58
59 42
15 60
61 42
62 42
63 42
9 64
42 65
66 62
16 67
31 68
69 27
16 70
46 71
72 42
46 73
74 58
13 75
53 76
77 76
78 62
4 58
54 79
80 59
81 60
82 30
30 13
54 83
84 42
27 26
85 70
86 60
3 87
3 88
42 89
60 90
91 61
46 92
30 93
94 70
74 95
60 96
5 97
98 91
42 99
100 70
69 89
101 32
102 90
103 42
35 104
74 105
46 106
107 2
108 43
41 109
42 110
111 62
112 2
113 100
114 92
115 97
116 77
117 97
118 101
24 16
119 68
120 74
82 121
98 122
46 42
46 123
54 124
44 125
126 42
127 105
128 18
129 9
27 130
131 121
58 132
46 133
82 134
135 131
50 136
16 137
42 138
98 139
91 140
42 141
142 90
143 67
26 144
145 42
146 42
6 42
60 147
148 139
112 91
27 149
105 150
151 12
85 152
42 102
68 153
154 153
155 35
91 156
157 11
46 158
159 87
80 160
161 119
42 162
163 78
42 164
165 42
122 166
167 5
4 168
169 16
170 102
82 171
42 172
173 14
156 174
175 42
176 85
150 177
174 178
179 104
102 180
11 181
182 42
183 179
90 184
185 42
38 186
187 36
188 54
189 91
137 190
191 173
60 192
193 4
187 75
102 194
56 195
196 42
197 113
62 198
58 199
200 69
187 201
101 202
83 203
204 167
187 205
206 4
141 207
187 208
144 209
210 75
203 211
12 212
213 75
214 91
215 62
112 216
217 138
218 150
42 219
91 220
132 221
222 105
96 223
224 30
225 42
226 203
227 79
212 228
92 46
229 174
230 67
231 42
77 232
195 233
234 16
222 56
235 203
192 236
42 237
123 238
239 42
193 37
240 142
146 241
242 146
2 243
