#qgen
125
170
150
132
118
162
144
141
145
146
109
147
183
32
172
132
110
127
129
138
137
166
144
191
155
160
135
155
166
115
149
110
144
130
176
159
160
129
159
145
127
182
182
153
136
187
160
173
133
101
188
131
137
180
156
185
209
60
123
120
150
161
167
159
164
153
129
132
179
137
164
150
154
135
147
124
139
155
150
183
133
155
120
133
186
142
121
146
167
157
165
137
172
155
132
145
174
133
137
124
153
131
102
135
147
136
164
161
141
116
103
130
151
92
158
104
116
156
173
130
156
163
149
131
126
180
128
1 0
2 0
3 0
4 1
2 5
4 6
2 7
1 8
9 8
5 10
10 11
4 12
13 1
14 13
12 9
1 15
16 8
17 16
13 18
10 19
1 20
21 16
22 19
16 23
21 24
2 25
21 26
27 4
28 21
16 29
19 30
16 31
32 19
21 33
22 34
35 0
36 16
37 34
8 38
16 39
21 40
41 2
42 26
43 26
44 1
45 13
46 31
47 29
10 48
16 49
50 47
13 51
47 52
53 38
54 34
38 55
56 45
57 29
58 49
59 34
49 60
24 61
62 56
30 63
62 64
36 65
66 31
67 19
68 34
69 34
70 34
71 63
72 36
73 3
74 34
75 45
21 76
77 8
78 13
79 31
24 80
81 8
82 40
19 83
72 84
13 85
86 76
87 56
88 49
67 89
90 19
91 34
92 10
93 11
94 72
8 1
95 62
19 96
31 97
18 98
64 99
73 100
5 101
21 102
103 76
53 55
75 104
105 96
60 106
107 84
34 108
81 109
93 110
111 76
112 99
113 73
114 85
86 115
34 116
117 34
118 60
119 52
120 73
121 66
61 122
123 46
124 68
84 19
