#qgen
61
155
196
144
162
165
122
183
190
150
133
129
167
144
139
128
181
179
131
166
176
36
127
133
156
123
177
150
128
142
128
153
137
136
165
151
112
140
154
144
176
163
166
130
182
161
104
142
175
158
97
184
186
151
145
161
170
144
146
162
136
155
64
0 1
2 1
2 3
3 4
5 4
5 3
6 2
7 2
8 1
2 9
2 10
2 11
12 11
13 5
14 4
15 10
6 16
17 5
18 13
8 19
20 13
13 21
8 22
23 2
16 24
2 25
26 4
27 19
12 28
19 29
30 17
31 13
32 15
33 32
10 34
35 16
36 27
25 37
30 38
31 39
31 40
33 41
42 36
32 43
10 44
10 45
46 28
47 32
30 48
46 11
48 49
7 50
44 51
25 52
53 13
54 32
55 27
56 25
57 16
58 47
18 4
54 59
30 21
39 60
