#qgen
115
155
196
144
162
165
122
183
190
150
133
129
167
144
139
128
181
179
131
166
176
36
127
133
156
123
177
150
128
142
128
153
137
136
165
151
112
140
154
144
176
163
166
130
182
161
104
142
175
158
97
184
186
151
145
161
170
144
146
162
136
155
111
138
146
188
141
140
161
135
96
153
151
150
159
153
144
134
173
178
139
175
135
162
161
116
137
162
145
150
158
155
138
137
161
156
140
151
163
134
126
156
126
144
121
117
181
114
142
155
146
142
148
134
157
190
128
0 1
2 1
2 3
3 4
5 4
5 3
6 2
7 2
8 1
2 9
2 10
2 11
12 11
13 5
14 4
15 10
6 16
17 5
18 13
8 19
20 13
13 21
8 22
23 2
16 24
2 25
26 4
27 19
12 28
19 29
30 17
31 13
32 15
33 32
10 34
35 16
36 27
25 37
30 38
31 39
31 40
33 41
42 36
32 43
10 44
10 45
46 28
47 32
30 48
46 11
48 49
7 50
44 51
25 52
53 13
54 32
55 27
56 25
57 16
58 47
18 4
54 59
30 21
39 60
54 61
60 39
62 2
41 63
15 64
47 65
66 25
58 67
68 39
15 69
70 41
52 71
61 32
1 0
25 72
73 63
40 17
24 74
70 75
76 2
48 77
78 15
45 47
3 79
80 44
81 65
75 82
52 83
84 61
85 17
16 86
53 87
66 88
21 89
19 90
91 81
92 82
47 93
75 94
95 43
96 65
34 58
15 58
2 97
34 98
43 99
84 100
54 101
102 67
103 82
58 104
105 34
100 106
107 6
108 39
84 54
94 108
28 109
7 110
64 111
112 44
32 113
16 114
15 32
