#qgen
221
158
182
163
130
158
103
188
147
171
158
152
135
78
117
171
182
125
162
119
124
157
162
114
157
148
148
117
131
157
144
151
169
145
165
167
156
171
113
176
172
203
137
154
149
170
150
181
148
144
158
151
171
142
152
119
138
125
117
130
161
133
167
129
127
121
135
181
172
106
142
170
163
123
138
138
141
133
131
151
161
170
170
246
104
145
159
162
150
132
136
145
140
164
169
153
141
158
143
170
143
133
153
131
173
136
125
121
185
186
176
145
102
155
143
147
134
143
148
130
162
176
163
145
156
143
193
130
175
155
151
163
117
165
189
139
137
151
138
111
159
153
162
154
143
153
129
176
122
148
121
161
143
145
174
190
178
133
125
173
148
139
179
117
168
139
133
160
130
152
181
157
148
138
149
135
141
143
145
147
176
141
154
153
152
151
143
153
165
146
120
111
141
140
150
146
149
147
165
164
174
164
139
148
58
142
137
129
163
147
173
168
120
169
168
184
147
127
164
148
159
145
256
0 1
1 2
2 3
4 3
5 3
6 1
2 7
1 8
9 5
5 10
3 11
7 12
13 1
13 14
12 15
1 16
17 10
18 7
15 16
19 18
8 20
7 21
22 16
7 23
7 4
6 7
23 24
25 24
24 26
22 14
22 5
24 27
21 28
29 24
23 30
6 31
32 24
24 33
34 8
24 35
36 7
37 23
35 38
39 10
21 40
39 30
41 11
42 35
43 18
3 44
37 45
46 29
24 47
28 48
46 49
50 24
37 51
52 38
24 53
29 54
13 55
24 56
23 57
58 27
18 59
34 60
33 61
2 16
23 62
43 63
64 24
24 65
66 16
67 24
28 68
69 24
70 16
38 35
24 71
72 24
39 67
73 23
13 8
18 6
62 74
8 14
75 32
76 52
74 77
70 78
79 24
11 18
80 24
50 81
49 46
82 33
83 24
84 24
66 34
47 85
19 86
87 86
34 2
88 24
29 89
62 37
73 90
91 44
24 92
22 18
90 93
86 94
95 29
30 7
94 96
97 24
37 20
51 98
11 99
100 10
101 37
39 102
101 23
85 103
23 104
86 105
106 29
107 54
108 23
96 109
24 110
111 26
98 112
24 113
114 74
115 26
116 85
117 37
105 118
119 112
120 66
105 109
121 107
114 122
113 123
109 124
125 24
30 4
126 42
127 29
59 18
112 128
129 98
130 26
131 87
132 118
20 133
4 134
60 135
29 136
122 137
90 138
82 139
140 113
141 116
142 24
22 143
82 144
145 86
146 138
147 74
24 148
118 149
150 47
55 7
151 105
152 24
30 153
154 110
91 155
156 82
157 122
158 74
159 34
20 18
24 160
161 24
162 24
24 163
164 109
165 74
14 166
167 39
2 43
168 141
24 169
28 170
160 171
172 113
135 173
158 174
175 24
176 158
177 122
178 90
179 173
180 78
181 121
30 182
183 24
51 184
130 185
186 178
135 187
63 6
86 11
188 158
189 32
31 74
190 7
191 159
192 116
193 23
29 147
194 119
195 191
58 196
162 197
184 198
2 199
200 122
193 173
28 201
115 202
118 203
137 204
112 205
206 14
207 85
156 208
174 33
209 147
105 210
30 211
212 99
213 111
37 119
214 78
215 157
91 184
86 191
135 216
217 23
218 105
185 219
220 154
