#qgen
59
158
182
163
130
158
103
188
147
171
158
152
135
78
117
171
182
125
162
119
124
157
162
114
157
148
148
117
131
157
144
151
169
145
165
167
156
171
113
176
172
203
137
154
149
170
150
181
148
144
158
151
171
142
152
119
138
125
117
130
64
0 1
1 2
2 3
4 3
5 3
6 1
2 7
1 8
9 5
5 10
3 11
7 12
13 1
13 14
12 15
1 16
17 10
18 7
15 16
19 18
8 20
7 21
22 16
7 23
7 4
6 7
23 24
25 24
24 26
22 14
22 5
24 27
21 28
29 24
23 30
6 31
32 24
24 33
34 8
24 35
36 7
37 23
35 38
39 10
21 40
39 30
41 11
42 35
43 18
3 44
37 45
46 29
24 47
28 48
46 49
50 24
37 51
52 38
24 53
29 54
13 55
24 56
23 57
58 27
