#qgen
97
19
17
22
17
25
16
18
19
22
15
17
21
19
22
20
16
20
20
20
19
22
19
16
18
21
20
19
17
17
23
17
18
17
18
21
16
20
22
21
22
19
19
15
21
19
19
23
17
16
17
14
16
20
21
20
23
20
25
20
22
19
20
19
17
20
14
21
16
22
20
19
19
19
21
19
17
12
18
21
19
21
18
26
18
16
20
21
19
18
19
17
18
16
19
21
16
22
256
1 0
1 2
3 2
2 4
2 5
6 4
7 5
7 8
7 9
10 7
11 8
1 12
7 13
14 1
15 5
16 9
17 1
5 18
8 19
20 19
21 5
22 19
2 23
24 6
5 25
17 26
26 27
19 28
29 7
27 30
31 21
32 27
33 14
17 34
5 35
34 36
34 6
31 37
27 37
38 34
39 22
23 27
40 37
39 7
41 27
42 7
4 1
31 43
19 39
18 27
44 30
37 45
17 14
32 36
7 46
47 23
48 19
49 6
14 33
48 50
6 17
19 7
37 51
31 45
39 52
34 2
36 30
19 5
53 46
18 54
4 12
26 55
7 56
43 2
57 53
0 58
12 32
58 0
36 59
53 60
37 21
58 21
43 54
40 2
14 61
5 62
59 32
12 1
32 12
63 6
0 64
53 21
44 17
47 59
11 19
13 65
60 57
3 37
21 66
51 67
24 60
38 27
35 21
68 41
31 69
59 21
70 42
37 2
45 21
71 28
2 72
23 5
73 7
57 52
67 6
32 30
2 37
60 74
72 31
15 19
18 5
32 31
74 75
30 76
23 44
11 73
2 31
21 23
31 14
23 34
15 48
1 25
7 77
78 74
50 52
57 71
79 21
80 33
73 81
5 82
13 21
0 1
57 7
40 27
83 56
32 17
19 8
64 84
15 31
85 73
86 12
87 23
31 82
12 86
7 88
7 52
31 89
13 7
37 40
84 2
52 41
6 34
31 3
2 17
6 23
65 88
90 64
34 79
31 40
84 58
74 46
2 45
91 58
4 27
47 30
74 42
22 60
65 85
37 60
74 88
64 58
5 23
23 21
23 89
17 31
54 36
81 39
5 15
83 92
74 21
6 51
40 93
44 34
74 7
47 45
62 54
37 6
82 37
27 26
52 50
38 31
50 15
65 53
24 34
21 37
21 79
14 25
30 3
18 40
16 5
2 60
39 13
71 7
24 39
70 89
47 33
11 74
40 36
45 53
9 39
94 8
93 95
21 4
1 4
60 7
73 65
96 57
17 37
32 47
19 85
37 8
26 12
64 91
6 24
96 65
17 44
34 59
11 53
21 47
6 13
18 36
23 47
22 48
39 34
5 93
94 19
94 15
27 17
7 21
75 7
39 60
21 45
88 7
54 59
21 27
46 19
