#qgen
115
17
16
19
23
19
16
18
20
18
20
21
19
20
18
17
20
19
15
20
19
18
19
18
17
16
17
16
18
17
15
18
17
18
13
20
18
21
20
13
22
22
17
17
19
18
14
20
18
17
21
12
19
23
23
16
20
15
15
19
14
16
20
22
19
18
19
24
23
19
21
22
22
26
22
12
22
20
17
22
20
19
21
17
21
22
17
16
19
20
18
16
17
22
20
13
20
21
21
21
23
15
17
22
20
15
13
19
17
25
21
21
17
18
16
22
256
0 1
2 1
3 0
1 4
5 0
6 2
5 7
1 8
9 8
10 9
11 5
12 8
9 13
2 6
14 9
15 8
8 16
9 10
10 17
18 9
19 9
8 20
20 21
22 10
8 23
24 23
25 8
26 23
20 27
8 28
23 29
19 30
31 29
28 32
27 33
8 34
12 35
10 26
9 36
37 8
9 18
38 9
21 27
32 39
12 40
16 41
9 38
42 24
41 43
44 43
45 9
23 46
8 47
48 8
49 8
14 50
23 8
51 12
9 52
43 53
54 18
54 55
24 42
56 18
57 46
20 18
58 24
16 43
59 39
47 41
24 29
60 55
61 8
62 8
63 43
32 24
29 26
64 8
9 65
24 58
20 8
23 64
7 5
66 9
32 48
67 8
64 26
43 68
43 23
42 69
51 35
70 48
71 41
72 9
73 10
33 43
37 31
43 74
75 63
18 60
32 28
24 73
17 43
37 64
32 76
9 31
9 44
9 77
16 78
20 79
35 51
35 20
63 48
47 37
34 80
24 81
82 49
9 83
14 53
16 84
84 64
85 76
9 86
87 40
9 57
23 43
17 88
46 57
89 9
16 29
24 8
46 90
47 64
25 61
82 24
85 20
42 40
41 37
32 91
81 92
6 93
10 63
20 94
60 90
89 69
74 1
95 18
96 43
68 9
34 92
97 5
91 8
32 79
50 9
76 49
43 47
43 33
58 8
27 32
71 51
21 88
39 98
32 42
9 46
21 8
6 99
32 43
48 84
42 100
101 8
84 43
100 42
20 39
8 67
42 31
15 14
84 8
102 63
99 103
23 16
26 31
3 59
47 23
8 96
77 9
10 22
49 76
52 104
18 56
16 23
34 61
43 96
78 105
9 45
96 63
6 106
69 9
24 107
54 95
62 61
62 32
29 41
77 31
81 104
108 36
109 8
36 9
43 107
110 102
104 9
1 74
34 25
46 9
24 41
42 28
21 85
41 71
58 16
9 111
86 95
32 85
48 70
42 84
107 25
78 112
84 29
27 79
8 35
92 87
43 16
85 100
29 31
57 54
26 29
78 24
23 26
61 34
91 39
87 8
91 32
55 95
76 8
113 6
113 103
71 31
31 71
20 85
9 19
56 90
31 41
114 8
20 35
16 47
49 82
107 58
43 9
