#qgen
108
25
17
17
19
17
19
12
16
14
18
19
22
16
16
18
18
20
21
19
13
18
17
19
19
17
14
19
20
19
19
13
22
23
20
19
18
19
15
18
26
22
20
19
20
23
20
18
21
17
17
22
19
18
19
23
15
22
21
19
16
17
21
17
16
16
17
15
18
24
23
19
13
15
20
19
19
19
20
16
17
19
19
20
21
21
18
16
17
17
20
18
23
18
18
21
17
19
17
23
15
15
18
14
19
17
21
17
18
256
0 1
0 2
2 3
4 0
0 5
4 6
7 5
4 8
9 0
5 10
4 11
0 4
5 12
0 13
8 14
2 15
6 16
10 5
17 6
7 18
7 19
19 20
9 21
22 21
23 14
24 7
20 11
25 16
21 22
1 15
14 26
1 27
5 28
13 29
13 30
31 5
32 26
33 5
14 34
35 1
34 14
19 36
4 37
32 38
39 19
30 19
40 1
5 16
0 35
41 12
42 14
11 43
44 11
38 45
11 46
46 47
7 48
49 31
50 20
51 6
52 40
53 11
8 54
27 1
39 55
56 32
57 7
38 58
59 56
45 38
58 45
19 17
54 17
55 60
60 16
12 61
62 26
63 17
16 17
60 28
64 60
65 60
52 0
14 18
65 54
14 66
67 12
5 50
7 55
5 4
68 12
4 69
35 15
20 26
5 70
21 9
14 71
14 62
72 1
12 73
12 5
57 65
51 52
51 31
50 60
13 74
75 69
17 50
65 55
47 16
11 6
52 51
16 20
7 16
7 17
12 76
20 60
19 64
16 77
78 43
26 38
43 69
51 60
1 2
14 79
65 75
80 11
69 37
12 81
14 82
0 33
16 75
8 83
56 82
5 19
84 1
7 11
16 4
44 19
3 2
50 19
85 38
60 65
79 83
71 58
51 4
25 11
75 16
86 28
42 41
8 87
15 9
37 17
3 88
37 11
54 78
89 86
89 20
19 50
76 12
62 90
43 19
45 58
47 5
91 14
82 56
7 6
20 39
68 92
43 39
45 26
93 17
15 35
19 94
86 16
11 57
26 95
69 43
43 94
55 7
55 16
70 69
64 16
86 64
85 96
43 86
86 43
86 94
65 11
14 8
60 11
97 6
47 63
98 96
50 11
5 99
58 95
63 16
37 47
50 49
19 5
9 22
8 19
19 30
92 45
34 100
75 47
101 12
102 14
17 20
19 89
51 63
62 14
86 75
39 86
14 103
33 74
29 15
64 11
65 89
39 28
31 20
104 1
14 96
65 20
14 102
46 16
85 14
50 57
4 86
5 33
94 60
105 12
14 98
106 14
60 0
98 82
37 4
30 13
12 101
20 65
86 54
4 7
63 78
65 43
55 46
60 7
14 100
5 31
18 38
8 107
68 42
0 60
11 44
74 0
26 20
