#qgen
106
17
18
19
15
19
18
18
19
21
17
19
21
22
17
23
14
17
19
18
19
21
21
22
21
20
13
17
21
19
17
19
20
18
22
18
21
15
21
21
19
14
17
16
16
15
17
20
22
19
17
22
21
17
21
19
18
17
23
13
19
19
18
20
18
21
24
23
19
25
17
19
22
20
20
20
19
19
19
20
21
18
19
20
20
14
20
16
22
19
15
22
20
23
19
22
4
26
23
19
20
24
20
21
23
23
17
256
0 1
0 2
3 1
3 4
5 4
6 3
7 4
8 2
9 6
3 10
5 11
9 12
12 13
5 14
1 0
15 5
14 16
17 1
11 18
19 18
19 20
17 21
22 12
23 8
12 24
4 25
26 22
25 27
28 15
22 23
12 29
0 30
31 30
13 0
25 32
30 33
22 34
35 18
36 11
15 37
0 38
39 37
9 20
39 40
16 41
25 12
16 42
12 43
19 22
4 44
12 17
21 17
45 43
0 21
46 39
47 22
8 48
49 33
50 19
51 38
23 52
53 50
54 39
55 23
51 0
56 29
22 57
35 37
10 35
48 58
59 6
60 10
48 61
23 24
18 9
39 14
62 48
63 36
64 35
65 17
66 50
1 51
50 67
50 60
1 22
42 48
39 19
12 68
26 69
70 59
4 71
24 2
59 72
67 73
74 33
75 61
35 61
4 18
35 56
76 60
1 48
53 77
8 55
71 61
16 26
69 22
10 78
15 8
69 5
64 63
79 32
0 24
69 80
26 23
81 57
80 82
83 9
17 12
84 12
48 66
29 7
85 19
59 86
39 2
18 43
87 24
83 85
88 83
84 33
36 89
83 64
36 69
24 36
3 2
28 46
67 51
62 27
48 80
90 86
39 91
92 39
57 34
90 39
37 83
93 1
29 78
84 36
94 12
55 80
92 65
19 0
85 88
14 42
93 62
5 1
37 95
17 84
1 96
45 36
76 71
39 97
76 27
92 29
4 98
82 34
2 57
68 83
16 3
71 56
67 91
86 50
45 25
78 25
69 23
4 91
61 28
83 94
48 46
53 85
89 49
80 36
56 88
62 46
68 77
99 39
52 85
29 35
95 100
56 60
26 5
71 98
81 24
93 38
24 93
31 85
10 60
26 101
24 49
25 16
15 98
17 26
79 2
52 96
98 56
28 96
65 102
16 43
25 60
65 35
3 6
67 9
9 24
103 66
81 86
12 3
41 30
66 44
37 88
61 29
28 43
50 65
75 23
83 98
48 21
65 70
104 27
37 90
19 83
82 88
96 80
39 64
33 13
66 0
23 40
2 13
29 44
37 14
67 19
93 105
67 65
25 86
28 8
3 55
55 17
5 64
8 68
65 98
88 61
56 80
91 21
18 61
31 90
60 77
15 42
98 81
43 68
