#qgen
110
21
21
15
15
16
22
15
19
17
17
17
17
22
17
19
20
23
18
21
18
19
19
20
19
17
16
15
18
18
15
22
20
20
22
20
25
20
19
14
16
22
18
19
12
18
21
20
18
16
18
22
22
22
17
16
25
21
22
16
15
19
23
18
24
19
17
19
16
22
17
19
21
18
19
18
17
17
19
18
18
23
20
19
15
22
17
19
19
19
18
22
15
17
20
16
20
18
19
16
18
21
19
21
18
18
18
18
18
17
18
256
0 1
2 1
1 3
1 2
1 4
5 1
4 6
1 7
8 1
9 8
1 10
1 11
12 1
13 1
14 1
15 1
9 16
17 4
18 1
19 0
1 20
21 1
20 1
1 12
5 17
11 22
23 12
24 9
25 17
1 26
1 27
1 28
29 27
27 10
11 30
31 11
32 1
6 33
18 34
18 35
36 6
37 27
27 32
26 35
27 2
38 36
35 39
38 40
20 41
34 5
42 40
43 26
27 21
44 5
27 45
46 40
47 41
16 17
26 34
33 39
44 23
48 27
49 38
22 29
4 27
34 12
48 50
12 21
51 27
26 52
53 39
1 54
27 9
27 41
50 27
46 25
27 55
56 26
23 50
1 45
35 47
22 26
38 27
10 34
57 30
12 27
9 58
59 29
35 60
61 38
27 24
11 62
27 30
62 17
63 38
37 42
36 64
65 38
4 11
26 64
16 57
66 1
27 31
67 33
68 33
4 30
29 6
10 12
35 50
35 69
24 17
27 70
8 68
71 1
72 52
72 73
46 23
4 74
65 34
75 8
1 76
6 77
78 27
79 30
29 80
81 23
82 25
83 22
10 58
34 65
74 77
34 84
85 38
35 26
26 17
26 86
36 34
80 29
41 87
63 22
88 18
58 4
0 52
69 31
38 9
64 89
31 33
76 38
1 48
27 15
1 31
84 1
86 27
61 29
46 89
76 5
1 90
9 82
72 31
17 16
78 69
91 27
1 49
81 34
1 92
47 20
91 1
64 38
1 73
70 89
4 5
21 63
93 1
4 94
1 36
46 18
1 95
40 34
44 1
72 1
1 66
78 1
38 10
80 27
82 39
1 51
47 78
52 72
15 64
29 22
25 4
96 8
97 0
6 5
89 70
1 13
98 27
1 5
50 87
93 29
93 82
88 99
6 0
1 100
27 3
1 44
25 75
8 96
38 67
101 27
20 85
39 46
78 35
80 34
27 14
31 25
40 46
101 1
80 9
1 102
54 27
25 74
54 13
103 27
34 104
58 8
30 96
8 7
11 42
23 105
57 77
12 9
22 83
73 57
15 27
56 27
105 64
64 43
48 59
69 29
106 14
77 4
17 31
1 15
60 68
35 70
107 26
28 48
48 108
69 38
38 34
67 12
4 57
93 109
86 61
50 78
