#qgen
118
16
14
19
17
22
16
21
19
18
21
19
18
18
24
18
21
18
15
19
20
16
13
19
18
20
20
20
19
13
21
17
20
25
19
20
20
18
18
10
22
18
15
13
24
18
21
17
18
19
21
21
22
18
21
17
19
20
26
18
21
20
16
21
16
19
17
18
18
19
15
15
21
21
22
18
18
20
16
21
19
17
20
12
20
19
16
20
13
12
21
15
19
20
24
17
17
19
18
21
22
23
17
14
17
13
20
19
21
15
17
26
18
18
24
21
18
19
18
256
0 1
2 1
2 3
3 4
5 4
1 6
7 1
8 0
0 9
10 9
11 7
7 12
11 13
14 7
6 3
1 2
15 4
14 16
17 9
9 2
11 18
11 19
20 18
9 21
8 22
11 23
10 24
25 13
18 26
14 27
0 28
0 29
14 23
30 22
31 13
13 32
8 10
33 3
18 34
9 24
7 3
9 35
36 14
1 4
23 14
37 0
4 5
1 38
19 39
40 14
41 4
11 16
24 9
4 42
43 1
22 44
18 27
14 36
13 45
14 46
47 9
30 13
48 14
7 45
13 49
50 9
43 51
52 43
53 13
21 54
9 43
55 19
7 56
43 4
42 55
0 57
7 58
4 1
6 1
3 59
43 57
8 9
60 14
9 61
61 9
24 22
27 7
62 7
63 9
43 64
63 65
66 62
18 11
67 14
7 68
3 69
7 49
4 70
1 9
42 71
72 66
73 9
19 14
7 20
14 74
13 72
58 7
55 42
14 40
9 75
65 63
13 20
14 66
76 14
65 77
3 78
79 9
7 80
81 9
82 71
3 43
83 9
66 72
14 84
38 3
85 4
24 43
9 73
9 86
87 42
4 88
9 89
55 7
90 43
13 25
91 44
9 63
37 43
18 92
0 90
3 2
74 14
93 13
43 24
63 8
13 30
66 49
43 28
24 70
94 7
18 20
95 44
46 14
14 45
21 9
43 37
39 42
6 96
1 33
3 96
97 90
12 7
98 9
49 7
52 0
79 99
1 43
100 9
77 22
97 29
101 9
44 91
9 10
87 82
14 13
66 14
102 11
103 9
35 9
7 62
45 14
1 96
104 0
9 103
45 18
13 12
57 0
19 11
34 18
4 85
14 105
27 18
33 9
106 105
62 66
65 10
99 79
82 107
95 60
18 45
22 30
9 108
23 12
1 7
43 8
1 0
29 97
42 109
110 9
43 3
111 91
33 1
7 107
0 52
106 9
60 112
13 31
24 10
9 47
7 94
14 111
77 65
61 73
90 97
73 61
42 87
86 9
52 104
28 43
10 8
13 27
113 9
14 19
0 51
105 12
82 55
3 0
7 31
105 14
12 105
9 50
14 77
114 13
13 14
16 14
77 115
9 116
4 117
108 9
22 24
9 99
91 111
14 18
7 72
110 73
74 11
