#qgen
60
19
21
17
16
16
19
21
21
20
17
19
17
19
23
14
20
21
20
23
14
23
18
14
21
18
19
17
14
18
19
15
19
24
17
15
15
18
16
16
15
17
17
22
21
20
18
14
19
22
22
17
21
22
18
25
14
20
16
24
15
128
0 1
2 1
3 2
3 4
2 5
5 6
5 7
4 8
9 2
10 0
11 2
12 3
13 4
14 8
15 5
8 16
2 17
2 11
12 18
3 19
1 0
14 20
4 21
20 8
22 14
14 16
23 3
4 14
3 24
20 22
0 10
25 3
26 7
21 8
19 27
16 20
28 5
7 29
5 30
31 7
8 20
32 5
33 32
3 9
5 34
18 12
31 35
36 5
21 14
15 29
14 21
16 14
7 34
37 2
38 5
30 5
31 39
21 22
27 24
3 40
29 15
24 27
5 32
5 41
7 15
5 42
4 13
43 2
2 27
21 13
20 16
20 13
27 3
16 21
27 44
14 13
5 33
22 16
3 45
3 12
46 5
33 38
39 29
3 47
2 3
5 31
34 7
48 36
3 39
5 49
24 2
36 48
24 3
49 5
5 50
36 29
38 32
20 14
2 51
52 39
5 53
36 18
22 8
13 16
53 5
48 5
5 28
39 52
54 3
29 7
18 2
22 21
29 5
2 55
39 43
7 36
5 56
34 5
6 5
15 7
2 24
16 13
57 5
20 4
44 3
1 2
58 3
59 3
