#qgen
53
1047
329
1458
1198
1372
1095
1321
1257
989
1430
1287
212
1000
1095
1249
1050
1148
882
1249
1002
1283
1069
99
2036
954
1326
1291
1076
1132
1052
2041
1452
1026
1175
1220
1155
1138
1056
1045
1260
1004
1021
1003
1455
1130
681
654
1364
1145
1184
1056
1072
1273
128
1 0
2 0
3 0
4 3
4 5
6 5
2 7
4 8
9 7
5 4
4 10
11 5
12 10
8 13
8 14
8 15
15 12
16 8
17 16
12 18
15 19
6 4
20 3
18 21
12 4
22 10
22 23
10 24
12 25
26 10
11 27
4 28
19 18
29 14
30 0
5 31
14 19
4 11
32 15
14 11
33 13
34 3
4 25
11 22
19 14
35 15
36 25
36 10
35 4
36 24
3 37
1 9
17 4
38 4
29 34
11 39
15 14
40 26
21 40
36 4
32 8
41 5
42 8
43 4
35 40
10 14
26 11
14 25
12 24
27 4
3 23
44 3
39 5
5 39
13 12
45 29
32 43
11 18
8 32
23 3
43 8
40 10
4 38
22 12
31 13
2 37
42 29
46 4
39 47
18 17
10 18
40 5
41 48
25 15
12 13
43 32
2 20
29 42
25 12
27 12
3 49
21 14
14 15
10 26
40 21
3 44
5 11
18 19
12 27
13 15
33 21
33 19
30 37
50 30
51 5
33 11
40 35
4 40
15 39
26 39
24 40
39 43
39 4
43 22
15 43
15 52
19 36
15 40
