#qgen
107
1047
329
1458
1198
1372
1095
989
1130
766
1047
1004
1260
1079
882
1455
1370
1925
99
1175
1000
1148
1045
1287
1309
1002
2015
1095
1590
1206
212
1022
954
1283
1050
1076
1249
1273
1225
1155
2017
1291
1076
1242
1364
999
1321
1155
1021
1310
1269
1003
1237
1011
1231
1492
1115
1138
1026
1729
1078
1249
721
1200
1326
1420
1220
1263
1145
1069
1924
1428
1002
972
1200
681
1227
1014
1429
1281
78
325
1197
957
2041
1691
1438
1452
1973
1056
672
1735
1089
1540
1052
1257
1270
1050
1190
1766
132
1067
2036
948
1075
1206
1246
1316
256
1 0
2 0
3 0
4 3
4 5
6 5
3 7
5 8
7 9
5 10
5 11
7 12
10 13
14 6
15 6
16 6
11 13
17 6
18 17
19 10
20 15
5 19
4 21
19 22
5 23
7 24
25 24
7 25
11 26
27 7
28 7
29 4
24 30
18 31
2 32
33 5
18 34
14 4
22 35
36 11
26 17
4 19
5 37
38 10
19 39
22 40
36 33
10 36
5 41
42 33
4 43
2 44
5 45
5 46
47 37
11 16
35 19
37 48
33 30
49 5
12 7
50 6
51 7
37 5
48 52
10 40
53 13
20 54
50 14
55 5
4 56
4 57
7 58
11 6
47 17
48 59
50 60
61 13
62 7
4 63
10 26
22 11
43 4
18 26
20 64
3 65
53 51
66 5
67 59
60 31
11 68
69 7
70 64
71 29
19 17
58 72
3 2
73 53
33 19
19 29
4 74
75 24
24 76
11 43
47 48
4 34
7 27
34 77
18 33
22 56
47 59
55 39
57 76
64 57
7 78
17 22
63 71
11 5
26 33
76 53
51 78
64 79
80 5
50 70
41 26
81 26
38 39
29 40
20 39
82 7
5 49
26 37
51 53
83 32
80 61
38 30
37 59
17 5
14 84
6 33
31 63
6 75
85 76
26 86
19 4
7 87
2 88
58 3
14 64
33 26
89 62
7 90
24 90
5 4
91 4
18 5
34 33
53 68
47 67
70 6
5 80
64 92
47 74
92 80
77 26
71 33
56 29
33 11
53 93
3 94
24 57
29 22
7 95
60 22
71 4
11 50
43 96
5 36
24 13
19 5
74 37
79 9
96 14
10 22
13 35
20 55
31 18
4 60
12 24
25 7
97 7
19 71
98 5
4 50
68 18
47 46
46 47
18 4
5 18
40 29
5 6
33 35
99 5
68 13
33 6
78 7
100 33
89 96
60 14
4 31
85 5
5 33
16 11
39 24
17 101
34 102
4 42
101 58
101 41
33 14
5 81
3 4
76 57
60 10
57 4
68 11
11 4
57 64
67 17
54 6
54 20
26 59
61 70
71 31
65 103
5 17
68 71
29 30
50 4
31 11
33 31
104 7
19 30
0 1
74 48
60 71
34 105
93 53
97 43
19 31
87 7
92 61
20 75
5 106
61 6
29 26
