#qgen
111
120
1289
763
1200
1439
1295
1179
1404
1406
984
1469
1141
1195
858
997
1324
1231
1052
1210
1131
1177
1386
1047
1361
1402
1675
1791
1305
1140
994
1147
1266
1056
1194
731
201
45
377
1059
1172
1165
1111
640
1207
1322
1402
1209
1163
1328
309
774
1630
927
273
1300
1107
944
1304
656
992
1236
1086
806
1157
350
1360
1165
1160
1048
1369
1094
492
1337
1178
1141
1026
1065
1005
1037
1465
1129
1290
1371
799
1233
1602
1120
905
1014
1975
1112
1287
1434
1357
1366
1172
1235
1238
975
539
963
1936
1456
1300
1310
1384
1031
1383
1672
1845
1274
256
1 0
2 1
3 1
4 1
1 5
6 5
7 5
8 5
9 5
5 10
1 11
5 12
13 8
5 14
13 15
16 1
5 17
11 1
18 5
19 5
20 5
21 13
5 22
23 5
24 1
25 5
26 1
25 27
5 21
28 5
5 23
29 21
30 1
27 31
8 27
5 32
23 10
33 5
5 1
10 34
1 35
36 1
37 2
38 27
39 10
2 40
1 41
42 1
5 13
17 21
43 39
1 44
45 10
5 46
22 10
34 47
1 48
49 27
39 50
51 5
5 9
5 52
5 53
10 31
5 54
1 55
1 56
1 57
58 5
59 1
21 43
29 10
5 60
1 61
62 5
1 63
5 38
12 64
5 65
13 22
66 5
5 33
64 21
35 1
31 21
52 5
1 67
39 33
5 19
1 68
5 69
27 39
5 70
19 60
71 5
21 29
21 69
72 5
73 22
5 74
73 21
22 5
75 67
76 1
14 5
60 5
2 77
78 27
63 1
10 79
80 5
81 13
49 82
5 81
78 33
60 19
22 69
69 78
8 13
1 30
1 83
82 49
47 84
85 5
10 60
5 64
1 86
5 87
33 58
47 34
18 10
88 5
5 80
10 39
15 13
71 38
1 89
84 47
15 10
5 6
53 5
90 1
91 71
5 82
5 31
28 69
1 92
93 1
27 87
64 12
94 2
39 27
10 78
95 1
41 1
96 1
32 5
5 20
75 5
5 27
57 1
97 1
53 39
69 5
26 22
31 5
5 50
39 43
78 5
98 0
99 1
67 100
101 1
102 1
5 72
12 5
1 16
103 5
21 15
52 27
1 96
54 84
10 17
21 27
1 2
34 27
82 47
13 5
83 1
39 5
39 53
5 28
10 104
69 21
27 34
5 7
5 39
105 1
67 1
22 73
56 1
29 5
21 17
5 78
10 105
1 3
33 39
10 15
27 5
65 5
5 58
21 8
47 5
86 71
5 29
87 5
87 27
68 1
1 26
58 78
78 10
82 39
86 1
89 1
21 10
87 71
27 8
47 58
55 1
27 52
17 10
5 51
106 1
5 43
10 21
27 71
5 15
107 5
5 45
74 27
58 47
69 22
5 108
5 18
22 26
105 10
71 27
109 5
27 108
31 27
49 5
5 109
15 21
19 64
10 64
5 110
