#qgen
97
1183
235
333
1347
192
1035
1036
1319
535
1082
1105
1326
1062
1434
1260
1030
1071
941
1324
1481
1244
1055
1268
1200
1097
1281
970
1369
1068
1453
102
1151
1343
975
1314
1083
1184
1287
1848
1218
1130
1223
186
1239
1348
108
1066
208
1451
1238
1030
1221
377
1474
1258
1372
1316
1148
1187
1101
1187
1429
1005
1778
1130
1629
1356
1905
1289
1386
1117
1279
984
1007
1204
1430
925
1049
1310
1329
616
94
1178
1613
1076
1113
748
1113
1230
1043
335
518
1295
145
840
1293
758
256
0 1
2 1
3 2
4 2
5 2
5 6
6 7
2 8
2 9
1 0
6 10
10 11
12 5
2 13
14 9
8 15
16 8
17 5
14 18
19 5
6 20
5 21
22 5
21 23
15 24
6 25
6 26
3 27
5 28
15 29
6 30
31 4
5 32
33 5
34 24
32 14
35 29
15 36
18 37
34 38
39 15
6 40
38 41
41 42
43 6
44 38
39 45
5 46
6 47
48 29
45 17
34 44
41 49
50 40
24 40
23 51
28 5
46 52
34 50
53 15
29 54
55 53
56 22
41 57
6 58
14 19
25 8
5 8
49 59
52 55
3 60
44 21
7 6
61 53
62 18
62 31
63 44
29 6
41 52
64 2
53 52
6 34
40 65
42 50
65 66
36 6
8 22
67 5
6 21
65 52
68 29
58 42
69 52
3 70
29 68
51 5
58 17
50 46
71 6
8 54
44 58
22 11
72 41
2 11
8 73
74 5
36 48
5 69
21 75
15 65
5 11
15 38
29 46
46 61
5 17
29 76
5 34
17 48
41 40
40 6
48 8
30 6
2 62
6 48
29 10
39 29
77 15
66 40
51 17
50 36
78 70
48 5
79 57
46 41
6 5
6 80
52 79
81 45
41 10
9 14
81 5
24 21
58 38
40 39
16 6
45 41
6 82
13 18
5 52
52 83
34 58
64 18
21 5
63 34
36 83
42 21
77 5
63 58
5 84
29 85
41 29
5 86
40 83
24 38
48 83
77 48
85 40
41 84
62 37
87 72
87 88
44 53
21 50
77 38
21 34
53 38
48 15
34 42
78 60
22 41
36 22
29 81
48 65
34 65
5 68
87 21
89 80
6 15
46 15
5 57
42 65
53 58
21 6
41 17
17 24
57 2
90 6
54 2
44 59
53 49
2 6
44 50
36 34
40 21
17 41
70 91
3 92
42 87
30 93
91 78
57 5
88 87
94 27
84 79
34 48
58 34
21 45
34 53
54 45
45 53
44 40
29 43
40 44
53 87
79 53
89 2
60 91
5 88
5 95
48 40
75 63
5 24
29 21
89 29
29 35
72 45
46 28
52 33
29 89
27 3
42 29
40 66
11 2
70 2
40 53
65 36
41 36
71 4
88 5
21 83
63 48
50 57
96 57
40 24
45 42
84 46
