#qgen
54
1183
235
333
1347
192
1035
1113
108
1629
1130
1030
1148
1293
1310
1036
1055
840
1453
377
1223
1331
1187
1239
1079
1613
1049
1027
1474
1005
1221
1451
1369
1130
1184
1151
1066
1279
186
535
1105
518
1117
597
1314
1043
1062
1326
94
1258
1422
1348
1673
1289
1580
128
0 1
2 1
3 2
4 2
5 2
5 6
5 7
2 8
2 9
1 0
7 10
11 10
12 5
2 13
14 11
14 15
13 16
17 5
18 14
19 5
8 18
4 20
21 6
19 18
15 21
10 7
7 14
22 2
5 23
24 14
24 7
14 2
5 25
26 5
27 19
28 13
29 24
14 30
31 16
32 27
33 14
29 7
34 28
35 32
8 30
32 25
27 25
33 4
6 5
18 27
12 19
18 36
37 24
24 33
15 24
30 14
5 30
38 30
39 17
10 27
16 40
40 41
14 18
30 21
30 5
8 37
32 7
42 4
43 30
44 33
44 2
12 45
17 6
46 35
29 10
17 21
25 35
7 24
21 43
2 22
47 32
47 5
43 19
43 21
48 44
7 27
27 7
5 18
5 46
37 32
17 15
22 33
32 35
27 2
49 14
36 4
10 30
43 27
7 18
33 7
24 50
8 50
21 30
2 32
15 7
5 51
52 17
38 2
32 10
24 8
4 53
43 8
15 50
27 33
7 2
48 14
8 2
10 50
19 38
7 25
8 7
7 15
2 21
52 5
8 15
32 15
32 8
50 19
