#qgen
105
963
1422
1244
1280
1348
1402
236
1058
1182
497
1373
1008
1393
1310
1746
1320
1053
1919
1147
1215
1200
1269
1170
1404
243
1281
986
1225
1418
1199
1220
1876
709
1280
1390
1307
720
1080
772
1112
1484
1096
1009
1211
940
1060
1390
1801
974
1261
1070
290
1173
1495
1145
360
1169
1473
1138
1102
1183
1083
1328
906
1184
1322
974
1475
1230
1150
1098
1055
1684
915
207
888
1031
875
1312
1072
1329
1313
715
1216
1058
1593
1802
827
1231
1159
1235
1194
1192
1185
1342
1181
936
1478
922
1781
1216
703
1398
982
484
256
0 1
1 2
2 3
2 4
4 5
2 6
7 6
8 3
2 9
1 10
11 7
4 12
11 13
14 4
4 15
16 4
17 4
2 18
19 15
4 20
21 2
11 22
23 7
2 24
25 7
5 26
2 27
8 10
2 1
3 11
4 28
13 29
30 5
31 4
0 32
33 2
5 30
34 33
7 33
9 13
1 35
36 4
2 37
34 38
39 31
40 4
41 7
5 38
5 42
7 11
43 33
22 44
45 4
10 11
34 37
2 34
46 2
39 47
25 33
48 2
49 2
2 50
46 51
27 38
13 9
52 47
53 40
2 54
51 55
7 56
39 23
53 57
58 39
28 59
60 55
61 34
62 2
8 51
4 63
48 13
58 64
65 2
66 4
53 4
23 52
67 2
5 17
39 41
2 68
69 2
57 70
3 10
55 3
64 52
51 44
71 30
55 50
39 58
38 72
55 44
4 73
9 44
43 74
22 2
4 75
76 39
50 44
77 4
19 4
9 2
48 51
4 78
4 58
4 79
19 78
80 44
39 4
81 79
29 44
82 4
44 2
23 53
55 11
79 4
83 14
84 7
2 61
10 50
4 39
40 58
5 41
21 10
85 4
4 56
53 23
10 80
2 67
11 68
47 39
73 4
33 25
31 57
22 55
55 46
56 81
4 86
84 34
4 87
4 83
7 88
23 34
89 4
2 49
13 2
72 26
51 22
55 21
68 29
68 2
48 44
55 9
51 9
90 4
38 91
34 41
1 0
4 92
39 40
13 10
1 44
93 2
3 55
31 52
41 34
2 94
83 19
67 59
91 38
44 68
95 2
10 3
9 68
10 29
4 96
44 22
97 2
44 46
4 23
40 53
66 78
2 98
4 74
7 23
55 8
94 99
29 2
10 8
4 16
68 55
83 78
4 17
32 0
11 2
57 64
37 34
54 2
10 51
59 28
55 60
20 4
40 52
2 25
39 57
75 4
100 4
31 5
7 61
101 2
22 68
4 41
2 97
31 39
8 44
10 9
34 2
91 7
19 45
38 17
101 27
10 55
51 11
68 48
78 9
29 55
43 38
4 85
64 39
4 89
44 51
31 102
14 83
31 23
71 37
59 4
64 58
103 100
104 33
86 4
71 2
63 4
10 21
98 2
99 84
59 67
68 21
55 2
