#qgen
51
963
1422
1244
1280
1348
1183
1373
709
360
1182
1269
1280
1390
1170
940
290
1342
1390
1329
1230
1070
1310
1008
1145
1058
1307
1281
497
1080
1146
1147
1313
1048
243
1058
1199
1322
1225
1781
1220
1097
1055
1210
1327
974
996
1181
703
922
1231
1475
128
0 1
1 2
2 3
2 4
5 2
6 1
0 7
8 2
2 9
1 6
10 6
11 2
11 12
3 13
14 2
5 14
5 15
2 16
17 15
10 2
16 2
14 18
19 8
2 20
13 8
6 21
2 19
22 8
2 1
6 2
12 2
14 15
14 6
14 5
1 0
2 23
6 14
24 22
22 6
20 8
1 25
3 22
2 18
24 26
22 19
5 3
6 10
5 6
8 5
6 27
27 15
28 12
29 2
21 6
15 14
2 30
2 31
19 22
13 14
2 32
2 33
2 8
34 24
22 13
35 6
36 30
21 22
2 37
38 34
15 5
12 39
40 37
27 19
13 15
34 38
19 14
2 40
6 9
30 2
8 15
39 41
2 42
33 2
43 2
11 24
2 34
27 3
15 44
2 45
2 46
37 47
18 2
28 2
26 24
48 22
19 13
24 49
15 35
35 14
35 21
17 2
6 22
44 19
2 44
36 2
15 17
22 21
39 2
40 2
2 50
22 24
22 2
47 2
9 2
35 8
21 35
3 9
7 0
12 11
9 3
2 26
9 14
8 9
23 2
8 17
6 18
2 28
18 6
