#qgen
111
1438
1131
1241
1230
1234
1151
1080
1014
1030
1038
1019
1036
1260
1166
1254
1134
1075
1275
1439
1136
1022
792
258
2043
1067
1183
1003
1317
821
1381
1175
1089
993
1284
1296
1240
1255
1389
1156
1570
1131
1021
1227
182
1060
1337
1136
824
1149
1174
1556
1252
1330
1254
1243
1090
1213
1346
1441
1531
875
973
1410
1028
1056
1184
1308
1133
1996
1307
1313
1043
912
1125
1245
1152
1124
1295
1328
1234
1117
1395
1380
1207
1361
1223
1427
1151
1495
0
1297
1080
1079
1119
1159
1109
1499
722
1269
1440
1251
1216
1521
1021
1232
1265
949
1465
1292
1198
1453
256
1 0
2 1
3 1
1 4
4 5
1 6
5 7
7 8
8 9
10 0
5 4
11 8
4 1
0 1
10 12
11 13
14 12
4 15
16 9
12 17
5 18
18 19
9 20
9 21
22 4
8 23
7 24
12 25
12 26
27 12
7 28
1 2
10 29
30 19
12 31
18 4
32 20
11 33
34 20
35 19
36 11
9 37
13 11
38 12
9 39
8 7
7 40
41 4
37 10
16 20
42 19
43 12
44 14
2 45
46 22
20 47
48 9
48 49
9 50
48 31
51 19
12 52
37 53
49 54
9 47
55 10
4 56
57 7
58 20
56 59
54 60
4 18
10 61
12 62
63 20
54 16
18 44
64 41
20 54
47 65
66 12
12 67
12 68
65 69
70 12
71 7
39 72
32 49
5 19
54 73
68 12
69 37
33 11
8 74
31 54
75 16
16 12
76 41
77 20
2 41
41 78
20 79
7 80
65 81
53 65
44 82
16 67
49 12
44 18
41 2
83 9
50 83
75 12
57 19
84 48
47 85
37 57
20 75
61 12
86 46
16 66
48 84
19 13
44 56
75 65
4 44
9 87
12 34
88 47
50 47
73 12
19 44
12 89
19 56
14 62
9 85
9 90
85 54
20 34
38 90
65 90
91 45
20 92
86 11
11 51
12 16
76 1
57 93
60 54
16 55
37 69
12 94
88 9
3 45
94 90
8 95
7 96
9 8
19 57
61 65
69 84
54 97
82 12
90 9
12 98
49 48
99 12
20 100
52 37
81 65
101 8
49 20
37 50
41 64
102 52
65 54
94 103
54 65
84 47
54 77
32 11
98 12
28 7
33 19
16 47
7 42
37 73
20 32
18 11
11 5
62 14
9 104
85 75
48 83
34 12
11 44
85 20
57 47
47 48
9 48
90 38
94 65
105 45
12 60
31 20
92 20
8 106
79 20
47 12
65 75
104 12
41 45
56 11
20 38
8 107
44 48
108 35
92 48
81 9
93 57
84 54
37 48
78 1
49 83
13 18
16 108
1 78
81 94
9 72
48 50
7 57
54 94
72 39
54 66
13 5
21 9
67 12
11 56
48 47
48 92
42 7
8 109
15 65
81 12
50 37
73 20
11 4
44 11
12 110
12 49
8 11
9 65
75 85
9 88
104 84
12 99
