#qgen
113
1213
1287
362
1317
1162
1896
1337
1712
1404
1058
1289
1476
1624
994
1213
1315
1211
1983
1454
1439
1473
1206
1248
1443
1112
976
1438
1317
1108
5
839
862
1315
1190
1087
1245
1426
1321
1020
1124
1181
791
1349
1032
1122
1205
1254
890
1072
708
1155
934
1045
1020
1382
376
1260
1109
1068
1039
1371
1148
1208
356
1246
1366
1340
1100
1396
1359
1213
1159
1240
1322
1133
882
1019
1113
950
1917
1095
1387
1159
1232
964
140
1313
124
338
1146
1437
1026
1000
1300
1264
411
1146
1393
1113
1147
1299
949
1515
1170
1445
1341
415
2018
994
1370
1063
1201
1129
256
1 0
0 2
3 2
4 1
5 2
4 6
7 1
5 8
4 9
1 10
9 11
12 4
2 13
5 14
15 2
3 16
17 1
7 11
18 5
2 15
5 19
8 5
20 5
5 21
22 1
23 17
24 11
5 25
3 26
3 27
28 5
6 12
29 3
30 5
2 31
9 25
1 32
4 33
34 4
5 35
5 36
37 4
38 37
39 5
34 40
41 3
35 42
43 38
44 1
45 5
2 41
11 9
46 2
35 38
47 1
4 34
31 48
49 39
50 35
51 50
3 52
53 5
35 54
55 5
54 50
56 43
3 48
57 1
58 3
22 12
20 59
49 20
60 45
20 35
61 2
62 34
41 63
56 64
29 65
66 49
67 5
38 68
69 5
17 70
25 17
12 22
68 38
5 71
72 5
38 19
5 73
25 74
59 75
63 76
77 69
78 59
50 78
3 76
77 78
1 11
79 35
25 22
80 33
35 14
2 3
77 38
81 3
76 56
78 35
82 41
43 77
1 44
12 83
82 3
21 77
81 84
77 35
5 20
5 66
1 4
49 71
24 12
76 33
39 49
11 23
33 77
85 35
5 55
40 86
35 85
14 5
87 5
16 3
65 75
56 81
5 59
36 35
1 88
27 3
5 50
48 89
85 63
5 90
5 77
91 1
79 50
5 75
41 82
2 5
17 12
49 75
59 77
76 89
92 5
35 78
54 5
93 77
5 28
38 53
38 69
59 78
94 89
1 91
1 83
73 95
65 78
5 38
82 31
81 76
14 33
56 96
55 38
51 5
3 64
77 97
11 32
89 98
3 99
3 58
70 1
35 79
89 63
95 73
74 25
5 67
22 25
62 80
23 4
89 48
89 27
99 56
95 35
22 24
94 63
38 97
100 9
51 49
100 86
92 101
41 56
9 6
50 54
102 5
49 103
89 94
71 5
9 4
77 93
33 14
104 5
96 89
105 1
5 104
85 59
33 76
77 19
106 5
107 14
69 38
94 3
2 0
32 105
49 51
27 72
83 12
11 24
82 108
5 53
90 5
108 77
101 92
50 71
89 46
109 5
34 86
94 41
86 40
103 49
38 78
4 86
3 84
75 35
5 85
25 5
35 20
90 52
110 62
71 77
5 111
86 34
24 1
5 102
84 3
98 56
53 77
112 35
