#qgen
59
1220
327
1077
1153
1094
988
1727
1301
1141
1073
1025
1255
510
1084
9
1285
1459
1743
1053
1267
1093
1350
1084
1128
1152
1461
1415
1410
1115
1355
1512
1304
1247
1496
892
807
1054
648
990
1269
1143
1231
950
1284
1179
1099
1032
1034
1148
1295
1408
729
1158
221
1016
1450
1406
1263
1211
128
0 1
0 2
1 3
1 4
5 0
6 3
4 7
8 3
0 3
6 9
3 1
8 10
11 6
6 12
3 13
10 14
4 15
0 16
17 6
3 6
7 18
19 8
6 20
21 3
22 6
20 6
0 23
3 24
25 0
6 26
27 6
28 6
20 29
6 30
31 23
32 28
4 3
6 33
6 21
34 3
29 35
8 22
36 2
20 33
33 37
6 37
11 35
6 10
38 6
6 39
40 20
3 41
3 42
3 43
44 6
29 37
29 45
8 28
34 41
34 31
46 29
8 26
6 28
29 8
33 29
47 45
6 42
47 36
6 44
22 32
47 0
16 0
48 40
49 3
41 23
50 35
10 8
35 0
32 3
42 29
19 6
51 27
33 52
22 8
31 43
3 8
3 32
14 10
20 37
46 37
36 4
53 3
6 17
26 8
23 34
40 51
8 37
40 33
41 34
27 40
54 6
37 46
28 32
6 55
51 47
6 19
3 50
37 8
6 11
6 54
3 56
38 21
37 57
37 58
37 45
34 25
43 41
52 40
57 51
35 11
35 50
18 4
53 23
3 21
23 31
3 34
0 25
57 37
