#qgen
107
1220
327
1077
1153
1094
988
1727
1301
1053
1743
1054
1372
978
892
807
1093
1034
1247
1355
1282
900
612
923
1128
1285
1084
1278
1458
1227
1910
1291
1128
1430
1084
1275
2016
1025
1302
1161
1073
1143
1302
1059
1211
1161
1066
989
1179
1141
221
1388
1250
1337
1262
1096
1496
1231
1835
1016
648
1415
1081
1410
1158
1504
1099
1284
949
521
1368
1032
1105
1413
1157
886
950
1254
1255
1120
1133
983
1119
1267
1461
202
10
1247
1548
990
1304
1148
301
363
1152
510
1002
1801
1032
1263
1990
1157
729
1446
1572
1512
1108
826
256
0 1
0 2
1 3
1 4
5 0
6 3
4 7
8 4
0 3
6 9
3 10
11 9
9 12
8 7
13 3
14 12
15 6
0 16
17 11
18 6
19 14
17 19
20 9
14 6
21 9
11 22
23 0
4 24
3 25
26 8
27 10
28 9
17 29
9 30
22 31
32 28
33 6
8 34
9 35
36 6
28 37
38 11
39 3
40 15
32 41
9 42
15 43
9 44
45 9
9 46
18 47
48 3
6 47
49 3
10 14
30 29
30 45
37 11
35 50
41 31
30 51
22 12
52 8
14 19
30 53
53 54
9 11
43 55
9 54
54 21
56 3
3 43
57 51
58 6
49 23
59 43
16 59
4 1
60 6
32 31
61 9
46 30
40 62
15 63
51 32
6 58
10 4
17 64
18 65
49 66
8 67
7 68
27 9
15 65
25 69
55 63
63 14
41 57
42 70
29 31
11 46
59 47
71 30
72 9
73 67
74 8
6 75
17 30
9 76
9 38
6 77
22 37
50 78
50 79
51 53
37 28
80 64
65 59
79 81
61 17
81 46
8 26
28 44
6 82
27 79
6 15
83 0
64 54
51 80
50 45
23 83
8 84
32 80
85 7
18 86
81 31
15 18
27 30
43 3
29 44
41 79
7 87
6 88
31 30
89 0
67 73
9 79
81 79
55 59
9 29
17 53
62 40
90 15
91 72
53 46
66 56
75 3
60 48
92 46
63 86
38 31
14 77
40 6
14 92
27 22
93 27
94 88
89 49
24 4
3 95
55 18
96 46
9 27
56 23
59 18
9 81
21 46
64 31
9 80
18 15
50 70
30 44
6 65
9 21
28 61
97 59
98 6
31 46
57 41
79 64
28 32
53 17
10 83
44 32
41 44
61 41
9 57
98 40
79 30
99 10
55 43
3 66
6 62
83 89
30 27
27 53
100 8
98 101
102 8
16 18
15 59
1 0
78 76
21 22
78 9
103 25
17 46
15 55
104 6
7 73
22 11
59 33
28 31
41 28
90 14
41 11
89 13
28 51
16 0
61 64
82 48
46 92
105 74
88 59
45 42
28 22
20 72
87 69
22 79
31 54
13 83
66 49
61 31
10 39
11 21
54 64
44 54
54 32
9 106
56 66
51 45
27 24
29 71
77 14
10 3
59 98
