#qgen
108
1289
781
1717
1268
1027
1106
1257
1304
1141
254
1181
1048
1677
1198
1133
1220
1476
337
1446
993
1149
973
829
932
1295
1119
922
1027
1148
1346
1197
1367
1061
973
1263
1105
1056
1053
1347
1036
1346
1203
1647
934
1250
1552
1096
998
611
1132
1324
369
2020
1170
1300
1414
981
1154
926
1114
1039
1285
1190
1443
1292
966
1240
1306
465
1676
1126
1077
1136
1125
1384
583
1937
1031
569
1387
1525
704
1265
1483
1239
1760
1247
1169
1370
1213
375
234
1105
1098
982
1304
1290
1281
1265
1477
1046
1352
1307
1400
1108
1150
1160
1276
256
0 1
1 0
2 0
3 0
2 4
2 5
2 6
7 3
2 8
9 2
1 10
8 11
1 12
10 13
2 14
15 3
16 2
15 17
13 18
19 2
20 12
21 18
12 20
0 22
23 2
2 24
25 2
0 26
2 27
3 28
0 29
2 30
31 26
32 9
3 33
2 34
33 35
36 30
2 37
3 38
39 10
11 40
41 2
28 32
3 42
18 43
13 32
44 32
15 40
45 3
3 21
46 2
47 2
1 48
49 3
39 27
3 50
51 32
52 30
19 53
3 54
55 32
32 51
2 32
3 56
2 57
12 27
3 58
59 50
47 29
60 30
61 11
1 27
62 48
1 63
18 21
18 63
27 43
54 3
55 64
54 65
32 62
53 2
2 18
43 35
53 29
43 66
22 0
15 64
23 67
68 29
35 41
69 2
70 3
71 56
29 68
18 72
73 3
52 69
40 11
70 61
62 22
39 74
0 55
15 32
52 75
20 48
50 64
50 15
59 40
76 40
35 7
18 29
0 3
26 77
2 78
32 79
8 32
80 2
78 81
52 60
47 82
82 35
1 32
2 17
32 71
52 32
82 29
75 62
25 27
83 63
50 55
76 84
33 32
52 82
18 13
27 39
58 3
85 2
63 86
43 0
87 76
88 2
29 20
86 89
39 37
49 32
31 59
0 72
60 61
90 30
58 91
35 58
92 3
69 82
46 66
62 66
32 52
11 45
93 45
27 1
3 45
32 53
69 0
66 94
20 35
20 52
32 19
70 38
73 32
68 10
68 43
86 32
87 30
34 2
32 46
40 3
66 62
95 2
10 18
43 72
45 51
86 2
20 29
1 96
2 53
3 97
82 91
41 76
32 33
64 44
58 54
63 60
17 84
65 72
98 50
58 63
82 13
3 99
32 98
0 100
32 87
14 34
35 33
39 2
32 44
32 8
26 59
74 27
29 62
72 52
32 3
10 32
0 101
43 52
35 18
79 2
0 102
32 17
69 68
71 32
103 2
45 100
28 36
32 92
95 36
70 10
82 20
1 43
32 75
104 0
2 105
81 2
20 27
52 62
25 18
100 0
2 19
72 65
32 73
46 32
42 76
65 106
0 43
50 45
60 33
19 98
81 97
40 35
55 107
68 65
11 61
35 0
46 35
61 70
92 32
