#qgen
99
768
1091
1167
1038
836
1430
1384
1972
631
1335
1332
833
1161
778
1873
1282
1100
1038
55
1057
1331
858
1284
1088
1349
191
1121
1398
966
1716
1207
1247
1434
1383
1265
1054
41
1268
1303
1024
1143
1128
722
1276
434
758
1301
1005
1045
934
959
1265
1062
1116
1149
1645
1258
1386
900
1582
1058
1265
1169
1079
1113
1400
1198
1286
1237
1060
751
1155
1115
1403
284
1375
1517
1097
1313
1412
1202
1156
613
1313
903
1383
969
964
1294
812
1280
1381
1011
512
227
1240
1279
1383
2023
256
0 1
2 1
3 2
1 4
1 5
6 1
7 2
8 1
2 9
10 1
9 11
4 12
2 13
11 14
15 4
16 15
2 17
6 18
1 19
1 20
9 21
22 1
23 11
24 15
25 20
26 3
2 27
28 1
29 9
30 1
31 10
32 4
33 21
33 2
15 34
30 35
36 16
37 2
2 38
39 1
40 9
41 1
34 42
36 24
1 43
20 44
36 23
45 2
46 3
29 33
4 5
47 45
42 48
1 49
26 50
51 29
13 45
52 46
53 50
1 22
54 1
15 55
15 52
45 56
36 46
57 1
50 34
58 15
9 13
1 54
40 21
40 59
2 60
50 16
22 32
2 7
38 2
22 5
61 15
31 18
2 24
45 62
33 16
63 1
50 46
40 3
47 46
7 52
3 24
45 64
11 9
10 65
36 9
59 45
13 3
42 2
55 66
2 67
33 34
22 4
2 59
65 10
34 2
4 68
59 67
42 69
27 16
70 2
71 2
1 72
35 54
40 11
61 52
9 47
16 53
45 40
67 27
13 59
73 2
1 0
67 3
22 74
12 74
27 67
52 15
29 75
76 52
24 13
77 44
44 25
34 56
1 10
77 1
78 67
79 4
1 2
53 40
67 46
50 2
1 68
52 76
1 80
15 13
44 77
12 22
59 78
25 81
74 1
82 5
83 47
84 1
66 24
27 15
16 36
68 4
64 85
13 2
56 2
45 9
1 14
78 59
2 21
1 86
82 87
2 88
9 45
1 89
62 64
59 2
90 2
69 91
2 11
3 9
13 34
69 92
39 25
4 15
24 76
67 34
27 47
16 62
59 46
4 32
69 85
32 5
25 33
53 67
18 63
67 53
3 83
21 83
52 45
14 35
23 93
45 59
18 72
67 78
64 45
83 15
2 94
31 1
15 16
83 3
18 6
45 67
3 26
1 91
2 26
52 83
47 34
52 42
12 32
24 55
2 53
68 5
79 74
53 36
55 2
61 16
47 29
18 91
43 1
65 18
95 67
27 59
10 18
16 59
24 40
53 2
74 79
40 47
48 3
36 13
96 1
45 24
62 2
45 11
36 25
14 11
3 97
15 27
67 2
49 25
1 98
5 32
1 92
1 8
2 75
3 67
20 25
46 47
40 36
67 24
13 52
34 70
62 3
