#query
117
K
K
Q
T
E
L
D
I
Y
Q
E
V
V
F
N
I
M
Y
D
E
L
I
C
I
M
W
G
S
K
N
K
R
F
A
I
I
D
I
E
W
E
I
F
A
F
P
S
V
L
I
A
S
I
T
M
L
S
I
I
Q
V
A
I
E
I
D
I
T
M
S
Y
L
Y
F
P
F
T
F
I
V
M
I
G
S
T
V
A
R
T
S
P
Y
G
I
V
D
L
Y
K
L
D
Y
T
L
I
Q
L
L
N
K
L
D
I
A
S
L
V
256
0 1
1 2
3 2
4 0
2 5
6 1
4 7
6 8
9 7
7 10
11 1
12 7
13 8
1 14
14 15
16 7
17 7
7 18
19 8
20 6
9 21
22 8
23 0
12 24
18 25
19 2
24 26
4 27
22 28
3 29
17 27
30 20
13 31
32 28
27 33
32 34
35 29
30 36
7 33
3 1
23 20
33 37
38 5
31 39
1 40
32 41
42 18
43 18
44 35
44 45
7 46
15 47
4 48
49 36
49 50
36 51
25 52
53 12
25 54
55 45
8 56
17 57
44 46
10 58
59 14
60 9
10 61
44 34
30 62
14 63
64 57
20 65
40 2
64 66
65 32
36 46
63 67
58 3
68 67
9 43
9 69
20 0
70 42
61 71
72 21
3 13
73 72
50 74
75 33
54 76
9 23
30 7
77 68
72 23
64 78
57 79
31 41
5 47
80 30
43 33
60 21
81 34
42 10
36 44
82 28
82 83
51 84
28 21
80 85
33 45
11 8
61 86
12 51
87 72
74 12
11 34
8 15
83 67
9 10
2 56
85 88
22 89
90 38
30 44
45 46
74 91
92 88
10 68
75 79
10 93
44 54
53 70
94 55
30 48
69 77
95 31
40 21
96 23
97 84
31 98
34 55
62 99
9 55
54 77
75 61
89 7
44 72
85 100
70 79
32 101
10 102
103 76
19 28
73 104
105 93
30 58
12 57
82 106
89 9
60 106
60 58
67 52
49 73
62 48
100 92
78 92
60 83
86 72
36 17
9 44
70 97
97 107
80 4
87 86
45 108
19 20
82 55
13 59
95 38
9 20
43 10
109 24
32 110
15 56
38 31
49 16
80 96
42 79
60 89
87 9
82 23
59 34
46 108
33 10
42 69
23 3
109 26
77 103
83 21
5 39
82 25
68 103
25 94
17 51
111 70
112 60
73 10
106 94
87 83
41 39
9 83
71 76
72 94
100 109
111 12
81 28
111 107
85 113
64 114
104 54
40 90
74 51
18 69
95 15
81 72
91 107
53 115
9 94
104 50
3 11
34 52
34 14
81 67
94 93
44 108
85 74
30 10
96 64
103 83
63 56
116 105
96 43
91 88
54 71
44 102
81 94
112 106
56 41
92 24
5 98
16 48
40 56
49 80
68 61
3 35
62 17
