#query
32
Y
Q
Y
Q
Y
S
S
I
L
R
I
I
I
I
K
P
E
L
S
D
F
P
M
D
E
S
I
D
N
T
N
Q
128
0 1
1 2
2 3
0 4
5 4
0 6
0 7
1 8
7 4
9 7
10 6
11 5
11 12
2 5
0 13
14 9
15 13
16 2
11 13
1 5
0 17
18 6
5 3
0 10
19 18
18 20
21 6
21 9
22 13
8 23
11 18
14 16
8 17
7 5
24 0
12 25
19 0
8 5
11 26
19 6
21 0
11 7
13 4
15 25
19 9
9 25
27 5
9 2
22 17
26 12
14 28
7 27
7 8
16 1
14 8
2 23
19 17
14 23
11 9
24 14
19 25
26 13
9 4
29 25
13 8
1 28
9 1
24 12
19 26
11 24
19 20
10 30
8 27
28 31
13 1
13 2
19 7
23 3
9 6
29 30
22 1
11 19
15 2
24 15
11 6
22 21
26 9
0 25
21 19
22 12
21 26
0 20
13 6
0 9
2 7
26 18
23 27
22 11
26 17
8 31
7 10
27 3
22 26
6 30
13 5
11 0
6 20
15 16
15 14
24 9
9 8
16 13
0 29
0 18
21 18
7 6
16 8
11 17
21 4
16 9
20 25
19 30
18 30
21 10
8 4
12 30
2 4
2 27
