#query
62
T
F
A
Y
I
L
Y
I
T
V
T
A
I
I
P
Y
P
G
I
D
S
W
F
V
A
E
T
T
V
G
K
T
Q
T
I
I
F
D
L
L
Y
P
S
N
I
V
G
L
I
I
S
S
M
M
F
L
Y
F
G
S
A
P
128
1 0
2 0
3 1
0 4
2 5
6 1
5 7
0 8
3 9
0 10
11 2
12 10
0 13
3 14
15 9
2 16
2 17
10 18
19 4
11 20
19 21
19 22
5 10
23 18
2 24
25 22
20 26
16 27
28 24
29 5
0 16
27 30
31 13
21 22
1 24
32 2
18 17
25 4
15 19
32 12
33 1
34 20
32 1
9 34
8 7
35 19
36 0
1 25
37 11
38 24
28 38
39 0
40 6
29 13
20 19
41 40
42 4
16 43
19 24
31 44
12 0
8 24
9 19
38 8
39 7
45 22
41 9
46 4
42 47
29 48
49 35
41 45
41 42
11 50
19 46
35 4
47 12
50 20
50 51
10 7
1 26
2 52
9 45
37 40
15 3
36 53
25 54
55 3
0 24
36 43
24 30
18 7
0 56
57 39
11 0
51 58
5 58
32 48
59 30
2 4
21 18
15 34
32 54
48 0
21 24
41 6
33 14
32 20
17 60
19 30
8 46
1 51
16 56
32 0
2 26
50 19
50 1
61 30
44 5
44 0
34 42
16 61
24 17
33 26
44 13
5 56
22 52
9 6
