#query
32
T
I
T
I
T
M
V
R
I
E
G
T
V
I
V
L
A
Y
I
Q
I
K
I
K
E
T
S
S
A
L
D
V
128
1 0
2 1
3 1
0 4
2 5
3 6
2 7
0 8
6 7
7 8
9 5
2 0
10 0
10 11
1 8
12 11
13 12
14 5
15 8
16 1
16 17
1 18
0 19
5 20
21 0
21 22
2 23
17 24
7 12
7 25
12 8
22 26
22 11
27 22
25 4
14 20
23 17
10 17
17 22
16 28
11 29
0 12
30 19
5 12
18 31
10 13
23 12
14 0
0 29
1 20
12 20
24 22
29 20
9 30
22 12
15 19
8 25
23 1
9 7
22 15
7 18
0 15
2 30
20 31
30 12
7 13
7 1
14 1
16 27
13 19
28 0
27 17
12 4
2 27
1 22
2 12
14 19
30 7
1 17
21 26
16 30
24 12
7 21
19 20
30 28
31 4
22 25
5 27
14 9
12 18
11 20
12 29
8 19
7 19
0 26
1 5
10 27
10 22
22 18
1 25
5 18
10 21
13 24
1 13
23 24
10 8
17 0
13 0
28 27
14 12
7 27
0 18
0 31
23 0
27 24
29 31
12 26
17 18
30 26
13 8
26 25
21 24
14 28
12 19
27 0
23 30
18 20
30 27
