#query
64
I
N
Q
L
H
L
L
N
H
Y
S
Q
F
L
R
I
I
I
V
Y
V
S
L
I
I
D
E
M
I
L
V
A
I
F
M
E
P
Q
P
K
D
S
T
M
Q
E
D
I
G
G
K
H
W
D
E
S
I
R
F
E
Q
K
V
Y
256
0 1
2 1
3 1
4 3
5 0
5 6
5 7
8 1
9 3
5 10
1 11
10 12
13 8
9 14
15 3
15 16
9 17
7 18
9 19
20 17
9 21
22 20
10 19
23 6
13 3
24 9
25 9
26 23
27 4
20 28
24 29
30 5
22 31
32 31
31 12
15 5
6 33
34 16
33 35
15 24
34 23
15 25
36 2
37 7
38 28
22 30
39 14
40 19
16 6
9 41
42 35
2 12
32 43
44 33
30 31
23 40
2 11
27 45
34 6
26 46
47 21
34 17
25 21
37 31
29 18
7 48
49 42
24 44
42 50
50 35
51 8
29 35
30 16
42 13
22 6
27 33
31 52
27 53
0 18
40 52
54 17
55 44
23 46
45 3
39 2
47 24
27 56
43 42
49 16
23 16
57 29
27 35
16 5
24 14
28 21
58 33
23 10
22 47
18 59
37 52
36 14
5 40
7 60
27 61
13 51
4 51
36 3
15 46
57 6
15 43
50 3
29 42
6 0
51 3
31 7
16 28
34 44
53 44
34 25
61 53
57 7
61 25
34 2
58 47
29 13
40 31
44 51
34 14
11 48
44 62
62 18
34 54
2 63
42 56
27 24
39 26
59 35
6 29
62 0
27 44
49 10
46 11
37 43
61 13
39 1
32 60
27 59
57 60
45 14
34 20
43 18
34 59
30 20
36 23
54 42
4 35
42 44
50 51
30 43
9 39
5 18
47 20
42 0
26 1
6 42
4 56
51 1
48 60
39 5
24 41
50 59
45 17
40 37
38 19
24 45
49 5
56 35
14 2
30 15
29 56
57 12
63 46
29 59
32 22
9 23
40 10
31 48
30 6
20 31
27 15
38 16
22 16
29 12
58 60
32 6
25 24
13 0
2 46
37 12
61 55
44 3
41 21
38 41
5 46
20 57
10 43
43 7
16 21
25 16
44 59
55 13
5 12
53 33
44 35
49 27
6 44
38 23
54 24
15 17
60 59
55 24
36 63
62 1
10 57
34 50
5 57
20 25
25 45
63 52
49 57
47 54
61 4
47 43
34 62
53 4
31 6
5 37
55 4
46 12
58 59
48 18
53 29
59 33
30 34
55 53
15 13
49 6
2 37
23 12
23 19
34 15
24 23
9 16
51 0
37 57
47 34
