#qgen
31
701
2014
1923
432
1945
644
1871
289
1034
1871
1318
161
347
817
1063
621
1845
916
816
773
925
1529
1518
28
1834
1269
1691
330
1980
1596
1783
128
0 1
1 2
3 0
1 4
1 0
0 4
5 0
0 6
0 7
7 0
1 8
4 9
7 5
10 0
11 3
5 12
13 0
0 5
6 0
5 7
8 5
14 5
0 15
8 0
16 7
14 11
1 16
17 1
18 14
19 6
16 0
12 20
14 3
16 21
3 14
22 16
18 23
19 11
0 24
15 0
0 2
9 4
25 12
17 16
11 19
2 1
6 20
26 23
3 5
12 25
9 7
0 27
17 3
28 7
22 0
0 20
5 3
12 5
3 17
16 1
0 14
8 11
0 3
6 19
5 8
20 5
5 4
4 29
18 0
5 23
20 7
3 1
23 19
8 1
1 17
20 9
11 23
14 13
16 8
0 30
7 9
12 0
0 10
20 25
25 13
1 12
29 25
30 0
13 14
3 11
23 5
18 15
20 29
21 8
4 3
4 11
0 22
29 14
20 14
7 1
9 1
16 3
11 14
21 0
12 29
20 26
25 14
3 16
23 11
29 4
7 3
2 0
13 9
20 4
23 0
4 20
29 11
24 0
11 8
5 14
7 28
0 8
20 1
5 20
20 11
13 20
21 16
14 18
