#qgen
45
1681
1734
595
1296
942
945
242
1910
748
1353
1309
56
1127
1100
957
236
1452
206
1666
1224
1189
1277
1860
1231
1498
1060
1836
201
1389
625
945
1589
1028
414
1633
77
1978
410
952
1149
764
799
189
1483
594
128
1 0
1 2
2 3
1 4
5 1
6 3
7 1
2 8
3 6
2 9
1 5
10 2
3 5
2 11
12 2
3 13
14 2
3 15
16 3
17 1
2 18
2 10
2 19
11 2
20 2
1 21
22 2
13 3
3 23
18 2
4 1
1 7
24 3
8 2
1 13
21 1
3 2
2 25
26 2
2 27
9 2
28 2
16 29
2 20
23 3
2 28
2 26
2 14
2 1
1 30
29 2
3 16
27 2
29 16
1 17
30 1
0 1
3 24
13 1
31 3
2 29
2 22
5 3
25 2
2 12
19 2
15 3
3 31
3 32
24 32
32 24
32 31
31 32
32 3
32 33
33 32
34 33
33 34
35 33
33 35
36 33
33 36
36 34
34 36
34 37
37 34
36 37
37 36
38 37
37 38
39 37
33 39
37 39
39 34
36 39
39 33
39 36
34 39
40 34
36 40
40 33
33 40
40 39
40 36
39 40
34 40
41 40
41 36
41 33
41 34
36 41
33 41
40 41
39 41
41 39
34 41
42 34
34 42
33 42
42 36
36 42
42 41
42 33
41 42
43 41
41 43
44 41
41 44
