#qgen
32
551
402
1285
1515
1316
826
617
1004
1150
77
876
1738
1846
1123
1478
1171
780
35
953
935
342
584
1457
2046
1769
1260
1456
244
1695
1457
1151
1610
128
1 0
2 0
3 0
0 4
5 4
4 6
5 7
6 8
7 8
9 5
10 6
7 5
9 11
5 12
12 13
0 1
14 5
15 13
1 16
17 5
18 5
19 8
14 13
5 20
18 11
19 13
13 21
8 22
16 1
17 23
5 21
14 24
6 25
22 7
24 13
26 5
14 25
5 13
19 22
19 10
11 9
13 27
28 25
7 26
23 18
22 29
7 13
5 24
19 27
8 7
7 6
5 25
23 28
5 19
6 29
13 11
18 23
21 28
4 23
19 23
15 19
21 5
12 17
0 30
20 11
6 7
27 5
6 28
10 7
4 5
18 19
28 19
14 19
24 17
27 6
11 13
17 19
24 14
21 14
13 24
13 5
5 18
17 18
5 15
6 18
4 11
20 14
5 9
1 2
18 17
4 0
17 27
26 29
28 11
17 21
11 20
24 19
29 22
19 28
14 6
2 31
19 14
6 20
14 20
11 17
19 12
6 10
22 6
28 6
31 2
4 17
11 18
12 5
18 25
25 14
8 13
21 19
10 8
10 22
22 19
6 14
26 10
29 13
6 19
23 5
9 19
19 21
5 27
