#qgen
64
248
902
1797
407
928
1567
1299
1256
1875
624
827
1189
111
1747
1492
446
1523
904
512
721
646
1924
285
370
1829
646
1252
1072
630
969
1971
1424
109
910
18
1280
675
352
1577
1537
294
1050
1717
1315
779
692
1400
870
611
435
1547
1178
1214
1915
2022
1788
814
1278
1668
1444
378
1926
950
647
256
0 1
0 2
3 2
4 2
5 2
2 6
7 5
5 8
9 7
10 7
11 9
9 12
13 10
7 9
14 10
15 6
16 5
17 6
18 7
11 19
20 5
10 9
2 21
5 22
23 6
24 18
16 25
7 19
5 26
13 5
7 18
26 5
23 2
21 2
5 27
28 16
5 29
2 23
5 30
31 4
28 32
4 33
2 34
25 35
28 27
33 36
9 24
7 11
10 19
36 4
5 28
37 2
31 38
25 5
39 7
9 11
5 16
40 5
2 41
15 36
24 19
24 11
2 4
32 28
23 41
6 15
31 16
42 2
36 6
2 42
5 20
6 31
23 4
27 5
5 40
43 2
30 5
25 44
23 15
36 45
2 46
45 36
2 47
2 48
14 5
18 10
39 10
15 23
30 31
41 15
5 14
16 27
5 13
29 5
10 14
2 49
20 48
5 50
41 2
4 23
5 44
51 7
19 11
9 18
44 25
28 44
36 15
52 2
18 19
5 32
2 52
53 22
4 6
54 2
36 23
18 9
25 16
50 5
55 2
11 18
41 45
53 5
17 4
15 4
53 16
45 23
5 7
6 33
48 45
6 36
11 38
5 56
40 26
57 2
48 20
16 54
45 48
22 5
25 28
54 16
18 11
44 28
6 23
41 23
44 54
12 2
5 58
28 13
7 51
28 5
49 2
59 5
18 24
35 5
12 9
32 5
2 54
39 24
19 24
2 55
47 2
5 25
5 60
41 48
45 6
54 44
11 39
6 17
56 5
60 5
53 54
53 28
4 15
38 6
16 31
61 2
19 9
28 53
23 36
33 41
4 17
31 30
38 4
53 25
4 38
22 53
6 2
5 53
9 39
26 40
58 5
38 11
2 37
11 24
24 9
7 24
10 13
2 61
24 39
35 25
33 6
39 19
27 16
10 18
2 3
5 48
16 53
10 39
2 43
6 38
7 10
33 4
4 36
18 39
2 12
19 7
6 45
4 45
19 39
28 35
54 53
38 61
31 6
1 0
9 10
38 31
24 7
45 41
36 33
34 2
25 54
45 4
35 28
7 62
23 45
36 41
15 41
48 5
11 7
39 18
16 28
54 25
61 38
28 25
5 59
48 41
63 2
15 33
2 57
33 23
44 5
2 63
33 15
19 18
2 5
48 2
