#qgen
33
248
902
1797
407
928
1567
692
1400
370
1299
675
904
446
611
1050
1424
111
1924
910
1577
18
1315
2022
352
1214
1926
647
870
1788
1278
1717
435
1454
128
0 1
0 2
3 2
4 2
5 2
2 3
4 6
7 2
8 6
8 9
9 10
9 11
10 12
8 12
12 10
13 6
8 4
13 5
14 6
15 9
11 4
9 8
2 16
17 2
5 13
14 12
10 18
6 4
8 2
14 2
19 4
4 12
2 20
2 21
22 2
10 9
23 2
2 13
16 2
2 24
15 19
2 14
2 23
12 14
14 18
25 19
6 13
15 4
6 9
26 2
27 2
2 22
19 15
4 15
9 4
6 8
9 2
21 2
2 27
12 8
9 18
8 18
2 28
18 12
19 9
4 19
14 8
2 8
4 9
1 0
29 2
4 8
30 2
4 11
28 2
2 31
4 10
18 10
18 8
18 14
2 25
14 13
2 26
2 30
24 2
9 6
8 10
10 8
12 18
9 15
13 2
9 12
25 2
31 2
10 6
2 29
11 9
20 2
2 17
2 5
12 4
6 14
12 9
8 14
13 14
19 25
9 19
2 7
18 9
4 18
2 9
14 10
10 4
2 4
10 14
6 10
2 0
18 4
32 18
25 32
18 32
32 14
32 10
32 8
14 32
32 25
10 32
8 32
