#qgen
86
1035
1443
1364
1844
1417
612
1406
1008
1566
559
1892
424
1685
1115
1661
1346
2043
1442
1381
1883
1779
561
883
657
1100
1293
1971
1678
1578
1853
1712
621
870
1987
1503
170
917
700
1335
813
423
1527
1815
1784
1535
588
1075
1559
1494
1046
648
1385
1649
326
1931
1711
944
1142
168
38
1629
1357
1162
1162
145
1978
942
1340
727
1816
1884
184
1346
459
1281
1255
1662
585
507
2028
1294
573
1327
476
782
1274
256
1 0
1 2
1 3
1 4
5 1
1 6
7 1
1 8
9 1
10 1
1 11
1 12
6 1
1 13
14 1
15 1
13 6
1 16
17 1
1 18
19 14
1 20
1 21
1 22
23 1
1 24
3 1
6 13
19 2
1 25
26 12
1 7
27 1
1 10
1 28
1 29
1 9
20 14
30 1
12 26
18 1
1 31
15 32
33 32
1 34
35 2
8 1
1 36
37 32
24 1
1 38
32 35
2 19
31 1
1 39
1 33
40 1
41 1
1 19
1 37
8 2
1 42
2 1
1 43
1 44
14 2
45 1
1 5
2 35
1 41
1 46
1 47
1 48
1 23
1 49
21 1
18 43
8 50
51 1
14 19
1 52
53 12
8 32
32 15
1 54
32 8
1 55
56 1
12 1
1 14
0 14
1 57
58 1
4 1
1 56
22 1
1 59
2 17
59 1
32 33
12 53
2 14
14 0
1 35
43 18
1 45
60 1
15 3
14 20
39 1
33 1
1 58
1 50
50 1
35 32
47 1
44 1
1 40
1 53
29 1
35 1
1 61
37 1
20 1
43 1
32 36
47 35
28 1
61 1
53 1
48 1
26 1
62 1
34 1
55 1
1 30
17 2
1 32
0 1
52 1
32 1
2 8
25 1
13 1
1 26
46 1
32 14
49 1
11 1
35 47
36 32
1 63
1 62
38 1
3 15
16 1
19 1
54 1
1 51
1 60
1 15
32 37
36 1
8 14
50 8
1 17
14 32
63 1
42 1
1 27
57 1
14 8
8 64
64 19
14 64
32 64
64 14
35 64
64 8
19 64
64 32
64 35
65 64
64 65
66 64
66 35
35 66
64 66
67 66
67 32
64 67
67 64
32 67
66 67
68 66
66 68
35 68
68 35
69 68
68 69
68 70
70 68
69 70
70 13
13 70
70 69
70 71
71 70
71 72
72 71
72 73
73 72
74 73
73 74
73 75
75 48
6 75
75 6
75 55
55 75
75 73
48 75
48 76
76 48
77 76
76 77
76 78
78 76
79 78
79 75
75 79
78 79
78 80
80 78
81 80
80 81
82 81
30 82
81 82
82 80
82 30
80 82
82 83
83 80
83 81
81 83
80 83
83 82
82 84
83 84
84 83
84 82
84 85
85 84
81 85
85 81
