#qgen
29
21
1260
289
1726
759
1286
1534
576
783
717
1969
1958
518
1481
131
615
1841
1191
588
1748
1265
410
1186
1001
171
700
1348
872
489
128
1 0
2 1
1 3
4 2
0 5
3 6
6 7
2 8
2 9
9 3
10 5
11 4
12 1
2 5
7 2
13 11
1 14
5 15
16 4
8 9
3 17
15 7
8 18
14 15
0 15
13 12
2 19
20 6
9 10
21 5
15 16
8 5
5 18
17 3
0 13
6 12
15 22
23 16
21 9
2 16
6 5
24 2
9 17
23 7
6 15
16 17
12 6
8 25
20 3
16 13
2 25
8 26
5 12
21 12
16 5
5 10
24 7
18 7
14 16
3 1
18 21
10 19
12 7
3 9
19 20
27 7
11 14
20 14
6 18
21 3
23 18
19 13
20 7
7 14
3 15
17 19
5 9
11 17
6 11
12 9
6 19
8 15
7 0
12 21
3 20
9 6
28 27
14 12
25 22
14 23
18 15
16 15
19 5
4 9
6 0
16 3
15 25
20 12
0 17
26 2
25 26
23 22
22 23
7 23
6 9
2 28
5 23
13 16
15 28
12 18
14 4
25 2
28 2
6 14
23 17
7 20
17 15
17 18
2 11
13 18
14 9
24 27
14 8
27 24
6 3
23 9
3 11
0 21
