#qgen
60
21
1260
289
759
720
166
1419
700
1191
1368
588
301
1726
1448
1841
171
2033
1748
131
717
576
1744
1958
680
1525
410
1121
1481
518
615
783
873
1834
1001
1129
1508
1265
1713
1286
976
290
1265
609
1011
2036
1348
1969
805
1534
1186
872
920
488
43
1951
489
556
1182
1700
353
256
1 0
2 1
2 3
4 2
0 1
5 2
6 4
2 7
2 8
3 9
4 10
4 11
2 12
2 10
13 2
14 12
2 15
5 16
17 4
18 10
19 3
20 10
12 21
18 22
0 15
23 16
24 2
10 25
14 26
27 9
21 24
10 8
28 8
7 16
0 29
30 10
24 29
28 27
31 16
16 2
32 9
4 19
29 15
33 13
11 34
35 27
14 11
36 14
7 31
37 21
20 2
34 14
8 19
38 20
10 22
26 8
14 22
14 39
28 22
38 2
30 31
18 30
14 40
7 41
31 42
14 15
19 25
24 23
38 11
8 38
43 30
23 44
14 21
14 29
7 27
30 45
10 39
46 19
32 11
17 18
26 11
18 14
2 47
21 37
43 5
13 45
48 46
22 28
43 33
24 39
29 49
50 28
11 32
13 8
2 27
8 14
27 51
27 21
15 0
4 21
45 52
36 38
39 34
14 28
12 33
32 3
10 30
23 53
28 45
22 21
9 27
4 18
5 31
12 14
42 31
13 18
29 41
41 31
3 39
53 23
19 27
43 50
33 16
53 44
42 7
33 18
7 23
1 2
9 12
8 17
41 5
48 8
22 4
3 54
24 41
18 20
29 8
2 39
10 12
2 20
26 27
19 20
8 12
45 43
0 8
3 37
27 12
39 29
0 12
38 16
48 17
19 26
15 20
8 2
48 18
27 36
23 33
55 29
29 30
29 0
21 2
56 0
10 57
57 9
4 48
18 1
33 41
14 45
17 2
5 43
16 42
43 31
30 29
32 28
42 29
30 50
39 40
7 24
21 20
58 39
27 39
7 43
17 22
33 8
11 48
35 3
2 14
2 52
49 52
31 51
22 2
7 2
33 42
21 12
32 12
2 33
14 27
59 8
52 15
17 38
16 14
12 1
36 13
10 20
30 43
8 27
26 3
32 27
15 29
49 29
23 24
32 8
2 44
20 8
36 17
13 41
19 13
32 19
59 14
13 19
38 14
36 18
16 30
24 11
52 49
47 33
18 13
14 34
8 4
42 41
52 55
21 23
55 52
13 38
0 38
30 33
21 27
4 28
33 19
4 20
55 49
25 10
14 46
2 50
20 36
0 19
28 14
2 16
26 19
42 44
15 33
52 2
43 16
0 56
15 49
49 16
