#qgen
41
1580
172
1836
1575
620
1573
1479
1977
1490
1085
92
962
2015
1156
1333
964
1906
712
630
1401
1613
955
594
1764
1087
1451
492
548
1424
1190
793
188
1376
1379
914
1593
1853
1173
1168
1480
1499
128
1 0
1 2
3 2
4 2
2 5
6 3
7 2
8 2
9 3
2 10
3 11
2 12
13 1
14 1
11 3
1 13
15 9
16 2
0 1
3 6
17 2
2 3
6 2
1 14
18 16
18 19
2 20
12 2
21 13
22 2
2 17
23 1
8 22
1 22
18 3
1 23
22 24
2 25
25 2
15 10
22 8
2 21
2 8
24 22
24 2
15 13
26 1
2 27
21 2
28 1
1 28
2 1
2 29
29 2
2 4
2 19
10 2
20 2
10 15
5 2
16 18
2 6
27 2
6 18
2 30
2 15
11 6
2 24
19 2
2 7
24 15
2 22
4 31
22 1
2 16
19 18
1 26
31 2
3 9
6 11
3 18
31 4
9 15
13 15
15 24
18 6
2 31
30 2
15 2
13 21
32 13
13 32
32 18
18 32
33 18
18 33
18 34
34 18
34 35
35 15
35 21
21 35
32 35
35 34
35 32
15 35
15 36
21 36
36 15
36 21
37 36
36 37
37 35
35 37
37 15
21 37
37 21
15 37
38 15
15 38
38 21
21 38
21 39
39 15
15 39
39 21
39 40
40 32
