#qgen
91
1580
172
1836
1575
1087
964
989
2022
1293
1899
1473
421
1977
2015
594
1579
2009
890
1102
1571
1401
1085
1764
630
1479
548
1981
1490
1614
712
1156
534
492
962
1439
707
1906
738
1169
906
1744
1424
92
1448
1839
793
1254
1451
350
1613
955
1093
1205
359
1933
1217
1573
188
620
1190
1333
1681
1784
1583
560
1376
1379
144
978
1071
1681
36
845
1671
470
507
2020
515
1373
1844
953
1786
684
1853
1173
364
247
435
694
459
826
256
1 0
1 2
3 2
4 2
5 2
6 4
4 7
4 8
9 4
3 10
11 4
12 2
2 13
2 14
15 4
14 1
16 4
4 17
0 1
4 18
4 19
2 20
21 3
22 1
23 20
23 24
25 2
4 26
27 14
4 28
29 2
30 1
31 4
1 30
8 4
1 32
33 24
3 33
4 34
5 4
35 4
14 2
2 36
36 37
4 38
20 39
2 1
3 23
4 40
32 1
1 41
41 1
42 2
4 43
2 24
36 2
4 11
44 3
14 4
3 39
24 23
2 45
37 3
26 4
2 29
2 5
46 4
2 4
10 3
45 2
23 36
2 47
4 48
2 27
2 49
39 24
30 50
27 2
20 2
4 51
50 2
3 24
4 9
4 6
48 4
4 16
5 21
2 12
36 23
4 14
4 52
21 5
43 4
10 36
4 53
54 4
20 23
2 50
5 30
49 2
33 3
53 4
4 15
30 5
34 4
4 35
18 4
55 4
17 4
1 22
2 56
24 33
57 2
4 54
24 3
44 36
58 57
2 59
60 1
24 39
19 4
4 31
51 4
59 2
3 37
2 42
57 58
56 2
13 2
5 42
4 46
38 4
4 55
14 27
23 3
2 25
3 44
2 3
36 10
1 14
2 57
50 30
36 44
4 61
4 62
3 21
39 3
4 5
61 4
4 63
24 2
1 60
39 20
37 36
40 4
58 2
2 58
52 4
62 4
28 4
47 2
42 5
7 4
63 4
64 63
64 30
63 64
30 64
65 30
65 23
30 65
23 65
66 23
39 66
23 66
66 39
66 67
67 66
67 24
24 67
68 24
68 20
20 68
24 68
24 69
33 69
69 24
69 33
69 70
70 69
71 70
70 71
70 72
72 70
72 73
73 72
73 74
74 73
75 74
74 75
74 76
76 74
77 76
76 77
76 78
78 76
79 78
5 79
78 79
79 5
79 80
80 79
48 80
80 48
81 48
81 80
48 81
80 81
82 80
80 82
82 5
5 82
5 83
50 83
83 5
83 50
84 50
74 84
83 84
84 83
5 84
50 84
84 74
84 5
84 85
85 84
85 86
86 5
5 86
86 74
86 85
74 86
74 87
87 74
87 86
84 87
87 84
86 87
86 88
88 61
61 88
88 86
89 88
88 89
88 90
90 88
