#qgen
35
306
1306
942
560
509
1705
666
535
252
1272
1532
1054
1700
1203
1997
2013
1660
143
143
1202
133
1625
1716
1909
1993
746
1850
497
1659
1210
1146
271
2046
1330
1139
128
0 1
2 1
3 1
4 3
1 5
6 1
5 7
5 8
9 3
3 10
3 11
5 12
13 4
14 3
8 5
1 15
7 5
16 3
7 12
16 17
18 10
3 4
3 16
19 3
17 1
20 1
3 21
3 9
20 9
22 7
15 1
1 23
2 24
1 0
17 19
23 3
3 18
25 9
3 14
1 6
24 2
22 17
26 24
1 8
18 3
7 22
23 1
5 1
3 27
2 0
28 1
26 2
27 3
23 9
24 26
8 17
1 17
3 23
8 1
19 17
1 22
25 3
1 12
10 3
4 14
17 22
1 20
0 2
9 23
11 3
29 1
1 3
21 3
12 1
2 30
1 29
28 29
4 13
2 26
3 20
14 4
17 4
9 25
1 25
3 19
17 8
11 17
3 13
1 28
1 7
3 25
22 1
9 20
20 3
17 16
25 1
30 2
1 2
7 1
31 1
12 7
12 5
4 17
1 31
29 28
17 11
13 3
10 18
32 10
18 32
10 32
32 18
32 33
15 33
31 33
33 15
33 31
12 33
5 33
33 5
7 33
33 32
33 12
33 7
34 33
12 34
34 5
5 34
