#query
64
A
G
F
G
K
K
Q
L
N
G
D
K
P
E
R
I
R
V
H
V
D
T
A
G
I
L
R
L
K
Y
R
P
P
N
S
F
R
A
H
F
T
I
A
T
N
S
G
V
E
H
D
P
V
R
E
I
A
V
A
R
V
E
T
H
256
1 0
0 2
3 2
4 1
3 5
6 5
4 7
6 8
6 0
9 2
10 5
11 3
8 4
10 12
6 13
14 4
12 1
4 5
15 7
15 16
10 0
6 2
3 17
8 12
15 1
18 11
18 19
20 13
13 1
8 9
11 21
9 22
12 23
4 0
11 22
16 21
18 24
25 2
26 0
14 2
20 17
4 23
27 15
28 22
24 29
10 20
23 30
31 6
31 21
25 32
33 32
27 30
27 25
23 2
25 34
35 7
0 23
19 36
11 19
37 21
35 38
37 3
7 30
18 34
17 25
8 28
4 13
39 35
37 11
17 40
3 6
39 41
3 12
27 38
35 42
2 34
15 43
19 32
20 4
44 41
39 42
3 4
44 28
45 20
17 46
47 24
27 31
30 19
48 2
25 19
39 44
47 25
34 19
9 49
50 28
39 51
52 47
27 48
24 2
36 33
5 23
37 29
14 46
27 50
53 44
54 49
30 55
18 37
53 35
24 7
26 45
37 32
15 22
50 9
53 25
56 2
57 33
39 58
27 0
37 22
54 58
37 24
31 44
56 4
15 31
42 2
43 34
3 30
34 29
8 53
14 38
17 56
59 7
18 22
41 7
52 60
15 41
29 33
47 57
31 22
29 32
24 42
13 5
52 51
39 56
11 34
27 14
61 18
2 7
17 53
41 38
44 9
53 28
37 35
15 10
6 44
37 50
14 56
40 53
9 41
39 49
62 51
3 9
17 42
24 33
33 63
15 6
21 9
3 15
46 42
49 58
37 2
39 4
39 48
47 51
61 35
56 7
60 24
11 29
41 19
15 17
62 58
31 45
10 16
16 9
54 41
52 61
39 2
38 13
62 57
40 35
49 35
25 38
8 0
19 57
16 45
6 4
16 28
27 44
42 38
37 25
8 38
53 9
10 28
10 31
17 2
37 7
18 57
11 30
54 38
47 35
18 7
3 34
27 41
13 0
24 57
47 29
40 42
6 1
17 14
46 40
8 50
47 19
45 13
39 38
22 25
16 8
59 25
28 41
43 63
19 29
5 43
55 32
27 12
3 43
46 54
15 8
59 56
19 55
18 25
42 56
17 35
8 13
27 35
15 30
27 2
3 7
31 50
3 10
11 27
15 0
15 5
7 36
18 50
18 49
29 57
