#query
58
E
I
E
I
E
A
F
G
G
K
G
E
N
I
I
H
S
I
A
Y
V
A
A
K
G
I
V
F
T
L
G
G
A
K
A
D
L
K
E
P
I
E
T
R
R
V
V
A
A
G
V
N
E
R
K
V
A
H
128
1 0
2 1
0 3
4 0
5 1
3 6
7 0
8 2
4 9
2 10
11 7
10 12
13 3
14 2
3 15
16 0
17 4
5 9
18 11
19 1
20 17
0 21
22 12
23 1
24 1
25 18
23 26
25 10
6 27
28 10
14 18
26 29
30 12
26 19
31 23
26 9
32 20
23 24
33 18
11 34
18 35
36 3
37 34
32 22
38 35
6 39
2 40
41 15
32 8
42 12
5 43
4 44
45 1
46 43
46 12
41 27
40 0
41 47
46 40
13 44
22 42
31 43
18 46
38 5
48 24
45 13
37 2
49 16
11 20
24 7
40 1
48 50
5 35
46 7
26 5
48 19
42 28
5 7
23 45
28 40
32 14
2 43
34 17
14 24
44 6
4 1
39 51
24 35
10 17
32 52
45 17
6 53
29 50
7 13
32 33
44 41
39 27
1 43
48 34
45 5
54 38
33 54
10 7
30 41
42 7
48 22
1 21
17 13
53 15
5 17
55 3
7 9
45 40
29 28
48 28
46 10
25 1
13 9
34 24
33 22
43 0
46 56
55 16
46 1
12 4
56 13
25 33
57 51
