#query
32
P
I
A
F
F
G
V
E
V
T
G
T
L
V
N
K
H
D
A
L
H
V
H
I
E
T
A
H
L
I
A
V
128
0 1
2 0
3 2
1 4
0 5
6 1
7 5
8 5
1 9
6 2
10 0
11 1
6 12
13 1
6 14
12 0
5 15
16 4
13 5
17 1
18 1
2 5
18 19
20 1
21 2
22 19
20 13
7 4
23 5
11 22
0 13
6 4
24 4
25 5
26 15
0 4
5 14
19 1
23 4
20 23
16 27
28 0
18 22
28 23
11 29
21 27
7 21
28 14
5 9
3 4
13 4
25 13
30 24
7 27
21 1
22 31
18 31
19 14
2 9
10 15
17 18
25 10
5 19
30 0
31 25
22 1
12 20
31 1
25 16
8 1
12 28
13 19
27 4
28 13
24 3
8 16
26 19
20 14
17 31
2 1
15 14
27 2
5 1
8 0
14 1
12 14
3 0
31 15
10 30
6 28
7 9
11 26
17 22
7 15
29 18
21 4
6 0
12 1
14 4
29 14
20 15
11 17
2 4
15 19
25 19
21 16
27 0
28 24
21 5
24 0
7 2
23 14
6 13
13 15
8 7
23 13
7 0
23 0
12 2
25 15
16 2
30 23
12 19
25 0
17 19
0 15
31 8
24 27
