#query
117
K
D
P
S
I
L
N
I
V
R
D
D
P
E
N
G
Q
S
G
K
G
A
F
A
A
E
L
F
E
H
T
E
E
G
K
A
R
A
T
H
R
T
E
A
V
H
T
G
V
K
R
L
R
G
L
P
V
R
V
P
A
I
E
E
V
I
V
I
V
F
S
G
G
L
V
L
P
P
K
P
G
H
I
R
K
A
A
S
L
V
K
I
V
I
A
Y
L
T
I
Y
N
G
V
R
P
V
T
I
D
T
T
T
L
V
R
I
A
256
1 0
2 1
2 3
4 2
5 1
6 1
1 7
3 8
4 9
10 8
3 11
4 12
13 7
14 12
4 15
16 14
7 17
6 18
5 9
4 19
4 20
11 16
13 21
5 22
23 7
11 24
11 15
24 19
25 22
5 26
5 10
24 27
11 28
16 12
29 28
5 30
31 25
32 30
33 23
11 34
35 27
6 24
6 34
17 36
37 22
13 38
5 39
19 27
40 0
41 38
42 36
22 43
44 38
45 39
4 1
44 41
8 46
9 47
10 47
17 48
49 38
50 35
7 51
42 52
53 38
21 41
54 43
36 55
24 20
5 34
4 40
13 56
33 47
6 47
57 12
58 44
59 37
60 51
41 61
29 27
49 62
8 12
43 60
58 63
60 34
15 19
40 6
26 55
45 64
4 8
65 35
10 11
4 29
25 7
66 55
10 0
18 31
8 29
7 27
28 19
5 8
67 31
16 6
12 19
66 56
68 41
40 14
6 8
33 26
54 52
69 35
5 23
38 70
71 37
72 9
33 19
45 7
66 39
50 60
73 38
74 54
75 73
58 76
4 16
57 15
66 69
29 24
77 72
78 36
79 64
80 25
55 81
82 69
18 22
83 56
84 5
33 16
85 36
86 33
87 31
16 27
88 25
82 60
89 72
90 72
91 66
46 74
86 26
72 92
8 24
37 93
74 94
59 90
66 38
45 69
73 43
46 80
46 29
56 55
76 48
58 95
65 81
7 21
96 72
44 61
5 6
27 26
97 45
98 95
74 64
54 53
47 23
99 36
44 100
101 31
95 100
65 29
102 67
96 37
74 103
104 70
105 54
58 70
66 64
69 26
13 79
8 18
18 51
7 56
37 79
6 28
52 51
78 70
13 61
40 106
33 83
89 107
23 51
58 108
78 61
59 109
88 64
99 104
108 76
18 93
45 79
98 48
47 83
77 109
11 8
97 41
45 17
10 6
13 53
32 27
45 110
18 87
101 107
90 9
45 99
62 53
111 91
51 56
8 22
22 14
22 60
20 83
83 61
54 79
112 68
113 107
43 65
4 34
82 100
91 61
5 12
2 16
17 56
74 29
62 104
68 73
54 114
16 50
115 31
97 66
12 20
34 30
64 116
6 14
5 24
105 73
46 25
89 113
65 27
68 70
71 59
