#qgen
62
41
1
64
67
201
188
167
96
55
182
105
153
95
108
232
200
94
202
245
166
39
128
223
171
74
118
95
125
231
76
191
97
107
180
49
245
40
201
114
35
132
186
89
177
81
196
147
71
177
136
81
110
119
60
74
145
188
35
173
22
19
209
128
1 0
2 0
3 2
4 2
2 5
2 6
0 7
8 1
9 1
0 10
11 8
12 2
1 13
14 0
15 2
16 5
1 17
18 1
19 2
1 18
2 20
0 21
1 22
0 1
2 23
2 24
2 25
26 0
2 27
28 18
29 2
30 1
1 31
27 2
32 21
9 22
1 33
34 32
35 1
2 36
32 34
1 8
0 37
22 1
2 12
4 16
7 0
2 38
0 39
22 8
34 2
40 2
10 39
22 9
41 2
2 42
2 43
0 14
2 29
25 2
44 30
1 45
11 46
1 9
5 2
8 11
46 47
13 18
8 22
33 1
2 46
42 5
2 48
2 49
47 46
6 2
50 0
10 0
1 44
1 35
21 32
39 10
16 2
4 34
23 2
51 1
0 52
46 27
31 1
53 2
54 2
1 28
47 2
2 55
2 56
2 57
44 1
2 40
39 0
50 39
57 2
2 58
16 4
18 13
34 4
59 2
56 2
9 8
42 4
24 2
30 44
60 2
2 3
61 2
2 61
0 26
5 16
2 60
59 47
27 46
17 18
2 34
0 2
2 47
21 50
2 53
58 2
0 32
