#qgen
92
128
214
150
209
97
19
5
40
177
101
109
20
142
44
157
256
131
196
18
102
150
242
182
47
216
242
240
203
74
148
228
96
115
239
215
50
251
82
200
13
77
90
156
249
79
146
41
241
217
224
137
191
162
176
144
28
176
30
253
139
152
177
20
202
84
145
153
170
195
46
42
73
129
173
110
110
174
81
233
246
53
91
41
182
50
52
124
212
143
49
211
229
256
0 1
1 2
3 2
4 1
2 5
6 2
6 7
2 8
8 9
1 10
11 7
12 9
8 13
2 14
15 2
16 7
17 7
17 18
18 19
20 16
7 21
22 18
14 23
7 24
14 25
26 18
19 27
28 6
29 20
2 25
20 22
16 30
3 31
25 8
20 24
18 26
32 24
33 16
22 34
22 27
18 22
8 35
22 24
36 7
14 37
38 26
27 26
39 27
27 40
24 41
42 22
43 42
21 16
44 4
9 23
32 45
46 27
40 45
47 43
48 18
45 43
49 24
35 50
51 49
43 41
19 52
21 53
54 27
55 38
6 56
23 14
57 8
29 18
45 58
20 32
30 43
29 49
7 59
21 58
19 60
61 37
1 62
32 19
6 63
23 5
29 55
46 45
47 38
24 43
42 47
7 45
21 26
20 58
64 47
21 42
16 32
16 45
46 47
47 49
5 28
57 65
51 7
16 46
18 43
65 2
32 41
57 66
42 32
41 58
38 20
3 67
27 68
40 20
47 20
49 30
24 38
2 69
26 48
66 15
26 41
21 19
20 30
59 70
39 41
51 16
20 41
2 71
42 27
16 64
53 72
46 30
70 14
6 73
74 53
27 55
68 7
29 39
26 72
60 41
21 32
64 53
46 55
75 64
19 43
16 33
39 29
44 76
18 53
33 7
71 6
58 43
40 24
24 74
41 60
16 74
41 40
42 8
18 34
29 19
23 77
70 12
78 1
35 79
18 46
57 80
16 29
22 42
27 31
41 43
71 14
62 76
60 36
7 81
82 56
5 23
20 74
27 41
51 74
33 51
35 66
66 1
26 38
12 57
43 24
43 18
24 46
49 16
65 25
41 46
32 42
67 83
2 83
53 32
41 33
46 18
29 60
63 84
74 40
59 7
39 51
2 23
7 26
85 23
81 7
15 3
64 26
26 58
40 29
26 22
69 8
49 18
23 72
38 51
39 26
76 62
3 15
86 2
66 14
27 51
60 43
49 60
49 26
60 45
27 38
62 12
8 86
87 7
88 8
75 60
18 41
89 56
83 67
21 41
24 20
7 48
90 23
58 60
33 30
6 57
32 20
45 51
43 20
46 58
27 60
69 57
53 42
38 29
90 66
3 71
8 91
58 41
58 64
46 33
40 30
55 24
72 53
