#qgen
52
9
2
212
216
9
86
26
226
187
215
178
224
158
177
112
43
211
198
188
196
222
110
152
92
136
131
13
31
55
71
185
17
241
195
195
256
124
3
127
200
113
183
141
255
203
199
65
123
55
114
138
235
128
1 0
2 1
1 3
4 1
0 5
6 3
3 7
8 2
9 2
0 10
8 11
10 12
9 13
0 14
15 7
2 11
12 10
16 1
0 17
14 18
19 8
6 20
21 15
22 20
7 23
18 16
24 5
15 22
25 8
13 14
26 0
27 1
9 28
11 29
22 15
25 11
7 11
11 6
30 0
21 23
13 6
31 20
16 32
9 1
23 31
33 5
22 7
27 13
9 14
34 8
22 8
0 8
35 22
6 36
37 35
24 4
1 17
6 31
38 37
15 13
33 39
2 0
18 40
9 16
30 14
9 40
39 41
37 38
22 42
0 43
23 30
32 1
44 25
45 11
46 5
20 31
47 22
32 16
34 6
5 33
1 48
25 21
5 47
47 31
49 0
39 4
2 15
17 1
40 13
2 8
20 50
26 11
3 49
9 45
32 40
23 32
25 27
50 30
34 21
37 14
34 36
13 36
22 18
22 30
0 3
42 38
11 45
31 23
15 39
23 22
25 0
18 36
47 11
49 6
14 21
41 13
13 20
21 20
18 39
1 2
29 51
32 8
14 40
4 0
23 47
43 10
25 31
15 42
