#qgen
112
8
47
255
194
210
181
189
33
172
35
212
110
236
251
90
133
242
28
100
206
141
17
249
256
42
175
117
241
139
236
108
96
179
4
93
196
92
175
253
170
107
50
131
225
87
203
110
47
112
213
240
78
100
81
127
195
225
240
35
19
40
150
140
30
141
49
213
208
201
7
235
25
193
12
163
225
215
127
214
139
251
81
122
127
123
82
161
24
125
110
138
200
247
97
211
69
104
157
242
252
150
93
114
142
8
181
36
77
151
206
209
187
256
1 0
2 1
2 3
0 4
4 5
6 4
2 7
7 8
9 0
10 0
10 11
9 12
13 5
7 14
7 15
12 16
0 10
17 6
4 9
18 12
19 10
20 1
5 21
4 22
7 23
1 10
23 7
12 18
10 24
5 25
26 7
7 27
19 28
24 6
7 29
30 10
1 2
31 16
32 7
1 28
33 21
11 7
28 34
5 35
7 0
7 33
36 2
4 0
21 33
7 37
34 33
10 38
8 7
28 4
39 29
33 40
31 5
41 7
20 42
1 43
36 11
44 6
45 7
42 9
46 10
29 47
7 48
12 22
13 49
31 39
22 50
9 51
7 52
10 53
28 36
7 54
1 55
56 42
7 57
33 58
7 59
7 40
60 8
53 29
9 10
7 61
62 20
26 39
28 63
64 8
29 53
65 7
37 28
5 31
30 0
9 7
1 56
7 66
55 1
26 67
5 58
40 33
37 6
9 33
14 7
1 38
36 37
68 8
69 68
5 70
7 71
7 72
9 28
73 29
74 1
68 75
2 76
47 33
54 26
42 63
7 49
9 77
7 78
1 11
23 45
7 36
8 79
28 56
16 31
80 9
81 8
37 38
7 82
28 37
71 7
31 83
33 73
5 84
85 5
33 86
36 7
87 9
11 1
69 49
88 6
5 89
49 90
29 7
0 19
56 12
10 6
7 90
50 1
56 10
7 65
33 50
77 48
82 31
91 9
38 9
7 41
92 64
83 7
15 34
25 90
29 39
56 7
9 93
94 56
50 12
56 6
7 32
95 2
19 7
96 5
61 7
72 10
2 97
93 33
34 10
30 28
1 24
56 38
63 36
15 92
98 4
99 13
100 9
77 56
7 2
1 72
84 5
37 1
8 68
63 38
73 33
101 4
86 5
7 55
73 1
38 63
11 10
8 60
102 64
56 77
20 62
48 7
9 91
33 92
4 103
1 104
16 9
105 5
49 68
7 106
38 56
1 6
56 107
108 7
90 68
1 63
106 7
5 105
4 98
79 33
1 34
107 56
68 90
6 37
109 5
34 1
43 1
33 108
10 9
1 4
102 24
4 28
82 7
9 4
56 110
10 33
5 96
33 7
82 29
1 36
67 26
12 63
30 1
90 15
56 94
1 30
20 107
7 56
6 10
111 33
63 1
