#qgen
122
216
204
177
216
31
241
230
192
74
121
63
154
16
27
66
11
173
8
176
241
141
243
194
131
65
47
185
216
206
125
38
156
16
137
204
72
245
71
37
74
25
221
70
5
239
174
208
71
74
244
133
19
242
67
207
213
17
10
54
88
251
72
99
69
152
184
86
249
190
187
227
191
221
150
207
151
128
45
26
239
220
140
255
88
124
47
27
232
5
136
133
113
99
31
19
10
99
243
144
150
40
166
199
185
34
18
16
189
24
113
105
56
24
195
167
42
20
212
36
66
57
28
256
1 0
2 1
2 3
4 2
5 2
2 6
7 1
2 8
9 2
10 2
2 11
12 2
13 2
14 2
15 2
2 16
2 17
18 2
2 19
20 2
21 17
2 22
23 2
2 24
2 25
26 2
20 27
2 10
20 28
29 2
2 13
2 30
2 31
25 32
2 33
2 26
2 34
2 35
36 2
1 7
37 2
38 2
39 2
40 2
2 41
42 2
2 43
2 44
2 45
2 46
47 20
2 40
2 48
2 49
50 2
24 2
51 22
52 2
41 2
53 2
54 41
47 55
56 49
2 57
58 28
2 59
2 60
2 61
62 2
63 2
2 64
2 65
2 63
28 20
50 66
67 2
2 68
69 54
70 2
71 2
2 72
73 2
55 41
2 74
22 51
75 2
76 2
77 2
25 54
2 78
2 79
80 2
54 81
2 82
37 25
81 28
2 83
42 56
41 54
3 69
84 2
85 47
47 86
87 2
88 2
51 39
2 23
45 65
29 48
89 2
90 2
41 84
2 12
2 88
53 91
28 92
93 2
31 2
2 94
2 89
30 2
2 56
92 47
95 2
2 96
54 2
2 54
94 2
97 2
2 98
2 99
47 53
2 69
95 91
11 2
25 28
54 39
66 2
65 2
92 2
2 100
58 65
21 2
2 5
2 38
47 2
54 69
39 54
47 58
2 84
2 101
74 2
2 102
103 94
65 104
56 2
102 2
2 105
94 103
2 51
46 2
2 50
81 54
99 2
2 21
106 2
2 107
55 47
47 92
108 2
35 2
100 91
68 2
109 47
2 110
41 28
2 4
2 90
96 2
2 77
2 91
22 73
111 2
109 2
20 47
112 2
86 91
2 32
113 25
85 91
19 2
2 27
2 106
2 114
110 2
2 111
25 48
115 2
2 29
83 2
2 58
49 2
34 2
92 28
113 2
28 116
117 2
28 39
96 32
2 20
41 55
94 56
28 58
17 2
69 2
81 2
48 29
27 2
6 91
118 2
43 2
104 65
55 2
64 2
2 119
91 95
104 2
47 85
6 2
25 37
86 2
53 28
2 120
49 56
16 2
48 25
69 3
1 2
28 2
51 2
2 52
2 66
121 2
41 47
44 2
39 28
2 42
2 115
2 116
41 104
28 49
57 2
49 28
2 85
47 54
65 58
