#qgen
118
71
178
201
152
93
138
97
93
156
8
19
124
224
97
235
181
70
41
256
208
2
126
137
38
81
54
2
180
37
217
221
245
106
101
9
157
171
249
226
181
134
177
69
167
18
60
85
146
55
91
244
177
160
191
89
252
167
111
141
56
62
55
130
249
147
121
188
188
252
87
247
79
183
82
146
157
235
26
238
80
17
56
163
138
26
183
111
244
45
33
95
152
245
24
131
44
180
38
72
40
224
224
163
193
176
165
74
210
81
126
155
76
75
148
245
96
28
88
256
0 1
0 2
2 3
1 2
2 4
5 4
5 6
2 7
8 2
8 0
9 6
2 10
5 1
0 11
5 2
8 12
13 2
6 9
10 8
4 6
14 13
15 2
13 16
17 14
18 7
2 19
13 20
21 16
22 12
23 17
16 24
25 13
0 8
6 26
27 14
13 28
6 29
14 30
25 17
31 14
17 32
30 13
33 31
34 22
14 35
36 12
17 37
28 38
39 17
6 40
41 3
30 14
13 42
32 25
43 13
44 17
45 31
43 38
27 13
7 18
46 30
8 47
25 48
31 45
28 13
14 49
9 50
51 17
2 52
53 51
13 54
30 55
32 14
56 10
17 57
10 0
17 58
59 7
39 58
8 60
38 13
58 61
32 62
27 36
31 48
63 6
13 39
58 17
56 2
31 64
65 32
43 66
54 67
68 14
69 27
53 13
55 54
54 70
61 71
69 61
72 53
10 73
31 39
48 13
39 14
11 74
14 75
76 69
14 31
13 23
7 32
77 38
12 22
61 78
79 14
80 65
2 8
78 31
17 39
11 5
14 24
10 81
72 82
13 83
84 30
85 29
28 51
20 39
32 17
38 20
16 38
83 13
51 38
3 84
76 36
7 86
87 13
12 2
6 88
38 53
42 13
89 13
17 51
20 38
90 10
60 91
17 16
13 51
21 53
67 71
14 92
93 65
62 2
94 13
95 7
39 87
72 77
88 40
13 77
40 15
13 27
34 61
43 69
96 85
43 78
17 97
26 6
2 62
21 72
13 78
98 40
56 90
99 25
12 61
100 13
69 43
2 73
60 40
101 98
36 27
32 86
14 68
42 17
39 78
67 36
42 31
17 102
31 57
69 14
103 36
2 90
39 33
14 104
67 54
33 39
6 4
13 105
70 54
32 7
55 46
106 2
71 107
28 30
31 78
6 108
88 69
109 14
110 8
33 51
14 32
58 44
54 13
39 42
13 111
1 0
33 14
61 69
17 27
2 0
13 25
112 6
2 113
67 69
19 56
87 61
21 99
114 29
115 3
57 13
84 45
65 80
75 14
87 36
17 116
72 0
55 65
14 55
35 14
93 84
0 72
66 43
87 39
70 13
87 17
85 79
45 13
103 61
52 85
45 84
84 63
0 4
92 69
107 71
67 76
117 14
46 55
