#qgen
109
161
119
146
79
25
135
56
253
208
105
199
138
120
53
84
231
35
1
213
20
4
32
69
78
252
120
215
60
245
107
106
188
226
143
141
182
34
33
98
252
229
204
168
35
151
37
91
8
30
140
11
129
116
5
74
95
59
206
51
173
6
149
201
186
239
64
227
149
44
241
157
239
238
219
215
6
142
9
240
1
81
233
213
145
169
1
150
4
52
9
109
55
47
123
213
7
197
108
19
216
50
1
68
227
113
11
159
254
227
256
0 1
1 2
0 3
1 4
1 5
6 2
2 6
1 7
2 8
1 9
6 1
10 1
11 1
12 1
13 1
1 6
14 11
15 13
11 16
17 1
18 1
19 1
1 20
21 14
22 13
23 1
13 15
1 24
25 4
22 19
23 26
22 27
28 4
28 29
30 0
25 16
28 23
25 31
28 32
33 13
33 34
13 35
34 36
37 16
32 38
39 16
30 40
31 41
42 14
25 32
2 9
29 43
38 44
45 7
18 46
47 23
28 24
1 48
49 28
0 50
51 41
52 25
41 53
8 39
22 54
47 55
46 53
11 19
56 32
35 57
35 58
32 59
60 2
61 33
44 6
1 62
7 53
1 63
54 53
54 31
33 32
64 1
19 48
65 29
66 19
56 67
7 51
1 68
61 0
69 57
1 70
71 59
27 72
64 66
7 56
1 14
54 73
53 1
74 18
75 31
63 76
77 2
16 32
78 1
67 77
79 29
34 7
6 43
33 68
22 2
57 69
18 64
64 14
16 54
1 74
42 80
13 81
12 15
56 51
15 82
7 14
83 63
10 16
46 52
67 56
28 84
56 59
52 43
71 35
13 23
41 19
32 85
24 28
77 46
55 47
22 52
19 86
1 87
33 60
88 1
8 33
89 28
25 42
29 87
90 71
28 37
17 28
7 41
52 76
46 6
91 28
1 81
86 1
55 64
77 56
1 92
64 18
45 42
52 65
1 80
1 51
8 28
93 41
28 50
1 90
42 28
92 94
85 23
32 80
63 33
85 28
63 83
7 77
1 95
25 52
2 85
31 72
56 61
42 19
22 64
1 56
96 90
27 57
21 7
55 97
46 18
21 11
7 11
33 1
98 1
33 15
5 48
87 16
1 17
43 97
99 20
54 32
47 42
97 67
100 9
26 19
25 64
2 7
33 80
101 28
33 56
80 52
2 35
85 27
47 7
43 31
31 53
7 76
25 1
55 56
1 39
28 83
65 1
33 14
100 34
7 47
33 81
102 60
31 71
41 92
87 32
29 0
103 16
35 18
74 87
32 33
104 50
25 19
67 47
105 22
94 86
22 33
16 11
95 1
82 106
28 69
52 42
87 28
70 43
60 72
19 63
87 54
44 18
28 49
62 1
1 67
44 46
50 104
107 74
97 16
28 108
