#qgen
58
243
52
12
82
64
225
158
250
171
103
250
6
11
49
107
14
44
137
60
251
232
84
237
77
100
203
28
174
241
240
69
89
51
79
150
120
110
207
43
180
158
185
129
210
201
176
94
183
255
248
253
36
244
201
209
57
197
250
128
0 1
1 2
0 3
2 3
4 1
4 5
6 4
4 7
4 8
9 4
10 1
4 11
4 12
4 13
14 8
14 10
4 9
15 4
13 16
17 4
4 18
19 4
8 18
7 4
20 4
14 4
4 21
22 4
4 23
4 15
24 14
25 4
10 14
14 26
3 0
27 24
4 28
12 29
4 30
6 18
31 4
4 29
16 32
33 4
24 13
18 14
34 4
35 20
4 36
4 37
29 4
38 4
23 4
4 14
39 18
4 40
10 4
38 41
41 4
23 24
4 32
4 42
28 4
17 24
39 24
43 4
16 44
3 4
1 0
29 45
14 27
46 4
4 46
42 4
47 21
24 17
4 48
4 49
14 18
4 44
32 4
2 1
50 15
24 51
4 38
18 6
52 41
15 39
44 4
16 4
18 8
29 14
14 29
34 53
50 4
6 14
4 54
4 6
13 24
4 27
3 2
4 55
14 53
4 53
56 14
56 4
41 38
18 51
29 12
6 56
50 47
27 45
56 6
15 18
17 15
15 17
4 43
28 14
11 4
26 14
50 51
45 27
4 39
16 13
20 35
14 42
3 57
51 50
