#qgen
61
132
189
439
561
600
58
742
422
526
635
619
615
477
57
438
86
882
40
894
465
606
68
328
772
729
116
566
673
509
652
626
670
303
739
601
76
700
742
860
606
877
7
140
779
948
532
548
421
656
205
477
953
285
30
247
887
699
891
995
430
422
64
0 1
1 2
3 2
4 1
5 1
2 6
7 3
8 1
9 2
7 10
1 11
12 3
8 3
9 13
13 14
15 12
6 16
10 17
13 18
11 13
7 19
10 20
21 13
13 10
12 22
23 10
24 6
10 25
26 10
27 6
28 20
29 13
19 30
31 20
32 31
33 32
26 9
25 34
10 35
25 36
13 37
38 10
34 39
31 40
41 33
42 35
43 20
39 44
11 45
46 10
47 25
48 25
33 49
50 10
41 51
10 52
53 34
53 54
55 33
56 49
11 57
58 15
32 59
60 51
