#qgen
60
627
515
1022
175
439
499
264
251
960
124
218
712
803
764
202
88
1017
326
947
626
550
343
231
333
858
728
760
594
627
863
215
6
194
24
777
327
171
233
434
58
575
98
523
15
471
845
439
902
990
960
236
953
674
592
146
1010
79
341
395
916
64
0 1
1 2
1 3
4 1
2 5
6 1
7 1
8 6
2 9
1 10
11 4
12 1
13 11
11 14
14 15
16 15
13 17
15 18
14 13
8 19
14 20
3 1
21 1
22 4
23 17
24 8
25 22
26 22
22 27
28 22
12 29
30 13
31 1
32 18
33 22
34 22
35 25
36 8
37 22
15 14
38 14
15 39
20 17
39 40
41 26
32 14
40 42
43 13
44 39
45 22
18 46
22 47
48 22
22 49
50 23
8 51
52 22
22 53
54 46
11 55
56 12
57 13
58 20
59 13
