#qgen
116
627
515
1022
175
439
499
264
251
960
124
218
712
803
764
202
88
1017
326
947
626
550
343
231
333
858
728
760
594
627
863
215
6
194
24
777
327
171
233
434
58
575
98
523
15
471
845
439
902
990
960
236
953
674
592
146
1010
79
341
395
916
157
538
479
585
92
111
239
30
983
916
927
631
662
923
334
454
532
261
747
689
737
279
672
411
998
71
886
866
787
694
514
284
185
519
489
421
381
433
720
1019
342
20
494
571
262
256
106
614
684
106
252
868
810
936
387
900
128
0 1
1 2
1 3
4 1
2 5
6 1
7 1
8 6
2 9
1 10
11 4
12 1
13 11
11 14
14 15
16 15
13 17
15 18
14 13
8 19
14 20
3 1
21 1
22 4
23 17
24 8
25 22
26 22
22 27
28 22
12 29
30 13
31 1
32 18
33 22
34 22
35 25
36 8
37 22
15 14
38 14
15 39
20 17
39 40
41 26
32 14
40 42
43 13
44 39
45 22
18 46
22 47
48 22
22 49
50 23
8 51
52 22
22 53
54 46
11 55
56 12
57 13
58 20
59 13
32 60
56 61
42 62
22 63
64 60
22 65
33 66
67 17
37 68
69 59
17 70
71 20
13 72
73 15
74 26
72 75
76 42
77 51
78 23
79 12
80 8
69 81
15 59
82 38
22 83
84 12
42 85
86 22
72 20
70 87
34 88
66 89
90 64
74 15
12 91
62 92
93 37
55 94
85 95
96 92
43 72
97 14
22 98
99 55
100 22
66 55
101 49
81 102
103 22
87 104
105 91
59 26
106 71
107 8
74 108
95 109
15 70
27 110
111 22
26 112
17 62
113 67
11 114
94 115
