#qgen
118
84
971
664
224
337
693
388
52
772
342
687
93
708
234
12
588
842
658
37
858
520
104
827
15
710
609
551
522
881
393
939
862
220
140
306
49
988
687
720
853
168
973
847
734
904
79
6
52
180
291
549
819
700
558
124
533
93
121
839
720
449
812
414
52
328
569
607
65
713
205
541
635
567
521
176
132
745
209
679
930
900
875
532
800
694
413
92
465
123
750
252
544
365
7
148
279
740
369
496
571
780
434
68
112
6
980
632
1004
461
577
630
1001
293
939
557
333
49
244
128
0 1
1 2
3 1
3 4
5 1
5 6
5 7
8 5
6 9
10 6
11 5
5 12
5 13
14 5
15 12
16 13
17 8
12 18
16 19
20 7
21 16
22 21
23 20
24 3
3 25
3 26
21 27
28 19
29 12
30 18
31 19
8 32
28 33
34 33
35 19
33 36
22 37
37 38
21 34
39 12
28 40
41 40
42 27
43 3
44 19
20 45
41 46
42 47
48 44
34 49
50 13
32 51
52 34
51 53
36 54
38 55
54 56
25 57
58 19
19 59
60 50
54 50
61 27
46 62
54 63
56 64
65 41
66 27
67 58
68 7
42 69
70 38
71 5
72 16
73 41
74 33
75 42
76 34
27 77
78 38
13 79
40 64
80 3
61 81
82 37
56 83
36 84
85 36
13 5
60 86
87 56
88 77
48 89
5 90
60 91
36 63
83 92
58 22
93 67
94 72
31 95
96 31
97 27
92 34
98 46
80 99
76 100
101 93
22 102
3 103
104 44
33 105
106 52
47 107
107 108
109 94
110 8
47 111
50 34
16 106
112 8
98 113
109 114
86 65
103 115
113 67
116 98
92 117
