#qgen
60
376
542
832
717
886
430
414
140
359
780
123
858
279
751
812
93
124
632
626
38
567
751
49
253
811
750
491
390
225
209
777
549
13
904
437
324
164
938
875
244
65
740
973
1015
378
997
732
344
470
127
959
9
569
323
644
587
176
562
839
830
64
1 0
2 1
1 3
1 4
5 2
1 6
6 7
7 8
7 9
10 7
6 11
8 12
7 13
14 12
15 7
6 16
13 17
9 18
19 12
14 20
17 21
16 22
11 23
20 24
13 25
10 26
27 1
1 23
28 12
29 25
7 30
30 29
14 31
10 32
33 11
11 28
34 14
35 1
36 1
37 36
28 38
15 39
20 40
41 1
13 42
36 43
11 44
4 45
11 46
38 47
34 48
49 2
50 29
11 51
52 42
19 10
39 25
48 53
11 54
55 49
56 40
57 16
58 50
59 14
