#qgen
62
774
994
145
784
971
324
844
900
876
668
762
303
452
339
975
914
135
294
559
632
201
522
128
128
79
779
269
462
732
150
398
1018
628
300
843
187
362
56
159
414
873
782
448
906
769
913
205
261
282
569
69
996
388
92
934
417
259
1023
943
508
760
338
64
0 1
1 2
1 3
3 4
5 1
4 6
4 7
8 4
9 5
7 10
11 4
12 4
13 4
14 6
15 12
14 16
17 9
18 10
14 19
7 20
14 21
22 20
19 23
24 3
3 25
3 26
27 21
19 28
9 29
30 14
19 31
7 32
27 33
34 33
18 35
32 36
20 37
37 38
39 19
9 40
27 41
42 40
43 25
3 33
44 18
19 45
46 41
47 42
48 44
49 33
50 10
51 28
33 52
51 53
54 35
37 55
56 54
57 23
18 58
59 14
53 56
60 52
61 25
56 44
