#qgen
237
105
398
971
735
141
705
1014
971
934
679
535
208
13
309
1015
359
993
857
92
242
760
911
652
868
255
781
632
416
593
4
232
323
269
704
352
374
417
896
715
745
49
373
844
33
277
126
448
219
201
652
710
625
331
991
529
154
531
556
864
989
569
92
340
589
769
256
369
459
1000
346
943
311
762
535
567
517
687
77
483
438
91
256
898
564
679
559
191
527
967
383
842
918
282
383
501
49
996
657
651
18
902
599
427
370
460
954
595
720
233
769
608
724
25
996
442
736
593
653
607
667
904
741
110
436
89
683
306
426
47
779
417
628
446
632
658
769
169
755
768
185
853
444
635
262
793
1024
185
643
414
522
65
31
767
720
708
250
988
403
393
732
534
613
906
855
122
136
916
164
227
346
215
908
324
256
590
386
81
626
959
304
98
904
112
250
329
458
69
83
355
491
432
300
873
576
933
388
174
349
517
631
109
632
160
997
533
1003
533
649
434
139
35
228
884
888
113
796
257
809
974
220
821
705
861
985
93
631
963
425
511
548
952
732
259
861
184
234
428
256
0 1
0 2
3 0
4 0
1 5
5 6
5 7
8 2
2 9
2 10
5 11
12 8
13 12
14 12
15 2
16 0
17 12
18 12
16 19
20 13
10 21
22 12
23 12
17 24
12 25
15 26
26 27
28 19
29 12
13 30
31 12
27 32
33 24
24 34
35 2
36 0
23 37
37 38
39 12
40 35
4 41
42 2
30 43
2 44
45 42
46 43
3 47
48 35
49 34
2 50
32 51
52 5
53 38
54 12
55 52
12 56
2 57
58 52
59 55
60 35
61 27
27 62
62 32
63 13
64 12
42 65
66 16
67 60
39 68
69 50
70 55
71 54
72 61
39 73
61 74
75 61
37 51
70 76
46 77
78 12
77 79
13 80
27 81
82 56
45 83
26 32
84 80
48 85
16 66
75 86
80 12
62 87
88 30
61 89
90 2
53 91
92 32
32 93
48 94
94 95
9 96
97 32
98 70
95 99
100 89
54 101
80 102
103 37
49 104
105 37
106 61
107 49
65 108
107 109
20 110
13 111
112 32
13 113
114 83
115 60
116 5
117 111
118 34
119 48
120 76
39 121
5 122
123 5
124 84
69 125
120 3
126 97
119 127
96 128
95 129
106 130
45 131
70 132
29 133
134 113
131 135
136 118
51 45
76 137
138 115
139 70
104 140
141 20
98 142
70 143
144 98
145 112
67 146
147 5
35 148
24 75
101 55
45 149
35 150
14 151
139 152
43 153
148 154
131 155
156 12
112 157
158 107
70 159
160 46
157 161
56 50
129 42
131 162
163 107
164 142
165 106
42 166
105 167
168 144
169 3
35 170
96 171
141 172
122 173
174 111
13 175
176 166
13 177
70 178
179 33
180 40
60 178
181 88
182 35
183 41
112 184
184 185
186 185
23 187
52 188
185 189
88 190
191 108
192 157
193 37
194 93
96 129
93 171
37 195
76 196
101 197
81 119
12 198
199 71
36 68
200 148
201 96
27 202
203 177
204 0
68 205
170 26
68 206
207 186
70 208
209 124
112 210
70 211
212 125
213 148
140 214
124 215
216 48
217 61
218 89
95 119
219 184
5 220
221 6
20 222
94 223
224 126
119 178
225 114
96 9
226 175
227 67
125 228
224 229
49 230
129 231
232 70
83 233
234 0
235 60
236 184
