#qgen
248
936
176
236
539
523
605
48
859
161
196
422
739
846
1006
860
916
88
179
466
461
704
348
876
113
462
361
444
948
941
491
262
980
443
465
901
484
210
572
91
616
635
667
891
201
686
108
884
604
999
938
518
564
614
709
139
349
922
61
248
928
808
253
797
134
94
419
223
702
139
971
292
422
673
849
383
49
994
693
399
479
578
490
989
419
589
454
630
690
684
777
174
479
748
355
787
475
921
223
562
878
158
877
315
558
907
1010
617
211
61
635
805
337
865
78
314
485
15
108
169
15
27
486
691
708
712
1007
139
1000
795
19
474
234
1012
711
584
595
534
128
810
828
464
588
268
257
930
173
317
507
819
924
192
242
438
1004
328
881
865
247
379
191
568
181
295
234
536
573
354
399
367
897
855
653
95
387
399
511
184
297
759
665
67
559
230
276
580
576
1002
146
148
360
867
218
45
55
817
619
433
434
283
142
727
940
989
347
683
320
364
387
308
866
295
586
641
390
30
185
880
660
997
263
437
98
970
953
32
68
787
1009
684
916
87
453
753
326
86
67
344
229
996
459
636
117
707
951
556
663
461
545
256
0 1
1 0
1 2
3 2
3 4
5 3
2 6
7 2
6 8
9 2
3 10
11 8
12 3
11 13
3 14
3 15
2 16
17 3
10 18
19 13
12 20
21 3
2 22
10 23
23 24
25 6
26 10
27 19
28 23
29 3
10 30
3 31
19 32
2 33
23 34
3 35
26 36
32 37
10 38
39 19
3 40
26 41
10 42
19 43
19 44
45 17
46 35
26 47
48 45
11 49
26 50
37 51
43 52
53 31
10 54
55 46
56 2
57 52
35 58
59 55
3 60
2 61
3 62
53 63
64 2
65 53
66 60
67 53
68 52
19 69
35 70
58 71
2 49
72 53
30 73
48 74
19 75
10 76
77 10
12 78
79 48
80 57
81 77
82 26
83 26
84 10
85 3
35 86
87 3
88 52
35 23
10 89
53 90
91 30
84 92
56 93
94 10
95 79
49 96
97 83
12 98
91 99
66 100
101 13
102 61
10 103
78 104
2 105
35 106
107 2
108 23
106 109
83 110
19 111
30 112
113 10
49 114
45 115
116 55
53 117
2 118
106 119
120 68
121 68
45 19
62 122
123 37
124 49
125 54
108 126
38 127
90 128
106 129
130 3
131 117
132 58
26 133
134 98
61 135
67 136
137 103
138 106
139 58
140 61
141 140
142 106
92 143
61 52
12 144
26 145
123 146
147 12
148 3
149 67
150 110
151 35
152 10
153 10
98 154
155 88
156 147
151 157
46 158
159 112
160 3
35 161
45 162
39 163
164 156
165 123
127 166
108 167
168 94
169 49
170 35
171 95
172 10
173 152
174 2
38 175
176 10
158 177
178 58
23 179
180 63
32 181
61 182
98 183
184 52
8 185
186 26
187 49
188 3
188 79
7 189
10 190
123 191
57 192
57 129
193 117
194 30
35 175
59 195
149 196
197 98
198 110
67 199
113 200
99 201
69 202
203 177
117 204
57 67
53 205
168 206
207 157
101 208
45 209
210 58
177 211
212 53
213 106
26 214
62 215
3 216
45 217
92 218
164 219
117 220
221 182
90 222
223 173
3 224
225 191
121 226
117 227
228 101
226 229
230 45
231 229
232 90
19 233
234 145
235 177
90 236
102 237
238 115
239 220
240 158
211 241
187 242
242 243
244 91
221 245
72 246
247 101
