#qgen
233
491
431
910
193
323
38
225
724
175
529
912
580
188
736
871
1017
532
717
934
987
267
268
507
973
884
378
28
682
28
1022
876
373
980
892
38
691
362
808
551
828
827
735
833
514
914
996
909
594
339
491
878
514
865
735
493
699
754
172
551
568
802
831
800
57
260
850
519
45
619
969
416
861
273
998
652
149
346
512
346
694
903
150
489
444
887
109
584
230
338
397
950
556
537
550
169
929
907
830
110
768
384
554
663
888
472
1012
781
193
685
577
630
137
77
507
243
740
520
1024
964
637
629
53
77
933
454
612
736
877
142
252
604
540
919
423
991
720
646
78
576
291
56
373
670
727
852
797
962
956
136
480
387
729
28
546
584
530
487
676
283
531
712
804
886
454
556
687
190
462
587
278
533
171
231
335
630
338
192
1014
1023
182
861
344
145
909
510
357
467
545
732
415
782
448
438
229
339
427
547
438
546
339
840
200
264
1024
577
146
457
949
97
45
322
991
60
740
178
633
814
951
818
736
94
437
218
66
975
1019
66
531
376
221
750
437
176
256
0 1
0 2
1 3
0 4
5 2
6 5
2 7
8 6
9 8
10 3
11 3
12 8
2 13
14 10
15 3
14 16
3 11
9 17
10 18
4 13
18 19
20 9
21 15
22 21
14 23
20 24
25 14
26 22
27 14
24 28
29 22
30 15
31 2
5 32
18 33
15 34
4 35
36 26
37 10
4 3
3 38
15 39
40 18
7 41
14 42
43 33
34 44
45 15
46 45
9 47
48 19
42 49
50 18
14 51
52 42
53 41
54 4
22 34
54 43
34 55
18 56
57 40
10 58
21 59
60 44
43 61
48 62
63 52
40 64
4 65
66 54
40 67
33 68
33 69
43 70
48 71
10 72
73 22
3 74
10 75
76 39
77 39
78 75
66 79
80 48
63 81
53 82
83 54
15 84
85 40
86 17
87 41
13 88
88 31
89 71
76 90
32 5
91 54
92 62
93 55
65 94
54 61
14 95
9 96
97 92
98 82
99 82
99 100
10 101
102 87
103 10
104 57
22 105
106 3
40 107
108 92
109 95
110 107
58 111
112 108
113 46
84 114
61 115
62 92
116 107
40 117
42 118
118 119
120 107
118 121
122 75
123 70
70 124
125 90
126 77
55 127
54 128
40 111
129 54
62 130
125 131
68 132
117 133
26 84
70 134
135 30
125 136
40 137
15 138
139 59
35 38
75 140
134 141
142 94
120 143
120 144
145 120
146 36
118 147
107 148
22 149
150 54
31 102
151 92
131 152
153 100
154 134
155 40
129 156
157 42
158 99
131 159
105 160
161 90
162 159
163 14
164 106
165 144
54 166
167 116
54 168
169 89
34 170
43 171
172 14
173 8
18 174
162 175
176 40
177 157
178 107
68 179
41 180
181 133
182 157
60 18
183 89
184 135
70 185
62 186
2 5
170 187
188 34
118 189
190 89
191 33
125 192
58 10
193 14
185 194
195 138
196 71
197 91
172 198
199 104
200 95
180 201
202 117
90 203
102 31
204 100
205 201
206 92
133 207
208 145
70 209
157 210
90 40
15 211
21 39
212 94
213 15
2 65
113 214
215 136
92 101
216 140
92 217
95 218
219 158
91 220
118 49
18 221
222 168
223 27
125 224
70 225
226 9
106 54
137 227
40 155
157 228
229 135
230 118
93 231
232 93
