#qgen
120
491
431
910
193
323
38
225
724
175
529
912
580
188
736
871
1017
532
717
934
987
267
268
507
973
884
378
28
682
28
1022
876
373
980
892
38
691
362
808
551
828
827
735
833
514
914
996
909
594
339
491
878
514
865
735
493
699
754
172
551
568
802
831
800
57
260
850
519
45
619
969
416
861
273
998
652
149
346
512
346
694
903
150
489
444
887
109
584
230
338
397
950
556
537
550
169
929
907
830
110
768
384
554
663
888
472
1012
781
193
685
577
630
137
77
507
243
740
520
1024
964
637
128
0 1
0 2
1 3
0 4
5 2
6 5
2 7
8 6
9 8
10 3
11 3
12 8
2 13
14 10
15 3
14 16
3 11
9 17
10 18
4 13
18 19
20 9
21 15
22 21
14 23
20 24
25 14
26 22
27 14
24 28
29 22
30 15
31 2
5 32
18 33
15 34
4 35
36 26
37 10
4 3
3 38
15 39
40 18
7 41
14 42
43 33
34 44
45 15
46 45
9 47
48 19
42 49
50 18
14 51
52 42
53 41
54 4
22 34
54 43
34 55
18 56
57 40
10 58
21 59
60 44
43 61
48 62
63 52
40 64
4 65
66 54
40 67
33 68
33 69
43 70
48 71
10 72
73 22
3 74
10 75
76 39
77 39
78 75
66 79
80 48
63 81
53 82
83 54
15 84
85 40
86 17
87 41
13 88
88 31
89 71
76 90
32 5
91 54
92 62
93 55
65 94
54 61
14 95
9 96
97 92
98 82
99 82
99 100
10 101
102 87
103 10
104 57
22 105
106 3
40 107
108 92
109 95
110 107
58 111
112 108
113 46
84 114
61 115
62 92
116 107
40 117
42 118
118 119
