#qgen
123
23
163
877
328
16
71
194
166
371
548
196
567
478
12
740
536
556
927
832
173
126
361
740
327
280
685
870
422
835
727
677
220
682
324
841
906
229
186
1001
393
573
89
633
916
930
482
653
291
153
180
915
174
213
277
748
604
352
238
362
241
1015
320
830
339
929
382
767
686
1002
822
1002
931
914
261
244
914
533
508
136
595
502
670
544
116
526
418
876
482
592
111
509
733
124
529
996
903
932
234
558
851
143
276
838
489
478
908
758
486
74
167
443
458
400
666
926
171
58
718
330
121
983
906
764
128
0 1
1 2
0 3
3 4
3 5
3 6
5 7
8 5
9 1
10 3
11 7
12 5
13 8
6 14
9 15
7 5
6 16
17 8
18 11
12 19
5 20
12 21
18 22
23 6
12 24
17 25
7 26
27 18
28 11
19 29
24 30
12 31
32 30
33 27
34 24
20 35
8 25
36 11
37 8
12 38
39 22
3 40
41 36
42 7
43 19
44 18
45 21
38 46
39 47
1 48
49 21
50 49
51 34
52 3
17 53
50 54
55 38
56 31
57 36
58 50
59 1
60 25
61 19
62 60
19 63
3 23
64 38
36 65
66 22
67 49
68 49
69 55
57 70
38 71
72 67
19 73
68 50
74 32
67 75
42 76
36 77
26 78
43 79
80 67
31 81
82 60
83 71
82 84
85 21
86 36
82 87
88 25
75 89
90 11
23 91
87 92
93 12
94 82
39 95
96 49
86 66
1 97
98 28
99 39
58 100
21 101
67 102
27 70
103 67
104 50
105 85
92 106
83 107
38 108
109 85
110 101
111 102
112 69
95 113
114 22
115 90
87 116
117 49
118 62
119 88
120 75
43 121
122 95
