#qgen
63
23
163
877
328
16
71
194
166
371
548
196
567
478
12
740
536
556
927
832
173
126
361
740
327
280
685
870
422
835
727
677
220
682
324
841
906
229
186
1001
393
573
89
633
916
930
482
653
291
153
180
915
174
213
277
748
604
352
238
362
241
1015
320
830
64
0 1
1 2
0 3
3 4
3 5
3 6
5 7
8 5
9 1
10 3
11 7
12 5
13 8
6 14
9 15
7 5
6 16
17 8
18 11
12 19
5 20
12 21
18 22
23 6
12 24
17 25
7 26
27 18
28 11
19 29
24 30
12 31
32 30
33 27
34 24
20 35
8 25
36 11
37 8
12 38
39 22
3 40
41 36
42 7
43 19
44 18
45 21
38 46
39 47
1 48
49 21
50 49
51 34
52 3
17 53
50 54
55 38
56 31
57 36
58 50
59 1
60 25
61 19
62 60
