#qgen
64
777
980
791
483
664
679
364
230
982
471
823
3
309
894
19
807
1024
473
870
178
775
410
921
766
963
993
51
789
513
705
862
340
811
613
408
135
872
329
531
176
996
399
818
326
287
925
786
676
183
995
929
502
940
824
164
315
844
769
911
158
893
137
551
613
64
1 0
1 2
1 3
4 1
5 1
6 1
7 1
1 8
1 9
1 10
1 11
12 1
13 1
3 14
15 1
1 16
17 10
18 14
17 19
1 20
1 21
17 22
23 17
10 24
25 1
26 24
1 27
1 28
29 1
17 30
17 31
32 1
23 33
31 34
1 35
36 1
37 1
19 38
17 39
40 25
41 38
42 30
43 3
44 23
45 18
45 46
36 47
48 11
43 49
50 33
47 36
1 51
52 30
32 53
54 46
1 55
33 56
1 57
58 1
1 59
60 47
1 61
62 17
36 63
