#qgen
119
74
292
384
326
65
466
176
392
472
895
875
195
884
289
336
325
626
782
701
368
758
304
475
246
356
147
651
803
982
856
816
677
535
681
185
379
244
793
299
91
363
221
739
460
395
59
100
223
324
526
50
858
685
655
191
914
731
565
124
994
514
730
941
565
47
460
877
92
368
531
204
293
129
1019
1011
315
463
648
167
365
386
604
868
502
895
333
376
582
883
753
111
732
376
192
271
723
169
844
116
536
941
567
758
194
486
415
545
1024
272
900
613
131
996
540
420
864
782
1018
570
128
0 1
0 2
3 2
4 2
5 4
6 5
5 7
8 5
9 5
5 10
10 11
12 11
13 4
11 14
15 12
16 4
17 15
17 18
19 14
18 20
6 21
2 4
22 18
4 23
24 15
25 5
6 26
14 27
14 28
29 8
30 27
31 18
8 6
32 18
14 33
34 33
35 26
36 33
37 30
36 38
39 11
40 30
36 41
17 42
21 43
30 44
23 45
21 46
47 29
48 8
49 14
35 50
11 51
11 10
38 52
53 46
19 54
55 52
56 27
45 57
27 14
16 58
28 59
60 28
61 54
52 62
63 29
29 64
42 65
5 66
67 27
59 68
69 52
19 70
31 12
71 5
72 59
50 46
73 35
31 74
58 75
76 59
6 73
77 68
72 78
79 72
80 65
81 14
82 72
7 83
78 84
83 85
86 33
77 33
40 87
14 88
89 5
90 72
91 54
92 70
93 76
76 94
95 58
54 77
90 96
97 67
59 98
77 99
14 11
90 100
101 99
82 102
103 69
104 103
105 69
51 106
94 107
31 108
63 109
110 77
34 111
112 51
113 77
72 114
77 115
110 116
78 117
81 118
