#qgen
212
418
813
280
468
190
835
744
522
389
457
384
402
451
283
186
971
485
256
844
720
359
442
370
72
843
239
262
397
916
627
596
785
624
388
950
949
224
265
632
45
669
936
33
611
850
446
444
481
296
224
301
648
92
20
800
670
230
19
653
1020
632
608
116
535
400
276
883
700
803
502
101
880
770
770
349
174
978
854
802
497
11
262
307
891
188
830
181
797
536
860
1018
895
326
950
403
42
296
197
1001
979
710
106
596
394
812
503
720
573
763
992
156
68
379
830
630
284
883
1004
70
268
419
856
839
497
867
348
109
238
599
404
255
409
562
58
989
904
896
152
122
875
453
319
689
945
602
962
952
253
705
712
112
264
1010
420
596
547
887
291
165
589
547
130
502
802
766
420
631
232
310
845
464
505
222
740
726
914
188
219
216
56
303
378
394
908
369
427
288
554
848
353
323
579
849
368
980
109
884
561
132
735
493
446
969
72
776
658
251
141
663
870
170
129
256
1 0
1 2
1 3
2 4
3 5
3 6
3 7
6 8
3 1
9 7
10 7
7 11
12 5
7 13
14 10
15 12
16 12
17 11
16 18
18 19
20 2
21 7
22 8
17 23
24 9
14 25
26 23
24 7
27 11
14 28
29 23
14 30
23 31
32 25
23 33
9 34
10 35
27 36
37 23
11 38
39 23
40 12
23 41
32 42
23 43
44 10
45 23
14 46
34 47
48 23
49 12
39 50
32 51
23 52
53 25
51 54
55 43
56 23
7 57
11 58
47 59
49 60
61 23
62 23
39 63
6 64
28 65
55 66
67 51
68 14
9 21
26 69
70 23
71 34
72 23
70 73
53 74
74 75
15 76
77 36
30 78
79 23
25 47
80 21
81 68
7 67
17 82
83 52
36 71
23 84
71 85
24 58
86 11
87 23
71 88
89 72
90 23
27 25
67 91
21 92
93 47
77 94
95 67
7 28
96 32
11 97
98 95
23 99
100 10
17 36
101 81
57 102
103 52
23 104
105 87
34 106
107 23
108 7
24 14
89 109
27 23
110 106
23 111
112 36
24 32
95 7
113 23
71 114
115 39
116 6
98 117
7 58
105 97
67 118
106 9
25 119
120 77
120 7
93 57
89 121
23 122
123 30
95 32
124 89
70 125
23 126
23 127
128 107
129 23
130 27
131 87
132 65
105 25
133 119
130 134
71 135
136 130
137 23
138 23
45 139
25 135
140 16
141 47
142 17
93 143
144 60
145 51
120 46
70 146
147 141
23 148
100 149
32 57
150 70
151 67
152 136
101 153
107 95
154 112
155 151
5 13
71 156
157 72
32 158
65 96
71 159
160 137
133 59
112 161
67 21
162 134
145 9
29 163
164 32
23 165
165 166
167 120
91 168
54 169
43 170
87 171
87 172
14 173
151 174
18 149
169 89
175 133
144 176
177 34
95 147
178 144
102 36
23 179
57 81
93 180
97 181
161 182
75 183
14 96
108 132
100 184
185 171
130 186
170 187
29 188
176 189
190 171
128 9
191 88
192 45
58 132
81 21
184 169
75 193
8 194
7 195
12 196
160 197
168 198
57 199
168 77
200 135
201 115
107 119
23 202
96 36
34 107
11 203
146 204
205 52
142 206
207 69
42 208
83 209
210 49
92 211
