#qgen
115
418
813
280
468
190
835
744
522
389
457
384
402
451
283
186
971
485
256
844
720
359
442
370
72
843
239
262
397
916
627
596
785
624
388
950
949
224
265
632
45
669
936
33
611
850
446
444
481
296
224
301
648
92
20
800
670
230
19
653
1020
632
608
116
535
400
276
883
700
803
502
101
880
770
770
349
174
978
854
802
497
11
262
307
891
188
830
181
797
536
860
1018
895
326
950
403
42
296
197
1001
979
710
106
596
394
812
503
720
573
763
992
156
68
379
830
630
128
1 0
1 2
1 3
2 4
3 5
3 6
3 7
6 8
3 1
9 7
10 7
7 11
12 5
7 13
14 10
15 12
16 12
17 11
16 18
18 19
20 2
21 7
22 8
17 23
24 9
14 25
26 23
24 7
27 11
14 28
29 23
14 30
23 31
32 25
23 33
9 34
10 35
27 36
37 23
11 38
39 23
40 12
23 41
32 42
23 43
44 10
45 23
14 46
34 47
48 23
49 12
39 50
32 51
23 52
53 25
51 54
55 43
56 23
7 57
11 58
47 59
49 60
61 23
62 23
39 63
6 64
28 65
55 66
67 51
68 14
9 21
26 69
70 23
71 34
72 23
70 73
53 74
74 75
15 76
77 36
30 78
79 23
25 47
80 21
81 68
7 67
17 82
83 52
36 71
23 84
71 85
24 58
86 11
87 23
71 88
89 72
90 23
27 25
67 91
21 92
93 47
77 94
95 67
7 28
96 32
11 97
98 95
23 99
100 10
17 36
101 81
57 102
103 52
23 104
105 87
34 106
107 23
108 7
24 14
89 109
27 23
110 106
23 111
112 36
24 32
95 7
113 23
71 114
