#qgen
63
418
813
280
468
190
835
744
522
389
457
384
402
451
283
186
971
485
256
844
720
359
442
370
72
843
239
262
397
916
627
596
785
624
388
950
949
224
265
632
45
669
936
33
611
850
446
444
481
296
224
301
648
92
20
800
670
230
19
653
1020
632
608
116
64
1 0
1 2
1 3
2 4
3 5
3 6
3 7
6 8
3 1
9 7
10 7
7 11
12 5
7 13
14 10
15 12
16 12
17 11
16 18
18 19
20 2
21 7
22 8
17 23
24 9
14 25
26 23
24 7
27 11
14 28
29 23
14 30
23 31
32 25
23 33
9 34
10 35
27 36
37 23
11 38
39 23
40 12
23 41
32 42
23 43
44 10
45 23
14 46
34 47
48 23
49 12
39 50
32 51
23 52
53 25
51 54
55 43
56 23
7 57
11 58
47 59
49 60
61 23
62 23
