#query
121
A
I
V
S
L
L
L
T
G
L
M
L
T
I
L
S
E
M
G
Y
K
E
G
D
T
F
C
A
H
A
F
K
L
A
T
I
L
L
T
L
L
G
A
T
L
D
T
T
V
M
G
L
V
R
C
W
T
R
G
T
Q
I
V
R
I
D
A
E
R
L
N
M
K
R
A
R
P
V
S
G
S
R
E
L
R
A
L
H
A
R
T
W
N
M
L
M
A
Q
A
D
Q
I
T
I
F
D
N
Q
R
A
G
S
I
M
N
L
G
L
D
L
Y
256
0 1
2 1
0 3
0 4
5 1
5 6
1 7
1 8
9 3
10 7
11 2
2 9
4 12
13 4
1 14
15 11
16 6
17 4
4 18
15 19
20 7
21 7
10 22
23 6
24 4
16 12
21 25
26 9
27 12
7 28
26 1
5 29
30 11
13 31
3 32
33 19
0 7
34 31
15 34
10 35
36 6
30 37
25 38
23 39
11 40
26 13
3 41
30 26
42 41
5 26
5 40
41 16
43 17
23 36
14 44
45 16
0 46
11 47
16 48
0 14
7 49
28 49
34 50
25 51
26 14
30 52
14 53
54 13
12 55
10 50
11 9
52 13
6 1
47 56
34 52
34 19
57 32
15 58
39 59
0 60
44 61
23 62
7 63
50 64
65 38
5 27
0 21
54 66
62 67
48 66
68 4
69 68
70 4
46 8
30 31
10 71
72 44
30 63
73 61
34 64
74 13
48 75
44 51
76 22
10 64
32 73
77 71
15 33
42 78
46 18
79 54
80 33
81 32
82 66
5 59
40 83
72 29
34 84
85 19
75 86
68 24
40 44
49 87
37 18
88 78
11 49
89 83
34 90
72 35
72 91
92 53
36 92
48 82
72 93
18 21
38 94
71 19
52 9
15 31
95 67
0 49
11 31
48 4
30 19
92 83
96 38
43 82
97 61
8 55
12 8
59 29
98 83
99 29
2 37
53 67
98 28
9 100
34 26
42 32
28 77
101 82
26 82
5 46
17 48
90 102
84 103
65 71
13 29
62 70
49 65
9 57
36 39
5 8
69 82
75 54
49 32
10 83
68 12
15 72
76 102
104 10
83 105
40 106
2 107
107 75
108 102
58 103
99 31
95 50
48 91
109 33
110 38
23 92
69 91
52 79
43 27
40 102
110 87
45 107
10 109
77 102
53 102
26 111
112 51
104 113
87 77
96 81
25 65
106 49
79 14
4 91
79 78
69 24
86 66
111 93
34 114
10 63
15 13
44 73
5 115
43 99
51 97
30 92
17 82
51 61
14 83
116 82
112 45
86 27
5 91
100 115
83 117
113 19
5 18
20 25
72 114
26 51
46 55
54 31
90 118
58 35
11 119
37 1
82 74
49 96
11 79
120 59
88 115
20 118
5 92
59 37
72 33
76 108
48 27
29 83
31 35
