#qgen
63
1
1
1
1
1
1
1
1
1
1
1
1
1
1
1
1
1
1
1
1
1
1
1
1
1
1
1
1
1
1
1
1
1
1
1
1
1
1
1
1
1
1
1
1
1
1
1
1
1
1
1
1
1
1
1
1
1
1
1
1
1
1
1
256
0 1
2 1
3 1
4 1
3 5
6 1
1 7
8 2
2 9
8 10
11 8
12 6
1 13
9 14
15 3
16 1
2 17
18 8
19 8
3 20
21 13
1 22
1 23
24 19
25 10
26 22
10 24
27 9
8 28
9 21
8 1
8 3
29 2
24 10
26 30
1 29
27 31
1 32
27 13
8 13
19 21
9 10
0 26
21 33
3 10
8 24
34 32
27 11
34 1
13 21
34 35
36 27
37 17
1 2
38 26
8 15
37 39
36 8
37 40
13 8
1 38
41 1
34 23
3 31
20 31
18 34
4 31
18 26
42 22
43 41
44 1
21 11
10 45
15 1
8 43
27 24
44 11
8 37
8 36
15 34
1 42
42 7
13 31
31 20
8 11
46 8
13 1
8 14
47 34
1 25
30 26
35 48
49 2
14 37
2 15
39 50
20 3
10 14
48 15
1 51
10 34
24 52
39 14
1 45
34 53
1 35
27 34
54 8
8 55
33 2
1 11
12 8
14 56
18 57
53 1
55 48
38 1
3 34
8 54
1 15
14 5
2 14
39 37
11 24
26 38
54 1
55 9
1 9
17 14
58 1
31 1
37 1
55 34
24 26
22 1
26 24
24 55
50 39
40 2
55 1
59 1
6 4
27 12
24 41
42 46
34 18
23 34
1 58
35 57
10 1
1 43
3 60
6 12
55 57
42 23
1 52
7 1
3 56
2 49
24 35
8 16
5 14
34 48
34 3
1 57
52 48
1 16
53 26
40 37
3 12
38 48
29 1
57 10
10 57
29 34
14 9
11 1
14 19
11 21
1 61
19 55
14 35
25 3
57 48
31 13
1 6
1 4
19 48
3 28
62 3
27 8
14 39
12 14
6 8
27 37
24 13
31 4
34 27
8 27
3 62
1 8
7 34
8 12
13 61
26 55
2 8
26 0
48 38
34 24
11 27
1 34
13 9
47 1
9 4
9 27
48 18
6 11
14 11
8 19
24 11
24 27
55 24
35 1
28 3
1 19
41 34
34 29
8 46
25 21
27 2
14 13
35 24
14 10
34 51
16 6
27 6
1 41
11 6
60 3
61 26
27 28
3 25
3 8
35 43
12 31
57 18
14 21
27 42
2 29
35 55
8 34
36 44
17 37
14 8
2 27
33 21
