#qgen
88
1
1
1
1
1
1
1
1
1
1
1
1
1
1
1
1
1
1
1
1
1
1
1
1
1
1
1
1
1
1
1
1
1
1
1
1
1
1
1
1
1
1
1
1
1
1
1
1
1
1
1
1
1
1
1
1
1
1
1
1
1
1
1
1
1
1
1
1
1
1
1
1
1
1
1
1
1
1
1
1
1
1
1
1
1
1
1
1
256
0 1
1 2
3 1
1 4
5 1
1 6
2 7
8 1
1 9
10 1
1 0
11 9
1 12
1 3
13 1
14 2
15 1
7 2
1 10
16 8
17 1
1 18
19 1
20 1
1 21
1 22
1 23
24 1
1 25
1 15
26 1
1 19
1 27
2 1
1 28
29 1
30 1
27 31
32 1
33 1
2 34
31 1
35 1
36 8
37 9
33 38
23 1
9 1
9 37
39 20
1 40
28 1
1 30
8 41
1 38
1 42
20 39
4 1
43 42
1 44
22 1
45 1
1 46
47 1
38 33
1 35
1 29
48 1
1 26
49 11
1 50
49 20
12 1
51 1
52 1
1 53
54 1
1 51
55 1
50 1
1 31
53 33
16 36
38 1
56 1
33 53
8 16
36 1
1 45
8 36
18 1
8 47
1 47
47 8
1 52
1 57
39 49
53 1
34 2
1 58
41 1
11 49
59 53
20 49
39 1
60 1
1 61
1 59
42 43
2 14
61 1
1 36
57 1
1 60
6 1
1 33
1 16
1 55
11 39
58 1
1 62
62 1
1 11
1 56
1 39
27 1
25 1
1 13
1 43
1 24
1 48
42 1
1 5
1 17
21 1
16 1
20 11
40 1
49 1
39 11
1 54
49 39
31 27
20 42
1 8
44 1
1 41
46 1
11 20
42 20
38 59
41 8
1 20
1 63
1 32
63 1
37 2
9 11
43 1
36 16
59 38
11 1
1 49
53 59
2 37
59 1
64 59
59 64
64 33
33 64
33 65
65 33
66 65
65 66
66 67
67 66
67 68
53 68
68 67
16 68
68 16
68 53
69 68
68 69
68 70
70 68
70 71
71 67
69 71
71 70
53 71
71 53
71 8
8 71
71 69
67 71
67 72
72 67
73 72
72 73
74 73
73 74
74 11
11 74
75 11
11 75
76 11
11 76
77 11
73 77
11 77
77 73
78 77
77 78
41 78
78 41
78 79
41 79
79 78
79 41
80 79
31 80
80 37
80 31
37 80
79 80
79 81
81 79
82 81
81 82
82 13
13 82
13 83
83 82
82 83
83 13
84 83
83 84
82 84
84 82
85 84
63 85
85 74
85 13
74 85
13 85
82 85
85 83
84 85
85 63
85 82
83 85
83 86
86 83
87 86
86 87
