#qgen
53
1
1
1
1
1
1
1
1
1
1
1
1
1
1
1
1
1
1
1
1
1
1
1
1
1
1
1
1
1
1
1
1
1
1
1
1
1
1
1
1
1
1
1
1
1
1
1
1
1
1
1
1
1
128
0 1
2 1
3 1
4 2
5 1
6 1
1 3
7 1
2 8
1 9
10 2
8 2
11 1
2 12
12 2
13 1
14 1
2 15
1 2
1 5
1 16
2 17
1 7
18 1
19 1
9 1
1 20
16 17
16 21
22 1
23 1
24 1
1 0
21 16
25 1
26 1
1 11
27 1
1 22
1 28
17 2
8 16
26 6
1 29
29 1
2 21
1 27
1 24
28 1
1 14
1 30
15 2
19 26
20 1
1 19
30 1
1 25
2 4
31 1
17 16
16 8
6 26
1 13
16 4
4 16
21 2
1 31
1 26
1 18
16 1
1 23
1 6
26 19
2 10
32 10
10 32
10 33
33 10
33 34
34 33
35 34
35 15
34 35
15 35
36 15
15 36
15 37
37 15
38 37
37 38
39 37
37 39
37 40
15 40
40 37
35 40
40 15
40 35
40 41
41 40
42 41
41 42
20 42
4 42
42 20
42 4
42 43
43 42
43 44
44 43
45 44
44 45
44 46
46 44
46 47
47 46
47 48
48 47
48 49
49 48
50 49
49 50
49 51
51 49
52 51
51 52
52 45
45 52
