#qgen
98
1
1
1
1
1
1
1
1
1
1
1
1
1
1
1
1
1
1
1
1
1
1
1
1
1
1
1
1
1
1
1
1
1
1
1
1
1
1
1
1
1
1
1
1
1
1
1
1
1
1
1
1
1
1
1
1
1
1
1
1
1
1
1
1
1
1
1
1
1
1
1
1
1
1
1
1
1
1
1
1
1
1
1
1
1
1
1
1
1
1
1
1
1
1
1
1
1
1
256
0 1
2 1
3 1
4 2
5 2
6 2
1 7
4 8
4 9
10 1
11 4
12 4
4 13
14 4
15 4
16 4
4 17
18 4
1 19
1 20
21 1
22 4
23 1
4 24
4 25
4 26
27 1
19 28
19 29
28 2
4 30
4 11
1 0
20 31
29 2
4 18
2 6
4 32
1 33
1 27
34 4
19 35
36 14
37 2
38 4
39 4
1 40
7 1
4 14
20 1
41 1
26 4
30 42
4 43
31 1
4 44
44 45
4 46
2 29
36 32
22 36
25 36
4 47
31 20
20 7
19 37
48 1
1 49
50 1
51 1
1 48
32 36
1 10
39 36
49 1
25 4
46 4
2 35
37 19
45 52
4 53
1 54
43 4
35 2
4 34
36 25
14 36
4 12
55 1
1 41
2 28
1 23
36 39
13 4
26 36
56 4
4 42
1 55
57 4
8 4
2 37
36 26
4 39
4 45
28 19
44 4
1 3
58 3
36 57
35 19
2 5
3 58
29 19
36 53
53 4
52 1
9 4
4 15
42 4
53 36
4 59
36 34
45 44
4 16
4 36
7 20
1 50
36 45
36 13
60 4
4 38
1 51
4 57
34 36
4 56
54 1
4 60
4 22
30 4
61 1
33 1
57 36
59 4
1 21
36 22
19 1
1 62
32 4
36 4
42 30
62 1
1 63
24 4
63 1
45 4
1 31
1 52
13 36
1 61
1 2
47 4
45 36
40 1
2 4
52 45
17 4
64 17
17 64
17 65
65 17
66 65
65 66
67 65
65 67
68 65
65 68
69 65
46 69
65 69
69 46
70 69
69 70
71 69
69 71
60 71
71 60
71 72
72 71
73 72
72 73
74 72
71 74
74 71
72 74
75 72
60 75
72 75
75 60
75 16
16 75
16 76
76 16
76 77
77 76
77 78
78 77
78 79
79 78
79 80
59 80
80 79
80 59
81 80
80 81
80 82
82 80
83 82
82 83
84 82
82 84
85 82
82 85
86 82
82 86
87 82
82 87
82 88
88 82
88 89
89 88
89 90
90 89
90 91
91 90
91 92
58 92
92 91
92 58
93 92
58 93
92 93
93 58
93 94
94 25
94 93
25 94
25 95
95 25
95 13
36 95
95 36
13 95
96 13
13 96
97 13
13 97
