#qgen
64
1
1
1
1
1
1
1
1
1
1
1
1
1
1
1
1
1
1
1
1
1
1
1
1
1
1
1
1
1
1
1
1
1
1
1
1
1
1
1
1
1
1
1
1
1
1
1
1
1
1
1
1
1
1
1
1
1
1
1
1
1
1
1
1
256
0 1
2 0
3 1
0 4
0 5
0 6
7 0
8 0
8 9
9 2
10 2
11 0
11 9
0 12
0 13
14 9
15 11
16 0
8 2
17 0
0 18
19 0
11 12
20 0
21 1
9 12
22 10
8 23
24 0
10 25
26 0
10 27
28 0
0 29
15 30
30 0
31 0
32 0
28 12
0 30
0 17
9 14
10 22
18 33
14 12
16 34
35 9
11 36
0 37
38 0
39 36
18 0
3 10
26 12
23 8
0 40
15 1
41 0
12 10
39 12
0 42
0 43
2 9
44 0
6 0
13 0
25 10
45 1
12 9
46 1
10 9
11 10
0 8
5 0
31 7
47 29
0 20
0 11
36 10
48 0
1 27
10 11
8 12
49 29
1 50
0 22
36 39
26 30
11 1
10 38
11 15
6 36
51 9
0 32
19 31
18 43
1 46
9 1
0 23
49 47
29 49
29 16
11 51
39 48
0 51
0 44
25 29
0 52
39 0
53 1
10 0
12 36
54 53
29 25
8 10
1 45
55 36
36 1
56 0
57 0
49 55
49 25
23 34
9 51
36 33
10 12
58 0
59 0
0 31
36 6
60 0
30 59
22 0
43 33
33 18
42 0
0 38
14 10
29 0
37 0
0 28
12 28
43 52
0 7
11 2
2 11
1 21
1 61
27 45
27 10
12 14
25 49
1 15
9 8
1 36
62 0
0 24
12 22
38 10
0 47
0 10
59 30
50 46
61 1
13 20
22 12
12 51
16 29
14 0
55 49
0 2
23 0
51 11
53 54
49 0
0 60
2 16
33 12
16 2
55 0
54 0
0 58
0 62
21 12
12 11
10 3
0 34
20 13
0 39
10 14
26 33
33 0
2 10
43 18
12 25
0 15
19 7
1 0
60 40
30 26
4 0
55 47
0 57
52 37
47 55
9 53
0 56
1 11
25 0
12 2
12 33
10 36
10 26
30 15
63 0
0 49
0 41
52 0
48 39
12 0
45 27
51 12
9 10
40 0
7 19
0 14
2 12
52 43
10 8
1 9
31 19
33 22
15 0
37 52
12 26
47 0
2 8
12 21
36 12
12 39
0 48
35 0
0 35
17 11
0 55
9 35
33 36
43 0
34 23
33 26
9 11
26 10
7 31
0 33
36 55
47 49
