#qgen
62
1
1
1
1
1
1
1
1
1
1
1
1
1
1
1
1
1
1
1
1
1
1
1
1
1
1
1
1
1
1
1
1
1
1
1
1
1
1
1
1
1
1
1
1
1
1
1
1
1
1
1
1
1
1
1
1
1
1
1
1
1
1
256
0 1
2 1
2 3
2 4
5 1
4 6
1 7
8 1
1 9
10 1
10 11
12 9
2 13
14 6
15 1
9 2
9 1
16 2
17 1
2 18
19 2
4 14
20 1
5 20
21 4
22 15
16 5
2 23
24 1
21 22
2 25
4 21
12 18
26 24
1 24
27 26
26 22
2 28
2 29
24 30
9 31
2 32
22 24
26 33
28 27
30 27
30 2
1 14
7 33
34 11
7 21
35 24
1 10
29 12
6 24
29 11
9 36
26 37
22 38
14 39
17 40
1 41
1 11
31 4
1 33
1 42
14 4
40 29
43 2
42 14
44 22
22 31
37 26
14 22
33 15
45 22
11 29
46 0
33 27
47 46
37 12
35 2
27 28
35 15
31 48
28 2
2 49
21 7
44 1
1 16
1 46
47 28
33 1
1 47
50 2
2 35
46 1
30 15
48 1
24 6
51 2
52 48
2 53
38 1
33 14
27 37
46 45
7 1
27 32
33 26
47 1
9 52
2 54
1 26
39 1
26 1
27 2
37 5
37 11
10 21
22 7
48 12
6 22
12 48
16 31
16 22
55 22
22 27
40 2
44 49
6 1
47 12
48 40
12 2
44 21
20 11
41 1
48 18
24 21
24 0
11 34
27 41
9 18
21 41
29 40
18 12
27 22
2 50
46 33
49 2
17 29
29 2
28 47
1 21
37 27
10 24
22 16
15 45
56 2
40 48
12 47
6 14
52 9
31 9
21 26
2 57
1 39
26 44
44 26
27 21
26 27
46 4
12 37
58 2
1 22
10 7
27 30
30 24
21 14
22 55
22 1
2 27
1 45
53 52
57 2
48 31
53 9
33 46
11 10
38 21
24 26
1 31
1 17
59 2
12 44
24 22
22 8
14 33
14 31
32 2
11 2
24 7
16 17
32 27
26 21
18 29
2 48
11 40
28 9
29 59
54 2
31 14
1 44
25 2
14 26
4 31
2 9
1 60
2 30
22 33
31 22
1 5
24 38
47 30
4 15
5 16
15 35
33 22
60 46
2 56
1 20
2 40
15 24
21 44
1 55
34 2
20 5
4 22
41 27
59 29
61 1
4 1
27 8
2 12
8 11
0 46
26 14
45 15
1 6
38 24
6 4
38 26
31 39
45 1
29 17
14 1
