#qgen
32
1
1
1
1
1
1
1
1
1
1
1
1
1
1
1
1
1
1
1
1
1
1
1
1
1
1
1
1
1
1
1
1
128
0 1
0 2
0 3
0 4
5 0
0 6
4 7
8 0
2 0
9 5
7 0
10 0
11 5
2 12
5 12
13 1
0 14
4 0
0 15
0 5
0 8
16 0
2 13
0 7
17 0
18 0
11 19
5 9
2 20
11 1
21 17
11 2
2 15
22 19
9 2
23 14
0 23
24 0
25 0
26 1
3 0
17 13
21 19
0 18
1 18
24 11
11 17
2 11
22 20
19 21
18 1
0 25
21 0
20 19
22 0
5 16
1 0
24 27
0 9
11 24
1 11
28 20
0 16
16 21
19 22
7 11
6 13
22 28
19 20
17 21
12 0
0 13
12 5
0 10
29 0
19 28
21 16
22 15
9 0
23 13
10 13
22 7
17 23
27 15
20 2
0 22
15 0
19 11
0 21
2 28
27 0
1 26
1 13
19 2
0 12
14 0
25 27
17 11
0 20
23 17
15 2
22 2
27 24
0 29
7 22
0 24
20 22
2 9
20 28
19 0
0 27
8 13
14 23
27 25
28 2
13 0
0 30
13 17
0 19
0 31
28 0
2 22
13 2
13 6
16 13
5 11
13 23
13 16
