#qgen
64
1
1
1
1
1
1
1
1
1
1
1
1
1
1
1
1
1
1
1
1
1
1
1
1
1
1
1
1
1
1
1
1
1
1
1
1
1
1
1
1
1
1
1
1
1
1
1
1
1
1
1
1
1
1
1
1
1
1
1
1
1
1
1
1
256
0 1
0 2
0 3
0 4
5 0
0 6
4 7
8 1
1 9
8 10
11 1
12 2
13 8
4 14
15 9
16 4
0 17
1 16
1 18
0 19
1 20
2 21
22 7
23 0
24 2
25 1
26 15
27 10
8 28
29 4
30 22
8 13
8 31
32 26
10 32
22 32
33 0
4 16
3 27
5 34
35 1
20 25
28 36
36 0
22 4
18 37
37 16
6 32
32 35
27 28
6 16
38 0
20 1
32 39
40 1
41 11
1 25
42 32
4 0
17 22
8 4
43 32
3 0
35 25
29 44
41 14
45 14
35 32
32 42
41 26
39 3
46 0
36 14
1 47
48 1
32 43
49 26
26 49
21 2
32 22
37 18
32 16
41 27
42 26
14 50
0 46
26 4
20 35
51 45
8 11
4 8
33 4
17 4
31 8
34 0
52 1
41 51
19 37
6 0
30 32
41 10
10 8
53 37
0 43
15 21
1 26
33 32
8 42
33 36
1 54
1 55
21 15
26 33
55 44
56 8
45 3
0 57
42 22
51 58
0 36
1 28
4 26
30 4
56 10
21 32
10 28
19 26
19 46
2 0
32 24
14 26
15 28
1 14
10 41
28 15
22 42
36 15
37 10
42 0
14 20
17 32
2 51
19 0
8 29
14 1
11 41
21 59
2 10
16 1
32 20
2 56
46 4
42 58
32 14
26 32
32 19
51 41
33 8
27 3
0 21
1 44
31 26
16 15
31 3
2 12
1 13
59 60
44 26
38 16
40 0
61 3
41 1
5 7
16 6
21 16
50 14
28 41
3 50
60 24
55 62
38 32
63 32
4 17
32 33
10 11
0 5
14 45
28 8
32 10
26 42
42 8
16 37
15 23
44 55
32 40
32 25
43 0
32 36
37 14
21 51
37 36
27 41
32 46
60 2
7 0
10 37
26 25
36 33
60 21
11 54
34 32
16 32
8 33
32 1
10 36
36 28
59 2
47 32
18 1
32 21
25 20
16 38
3 61
54 1
15 36
16 0
45 51
19 32
50 61
13 14
10 3
39 32
3 62
1 35
1 48
37 8
33 17
60 32
5 49
50 3
12 7
2 41
32 34
25 26
36 10
4 29
18 15
22 33
47 1
26 27
8 14
36 32
34 5
46 19
57 0
61 32
