#qgen
31
1
1
1
1
1
1
1
1
1
1
1
1
1
1
1
1
1
1
1
1
1
1
1
1
1
1
1
1
1
1
1
128
1 0
2 0
3 1
3 2
4 2
2 5
6 5
1 7
8 2
8 6
6 9
10 2
11 10
12 6
2 13
6 14
1 15
10 16
1 17
2 18
13 19
16 12
13 20
17 1
5 18
9 2
11 18
4 19
21 10
2 6
19 4
7 13
5 6
9 22
13 5
0 23
16 24
4 24
2 17
6 25
2 12
22 19
11 13
26 1
10 21
21 14
10 18
13 10
9 19
18 10
13 14
21 2
5 13
9 12
13 3
14 10
12 24
18 24
20 14
24 2
21 24
25 24
25 11
18 2
20 9
18 22
12 2
18 5
27 1
19 6
25 10
16 2
17 2
28 1
14 5
25 13
25 18
14 16
3 23
8 4
6 11
20 19
9 20
10 14
6 13
12 18
24 25
20 25
9 13
25 14
1 26
18 6
14 18
25 12
16 10
22 2
21 9
20 13
19 9
10 13
28 23
24 21
13 18
5 2
27 23
20 22
21 18
24 16
12 13
1 29
1 30
19 25
21 20
9 16
21 6
6 2
26 23
9 6
15 1
9 24
2 11
2 21
14 20
21 16
18 13
25 5
0 2
25 2
