#qgen
57
337
327
329
271
181
233
337
255
361
249
279
285
258
311
281
266
287
376
291
261
303
353
375
275
325
290
262
242
332
260
324
351
332
294
273
333
271
323
269
289
226
331
310
240
267
327
309
250
270
416
358
339
365
336
207
254
330
128
0 1
2 1
3 1
1 4
5 1
1 6
7 1
8 1
1 9
10 1
1 11
12 1
5 13
14 1
1 15
13 16
1 17
18 1
12 19
20 12
21 10
21 1
22 8
18 23
24 13
25 14
26 1
1 27
7 28
13 18
1 29
1 18
25 1
30 20
13 1
28 22
1 31
32 28
28 13
30 7
16 13
33 14
19 30
34 1
32 35
29 36
1 5
1 37
3 34
21 26
38 21
24 35
37 39
40 1
18 16
41 16
29 42
28 43
18 44
19 1
9 11
44 18
37 7
39 18
10 21
18 38
45 13
46 13
22 16
45 46
29 30
1 43
47 16
16 48
49 1
16 47
29 12
17 5
50 19
22 29
1 50
14 8
16 46
47 51
19 46
1 3
45 18
13 19
38 39
50 1
22 46
5 32
38 23
1 52
48 33
1 40
19 53
7 24
23 18
1 42
24 5
11 12
20 1
33 54
38 37
13 14
35 7
7 30
44 22
41 44
46 47
55 22
5 7
14 29
22 26
33 45
44 16
3 7
28 5
13 32
12 11
48 44
22 38
1 19
45 44
48 16
23 1
56 16
