#qgen
78
327
355
274
313
240
326
370
358
322
266
265
345
339
318
349
347
272
464
493
334
261
363
281
308
309
285
381
245
302
288
376
263
300
234
317
303
298
299
335
224
290
231
429
195
331
374
338
361
317
326
301
266
430
276
453
220
309
249
313
301
162
241
232
289
254
307
379
316
293
308
243
271
337
252
91
278
253
351
256
1 0
0 2
1 3
4 2
5 4
5 6
7 4
8 7
4 9
5 10
11 5
10 12
10 13
14 11
15 10
10 16
16 17
18 2
19 5
20 4
21 7
22 19
23 19
23 12
15 24
25 19
25 26
4 27
5 16
28 17
29 28
26 30
20 31
4 32
29 14
33 16
25 30
34 32
16 35
9 4
18 36
37 6
30 35
10 19
18 4
38 17
29 39
15 2
22 40
41 5
11 10
42 40
5 36
5 43
41 17
36 28
2 44
40 16
45 34
10 46
15 4
35 41
4 35
32 45
41 47
20 33
48 14
28 49
20 18
50 35
42 34
3 51
4 52
28 46
27 12
47 5
17 10
5 53
36 10
38 35
54 13
55 19
41 35
18 44
54 26
13 56
10 57
32 27
33 58
4 25
41 59
41 60
50 58
61 52
46 28
44 62
45 19
2 47
42 25
63 55
41 46
17 22
64 2
49 52
45 4
28 14
5 17
38 14
18 54
15 57
54 5
65 33
39 46
57 60
57 10
27 19
36 12
34 17
5 35
3 66
22 38
2 18
47 49
19 50
55 67
26 50
15 38
19 27
40 26
52 61
45 17
39 20
16 15
19 25
63 17
20 45
40 35
25 23
38 45
11 38
46 55
1 65
2 4
33 50
67 58
11 57
11 58
12 22
57 28
41 15
34 14
68 7
16 32
11 60
28 36
15 16
46 39
2 40
38 55
19 45
55 57
47 11
59 54
15 19
38 32
59 16
69 39
28 23
55 59
47 28
36 55
42 45
29 57
58 37
27 29
30 28
4 12
41 45
52 65
57 32
11 17
12 29
55 48
57 26
27 22
67 25
58 67
26 15
26 59
36 59
57 39
34 25
4 15
59 36
70 49
60 38
22 10
59 34
25 15
71 7
19 36
26 6
4 57
6 5
1 72
30 42
38 57
4 55
25 54
50 34
41 36
37 69
73 3
33 61
40 17
28 25
42 14
17 30
54 60
74 51
59 10
36 57
39 22
14 30
30 26
19 26
75 5
40 60
11 42
26 22
3 76
55 30
30 57
5 12
58 41
30 38
47 38
29 30
40 34
22 16
19 23
35 25
12 10
22 25
30 14
28 39
55 4
50 28
4 59
3 74
77 26
14 57
60 40
5 47
47 26
19 47
