#qgen
48
327
355
274
313
240
308
265
281
361
300
300
288
321
453
298
317
347
212
262
245
234
224
261
464
290
290
493
339
318
252
331
262
306
162
261
260
302
307
344
279
242
337
246
254
278
379
430
249
128
1 0
0 2
1 3
4 2
5 4
4 6
7 3
8 6
9 3
8 4
6 10
11 6
7 12
13 10
8 14
15 6
14 16
2 14
10 4
3 17
11 4
16 18
19 14
19 6
20 8
21 15
22 20
23 2
24 3
13 11
23 25
19 26
15 13
2 16
25 6
10 15
16 14
25 27
8 16
28 2
10 25
29 3
20 30
4 10
26 2
10 23
31 18
2 32
11 21
3 19
4 11
33 26
21 2
16 2
8 33
15 21
2 0
7 34
28 20
35 3
36 2
20 37
2 38
33 16
26 30
39 8
5 13
14 23
8 39
20 28
27 19
2 26
2 25
33 13
19 4
3 35
4 5
25 2
4 40
25 19
5 15
27 8
41 18
8 10
13 14
21 4
18 3
13 33
16 26
2 42
27 21
21 22
26 33
39 26
28 13
22 43
15 8
44 1
11 13
43 38
21 23
27 6
3 1
26 27
11 2
5 11
20 2
5 8
8 15
6 5
3 45
16 28
20 26
46 39
47 3
43 8
26 4
13 6
38 2
2 23
10 19
1 41
26 23
8 19
38 43
19 11
25 5
8 20
