#qgen
60
322
370
377
425
292
391
106
345
269
363
276
311
131
235
299
260
412
263
274
293
48
310
304
320
245
360
58
485
257
293
233
364
374
325
31
284
330
280
342
272
306
346
263
296
363
281
337
348
247
259
289
361
276
285
248
342
387
306
288
320
128
1 0
1 2
2 3
0 4
5 1
6 1
1 7
8 1
9 3
10 1
1 11
12 1
13 2
14 9
1 15
1 16
1 17
1 18
0 19
9 13
1 20
1 21
22 8
1 23
24 1
25 0
1 26
27 3
9 1
1 8
28 1
1 29
2 14
30 1
1 31
1 32
27 14
17 1
33 21
34 13
33 34
1 25
14 1
33 9
1 34
2 33
30 35
21 1
14 21
34 33
1 36
35 37
1 38
21 39
1 40
27 9
29 41
26 1
42 1
43 1
21 3
34 14
39 1
1 44
1 45
33 2
35 1
0 46
40 47
1 3
23 15
44 37
34 2
1 48
21 9
12 45
15 23
8 22
1 49
33 3
34 3
1 12
3 9
13 34
1 13
21 34
50 1
0 51
1 52
39 21
23 1
33 13
9 14
39 53
54 41
14 27
3 1
55 1
14 34
56 1
9 2
3 34
52 1
1 35
39 22
1 6
23 57
9 27
45 12
44 30
1 24
38 1
1 58
34 27
1 30
1 50
35 10
2 34
1 43
27 34
32 1
6 59
9 21
51 0
21 2
3 33
22 39
1 57
