#qgen
100
286
271
311
292
319
274
320
363
310
341
275
213
247
341
265
296
246
228
52
305
335
263
255
181
283
252
310
322
352
235
372
324
318
357
300
349
284
373
382
275
271
296
264
244
369
359
343
320
296
317
332
164
330
308
336
231
348
356
306
308
347
275
328
312
220
281
293
264
307
261
320
270
376
339
366
247
235
274
264
277
269
332
367
298
331
505
324
296
329
332
268
274
295
340
315
280
264
330
287
276
256
1 0
0 2
3 2
2 4
4 5
6 2
2 7
1 8
9 0
2 10
11 0
12 0
13 5
14 6
2 15
16 3
17 14
18 14
2 19
12 20
20 21
3 16
5 22
4 23
24 4
25 2
3 26
14 27
20 28
25 29
27 30
3 31
0 32
25 10
28 20
27 33
34 31
35 27
30 36
37 0
36 38
39 35
2 40
41 29
36 30
42 2
41 2
43 29
2 44
45 4
36 24
2 46
46 29
3 47
17 18
46 3
21 12
48 37
49 46
50 4
34 46
38 51
27 52
52 35
14 53
5 54
25 55
56 10
57 2
10 56
14 40
2 58
5 59
17 60
38 61
2 56
62 29
51 63
64 39
35 63
65 4
10 47
66 36
67 51
45 27
4 24
68 2
66 69
2 70
71 2
5 72
45 73
62 74
75 45
76 27
31 10
10 2
2 3
62 43
4 45
77 19
4 51
5 78
39 64
36 69
2 41
45 52
5 79
69 75
30 69
65 80
4 69
66 61
36 39
81 2
24 36
60 67
4 36
21 51
69 80
82 5
83 36
42 77
76 4
39 27
72 5
76 33
34 62
10 15
23 14
56 46
43 47
33 76
84 2
27 75
5 85
67 2
54 5
30 51
74 2
51 67
73 27
70 6
43 46
86 3
20 67
61 4
2 67
36 35
36 75
2 87
73 66
14 88
89 46
4 64
77 58
20 2
69 45
65 27
60 19
4 61
10 90
4 91
83 45
42 19
53 37
2 92
35 30
76 80
61 35
73 36
48 49
4 2
0 9
74 31
12 9
21 67
57 46
46 15
2 31
27 66
25 47
2 20
75 51
5 82
91 4
63 39
14 11
28 1
36 4
46 89
4 83
83 30
93 85
0 11
94 91
63 36
2 55
39 30
36 63
39 73
5 95
30 27
52 61
5 91
2 14
96 3
75 36
63 60
41 31
45 51
14 66
2 57
90 46
38 4
79 5
2 42
69 73
36 77
2 60
4 76
55 25
5 18
45 76
68 25
97 5
45 61
62 2
29 10
68 10
48 53
2 77
43 31
6 70
63 75
51 69
15 47
98 2
29 31
91 5
69 36
60 5
36 61
61 39
94 2
58 99
2 89
3 68
51 66
38 64
4 39
2 68
3 29
27 76
68 46
35 61
