#qgen
55
286
271
311
296
302
366
326
318
310
213
341
244
235
503
296
252
296
300
343
363
320
307
320
275
292
348
264
308
356
296
347
263
309
249
352
288
335
271
268
317
510
369
262
247
332
305
264
286
295
312
287
270
274
319
320
128
1 0
0 2
3 2
2 4
5 2
2 5
6 0
7 0
0 6
1 8
0 9
0 10
11 2
5 12
8 1
13 2
14 12
15 12
2 16
17 12
17 18
19 2
11 20
4 2
5 21
2 22
23 2
23 16
18 23
24 18
18 25
2 26
0 7
12 24
21 15
18 21
26 27
28 18
23 20
0 29
26 30
26 31
1 32
21 17
21 18
2 18
2 24
17 21
2 33
18 2
12 25
34 1
15 18
2 35
21 11
2 27
5 20
24 23
34 36
37 2
18 20
38 23
12 17
18 28
39 2
21 2
12 21
40 2
2 28
41 2
42 2
32 1
28 2
10 43
21 24
2 44
14 23
30 45
24 21
16 18
2 39
25 2
23 18
30 37
12 15
2 45
2 21
46 45
2 31
2 23
36 2
25 23
36 34
31 26
12 38
27 2
2 20
1 34
23 38
2 47
12 5
2 48
20 2
39 18
18 17
1 49
23 39
50 2
51 46
39 12
52 45
2 40
43 31
18 44
2 50
18 11
31 34
2 53
11 18
52 46
38 2
20 18
54 22
33 2
23 12
24 2
15 24
23 15
