#qgen
58
209
320
343
296
313
284
258
267
285
343
383
346
234
295
240
278
333
327
288
333
302
352
379
195
352
0
306
242
328
290
353
318
281
294
297
219
316
251
332
310
242
379
284
239
290
319
345
271
241
291
301
291
293
267
313
291
390
282
128
0 1
1 2
1 3
4 1
5 1
6 1
7 6
7 8
9 1
10 0
0 8
11 1
12 9
1 13
1 5
14 10
1 15
16 1
17 1
18 0
9 19
12 20
1 21
1 22
23 1
1 24
10 14
14 0
25 1
26 1
27 1
18 28
1 29
10 30
31 1
1 32
9 12
33 1
1 34
28 1
5 14
1 35
1 36
37 1
34 1
20 9
19 1
38 1
1 20
1 19
8 7
1 17
1 39
5 0
1 37
14 5
1 6
1 9
30 10
1 40
0 10
41 1
1 42
1 33
43 1
44 10
45 1
1 46
21 1
24 1
0 30
1 47
26 29
1 30
1 48
48 1
1 49
34 18
1 4
46 1
1 50
30 0
0 18
51 1
1 52
1 8
42 1
13 1
2 1
1 31
18 34
7 47
44 30
53 0
1 16
3 1
36 29
54 1
19 9
35 1
1 12
29 26
29 36
1 54
1 25
44 0
30 1
20 1
0 6
7 0
1 7
1 11
1 55
22 1
0 5
52 1
9 20
56 1
1 56
50 1
6 7
0 7
40 1
8 1
1 57
49 1
1 27
1 23
