#qgen
113
262
290
297
308
312
341
383
268
280
294
294
354
301
240
319
290
432
332
300
291
219
307
331
305
284
326
313
346
306
277
331
123
307
305
241
262
309
305
262
302
342
324
282
321
341
343
383
365
303
320
262
299
342
355
347
294
317
288
267
268
293
341
353
285
285
336
309
261
215
294
239
345
357
371
344
378
221
293
334
298
322
434
256
280
308
343
297
248
291
287
333
288
279
306
270
282
315
273
229
320
370
291
267
275
305
268
348
273
303
310
298
311
443
256
0 1
1 2
3 2
4 2
5 3
6 3
5 7
2 8
4 9
2 10
11 6
2 12
2 13
14 6
15 6
16 6
17 6
5 18
19 18
20 2
21 20
16 22
22 23
24 6
25 5
26 3
10 3
16 27
28 23
6 23
29 6
30 5
31 6
6 32
2 33
6 34
23 2
10 35
36 8
37 10
38 22
6 39
16 40
27 38
41 3
8 38
42 16
2 43
39 44
18 45
46 3
42 47
8 34
3 48
15 29
43 49
15 50
38 51
25 52
53 6
54 5
55 5
51 38
45 42
50 29
41 56
6 47
56 41
35 8
47 57
8 25
9 4
6 42
2 58
2 59
24 37
22 43
40 26
52 25
16 42
34 5
44 60
7 61
36 39
62 2
63 52
29 64
59 22
38 65
6 66
2 67
2 68
26 69
49 43
70 60
43 6
47 32
6 33
5 8
70 2
49 5
33 62
44 6
66 26
53 39
8 70
71 5
72 6
49 2
58 62
67 50
44 7
43 45
6 45
35 3
54 70
63 5
73 50
74 17
2 66
75 5
18 42
28 2
54 66
76 6
12 2
70 5
2 15
8 54
18 67
5 56
32 77
5 78
25 79
6 8
77 80
2 81
43 25
33 6
42 2
45 19
82 5
22 54
83 6
38 25
84 38
64 5
50 62
66 27
42 45
72 66
58 85
6 86
22 2
85 44
34 35
27 3
41 2
87 38
79 25
29 67
69 88
6 89
47 58
23 22
38 26
66 45
25 41
5 59
5 79
38 87
40 45
52 16
6 76
79 2
45 2
2 90
8 39
2 91
35 92
34 3
69 72
38 27
29 18
2 93
94 16
5 92
21 5
95 26
2 1
68 50
6 67
95 69
3 10
3 27
57 20
44 43
2 6
96 2
2 97
6 83
54 92
60 44
58 42
98 4
99 69
67 58
92 5
47 6
60 70
100 96
25 92
52 63
95 27
101 2
69 102
60 2
103 6
5 104
44 39
59 6
100 2
2 105
27 6
6 16
5 88
66 54
85 2
41 5
2 92
8 3
22 25
69 95
2 45
106 6
3 16
2 107
6 108
45 15
8 109
5 19
44 15
95 99
110 2
67 2
90 2
2 70
5 21
80 18
6 59
92 79
54 111
16 112
2 52
77 5
40 69
