#qgen
112
282
401
362
334
257
250
316
325
354
70
264
365
284
282
281
368
279
327
292
262
308
258
324
272
296
212
249
321
310
371
380
341
350
309
335
305
300
350
264
313
349
395
274
318
338
289
477
298
295
218
326
422
328
253
264
227
326
290
241
331
194
247
317
325
276
360
317
372
356
323
301
294
323
317
378
345
299
259
274
318
360
289
278
245
266
285
319
288
319
206
486
312
248
312
322
269
315
330
306
352
289
323
263
303
380
281
311
227
258
363
310
336
256
0 1
2 0
0 3
4 0
3 5
6 0
7 1
5 8
2 9
10 5
10 0
0 11
0 12
13 0
0 14
15 13
5 10
5 16
14 17
18 10
9 19
20 0
1 21
9 22
23 0
24 0
25 7
0 6
26 0
0 27
28 0
5 29
16 1
3 30
0 31
1 32
33 21
18 34
0 35
36 9
37 7
4 38
21 39
9 40
21 41
42 26
9 26
43 1
7 44
9 45
1 46
47 0
36 21
48 13
40 48
49 43
44 32
9 10
49 50
48 46
45 9
1 45
21 9
39 51
44 21
37 9
0 52
10 53
53 0
54 0
0 15
53 29
43 21
55 39
56 0
57 1
38 18
58 29
59 21
60 49
0 61
62 40
0 63
38 44
64 1
51 65
26 66
60 67
5 68
26 69
53 66
48 40
41 70
6 12
21 59
7 71
72 41
70 25
44 71
73 52
57 40
74 44
75 21
9 1
58 21
48 38
58 19
71 76
5 3
77 73
58 78
7 21
79 44
66 80
80 66
81 66
82 49
78 21
58 75
0 56
0 83
58 45
48 75
81 44
0 84
39 1
0 85
44 74
70 45
63 45
86 30
17 65
53 21
0 19
40 75
81 73
66 40
14 0
87 66
88 60
0 17
52 70
1 7
49 62
45 89
48 0
44 59
26 34
31 71
68 32
48 31
71 31
49 7
43 7
8 5
44 7
26 68
5 9
90 81
4 91
92 79
30 93
45 40
21 33
58 34
7 37
67 17
63 1
10 94
49 9
95 0
18 89
74 0
44 4
21 1
58 94
57 9
73 60
10 82
96 60
21 97
66 96
21 45
47 78
32 1
48 44
0 88
71 44
78 75
0 98
73 75
73 99
47 32
100 36
21 16
60 0
101 55
53 102
80 9
80 1
9 0
56 18
103 38
17 5
73 43
52 77
63 0
103 99
42 101
102 21
104 62
90 0
78 11
9 57
77 53
34 73
105 96
78 53
91 4
81 75
55 75
1 96
106 60
79 12
66 48
42 5
25 39
38 104
0 101
53 107
62 49
1 44
30 1
77 11
21 107
66 63
17 0
34 48
78 62
53 94
108 107
70 48
77 62
104 11
0 4
44 58
109 67
0 110
45 26
1 97
91 111
9 95
9 106
107 58
81 43
0 106
