#qgen
55
282
368
416
248
266
282
285
401
281
298
371
300
299
363
306
315
227
287
194
380
288
323
264
345
328
372
296
269
281
341
288
317
227
325
317
316
259
323
262
295
350
310
266
356
363
321
318
362
249
284
319
268
206
368
245
128
0 1
0 2
0 3
4 0
1 5
6 0
7 0
8 0
2 0
9 0
0 10
0 11
0 12
0 13
0 14
8 15
16 0
17 0
15 18
19 15
18 3
0 20
0 21
2 19
0 18
0 16
22 0
0 23
0 24
0 25
0 26
27 0
28 0
19 0
0 29
0 30
31 18
18 32
0 19
18 2
33 0
34 0
25 18
35 0
36 15
34 19
18 0
37 0
38 0
26 0
0 22
0 36
15 34
2 39
36 28
32 34
33 18
36 0
39 40
36 34
20 0
0 17
41 0
24 31
33 7
5 0
0 4
24 0
0 38
0 5
0 42
31 16
7 39
24 19
0 27
0 43
39 2
16 31
5 39
36 32
0 44
36 19
0 37
18 31
29 0
36 31
39 5
36 39
45 0
3 46
32 36
19 39
19 24
32 0
43 0
47 0
19 36
15 2
31 23
39 31
32 18
36 24
15 0
0 48
48 0
34 15
10 0
48 43
0 35
46 49
50 32
12 0
19 34
49 35
36 51
51 36
28 52
53 0
32 50
0 28
0 54
32 21
24 36
50 18
0 46
0 53
0 6
36 18
