#qgen
107
288
253
349
277
299
291
305
293
281
316
281
340
266
227
333
335
433
243
323
286
345
351
265
270
360
265
350
294
327
328
287
387
338
272
283
264
287
322
295
305
345
356
298
250
220
292
337
301
291
314
306
361
234
250
275
364
308
331
272
326
295
314
266
300
374
376
325
383
292
317
341
291
55
222
357
78
316
269
210
215
269
302
344
252
307
252
294
254
290
328
322
324
272
284
260
354
286
332
289
332
266
226
208
267
347
350
311
256
1 0
1 2
1 3
4 3
5 3
6 3
3 5
7 3
8 3
3 7
9 1
10 4
6 11
7 11
11 12
10 13
3 14
1 15
16 3
1 17
18 11
19 6
20 6
21 7
11 3
22 1
6 23
13 24
25 21
26 18
27 11
7 21
28 3
29 27
6 30
1 31
24 18
21 27
11 32
33 32
29 34
21 33
35 10
14 18
23 6
36 7
7 12
36 14
25 9
23 37
19 27
38 5
5 39
24 1
31 40
12 14
5 41
42 7
5 34
43 1
44 1
29 45
46 16
6 12
47 27
30 48
12 6
7 49
50 13
51 29
47 6
27 7
11 33
52 28
41 36
53 28
25 1
5 54
55 5
36 21
35 56
32 37
30 57
54 58
59 37
26 60
37 14
58 61
49 62
37 26
1 57
56 63
64 11
24 56
32 5
1 65
18 6
24 35
10 56
58 29
6 66
41 26
57 67
34 26
7 68
69 37
36 6
33 11
56 70
32 21
71 40
72 32
13 4
73 24
48 30
74 58
1 75
1 43
76 56
70 59
28 72
77 58
53 56
78 57
27 19
48 1
60 77
31 79
26 80
6 47
79 9
81 40
82 43
83 6
70 10
84 81
85 74
26 85
12 86
69 58
87 69
3 52
28 69
3 88
85 27
6 89
77 80
56 28
6 83
90 56
50 24
81 44
45 72
91 12
51 32
5 37
18 26
27 71
44 81
57 78
41 74
1 9
29 59
71 24
27 6
76 54
92 24
6 45
24 14
48 93
3 35
10 50
59 56
32 34
13 50
21 42
94 49
11 24
73 88
94 79
5 29
22 95
54 41
66 96
41 87
19 97
1 93
98 1
68 86
48 99
72 77
32 58
49 79
31 25
3 11
95 99
27 12
28 96
60 5
37 77
12 100
7 14
77 74
5 77
99 57
64 7
96 27
33 91
27 101
56 24
57 30
58 36
58 85
12 21
36 27
28 50
96 36
71 27
101 29
27 97
10 70
25 62
3 102
1 84
85 77
5 55
103 96
49 7
37 72
5 51
69 77
99 78
66 19
74 52
3 53
6 96
1 104
30 78
53 52
101 27
105 104
20 23
5 24
61 58
37 74
74 37
47 19
11 36
101 5
97 76
58 51
24 92
72 21
79 62
106 24
87 12
