#qgen
105
273
361
261
344
305
238
290
260
293
296
239
329
326
249
336
271
295
358
343
275
310
242
281
279
314
271
329
296
296
294
508
380
321
291
337
331
339
58
309
258
234
278
317
345
276
330
275
328
233
324
333
301
365
297
405
296
348
236
256
250
291
310
352
291
275
270
325
273
310
314
365
310
67
218
246
288
249
308
304
350
278
323
224
303
263
317
283
323
287
346
313
127
321
296
362
302
248
355
281
349
340
351
239
308
291
256
1 0
2 1
3 0
4 1
5 1
0 6
7 0
1 8
9 8
7 10
11 1
12 1
1 13
1 14
9 3
15 5
16 4
17 1
6 18
19 9
13 20
21 16
21 22
7 23
17 24
21 25
26 1
22 27
28 17
29 22
30 14
31 1
18 32
33 21
32 34
14 1
22 35
1 25
14 36
37 22
30 35
23 38
39 0
40 0
41 34
15 42
19 32
43 13
27 22
40 44
42 45
23 9
40 28
35 46
47 23
48 16
49 27
50 33
10 51
14 52
25 53
47 35
48 20
9 54
28 20
19 46
55 16
7 49
22 53
37 56
45 57
46 16
37 21
48 58
17 19
18 49
14 28
59 50
53 37
56 60
53 46
34 35
10 61
60 26
26 37
52 48
1 62
13 22
32 63
14 62
48 28
34 13
64 1
9 2
23 65
56 26
25 62
54 57
42 43
19 1
35 66
32 67
35 21
33 9
35 24
52 68
36 30
52 56
69 44
24 19
49 70
34 60
71 4
3 47
14 42
72 39
0 39
16 33
1 44
34 62
73 30
74 32
75 71
76 40
77 43
66 23
16 20
52 16
21 35
78 3
50 21
8 79
47 44
80 66
29 19
17 21
51 78
62 1
81 10
36 34
82 22
70 3
30 17
34 55
10 83
84 34
20 66
51 10
1 85
53 21
70 61
34 50
50 3
86 59
20 42
58 87
21 59
88 43
13 66
89 57
90 56
73 41
91 1
36 60
36 66
24 90
92 1
27 49
30 80
16 17
39 10
3 32
42 21
32 64
84 45
37 36
45 15
86 9
93 70
26 16
71 34
56 94
29 0
69 47
65 47
21 28
39 63
95 11
63 9
96 94
7 40
18 3
42 46
68 13
50 90
21 66
62 48
59 60
0 50
20 55
97 9
98 11
25 71
60 35
59 62
16 55
19 33
92 9
26 46
42 16
28 40
15 9
81 9
29 59
1 99
1 100
1 53
64 43
56 14
11 98
43 101
22 25
18 99
66 22
53 43
9 11
66 87
28 36
102 1
69 66
103 89
16 24
66 7
24 51
50 0
104 1
53 52
60 19
14 48
32 18
43 64
101 53
30 90
95 89
36 21
33 49
83 0
40 22
19 60
94 15
42 52
21 4
47 70
10 1
32 59
26 34
