#query
64
Y
V
N
E
I
A
F
L
A
L
K
S
S
L
L
A
D
N
T
E
T
L
A
P
E
K
D
H
N
I
E
K
M
S
I
S
I
K
D
I
L
Y
K
I
A
L
M
K
L
L
K
L
K
K
V
I
N
Y
K
N
N
Q
I
L
256
1 0
0 2
0 3
4 2
5 4
1 6
7 4
7 8
9 2
9 10
1 4
1 11
12 4
4 6
0 13
14 5
4 15
14 16
16 17
5 18
19 18
13 20
15 21
22 1
23 13
17 24
25 6
12 22
0 25
6 26
27 24
28 22
2 26
15 29
30 23
19 31
22 32
33 32
33 8
0 19
1 13
25 26
24 34
15 35
36 25
9 23
28 17
37 15
37 8
37 22
20 8
12 9
19 29
38 7
39 30
9 7
37 40
14 38
41 38
36 11
42 10
43 19
28 8
44 39
13 7
45 19
30 11
21 46
6 21
47 5
44 31
12 15
40 26
13 2
48 6
49 21
30 13
30 50
51 30
10 38
10 52
30 34
53 6
39 50
9 20
39 24
54 38
18 6
51 36
14 55
52 7
52 24
55 33
46 56
12 1
4 57
54 20
18 31
23 3
19 16
4 21
37 16
44 32
53 25
39 1
58 46
53 40
48 40
47 19
51 3
52 47
9 34
12 19
59 2
12 13
42 47
44 51
11 2
43 5
42 52
44 40
25 40
60 55
7 24
22 39
26 56
48 49
28 12
37 39
5 33
51 23
15 33
43 55
61 2
62 43
12 33
36 50
1 48
16 8
59 60
5 32
5 21
44 22
13 55
22 4
45 21
37 35
12 6
0 6
33 21
12 45
54 47
11 3
61 45
37 36
4 31
21 56
45 15
12 17
55 19
7 6
51 2
38 20
14 57
54 27
43 14
61 13
54 29
51 21
43 15
14 15
28 33
9 51
10 55
42 2
20 19
59 3
55 16
47 33
13 47
13 5
52 20
51 48
32 17
0 58
7 17
45 4
21 63
50 53
37 57
15 18
57 31
30 1
41 16
51 1
32 56
48 11
26 46
32 8
28 36
49 56
37 32
4 35
58 40
22 51
61 23
48 3
10 27
55 8
19 35
14 7
27 45
2 40
41 7
29 24
43 16
60 47
50 58
3 2
28 4
13 52
7 15
20 47
61 29
2 49
30 36
60 20
12 36
33 18
55 15
62 20
47 2
45 29
19 40
44 33
40 63
4 32
27 14
23 11
37 9
54 41
53 2
7 29
44 4
14 17
39 29
49 46
44 29
15 57
37 12
3 40
12 61
58 49
8 24
43 7
16 29
