#query
118
K
Y
F
E
L
K
S
K
D
V
N
N
T
S
D
I
K
L
A
V
T
Y
A
P
N
K
Q
V
T
N
Y
I
H
I
I
L
V
I
A
K
K
L
N
L
L
S
I
L
T
S
K
A
L
L
N
L
D
I
T
E
K
G
K
M
L
L
N
P
E
V
A
S
S
V
V
A
F
L
I
Y
K
F
A
D
P
I
A
M
N
L
I
N
D
N
K
S
K
E
K
D
G
I
K
D
N
T
K
K
Q
L
N
V
Y
I
G
F
E
S
256
1 0
0 2
1 3
4 3
5 4
1 6
7 4
7 8
9 8
5 10
11 8
5 12
13 10
10 14
15 6
13 16
9 17
13 18
19 17
20 15
11 21
22 16
23 4
5 24
25 12
26 23
27 10
28 15
22 29
28 30
8 31
32 11
18 33
29 34
31 35
29 36
24 4
37 36
38 35
12 38
32 39
28 40
10 41
42 18
10 2
43 6
14 44
17 25
45 33
22 46
38 47
13 26
2 47
0 10
48 16
49 33
50 9
51 16
13 52
13 51
53 6
51 54
54 39
45 36
55 15
56 19
52 34
52 43
57 33
34 57
23 5
5 7
3 58
13 59
60 43
59 40
61 16
39 62
46 37
51 63
64 33
49 57
15 65
43 65
16 66
67 17
2 65
39 68
52 47
61 69
51 57
46 43
49 54
70 41
45 71
47 44
72 54
73 8
15 74
22 75
76 40
29 26
18 57
77 69
54 33
65 75
78 18
56 39
52 10
79 72
49 16
52 80
81 30
50 12
82 74
52 6
80 14
83 16
38 49
81 84
84 74
77 85
67 42
41 75
33 68
55 82
32 25
15 86
87 16
88 75
89 12
76 90
9 21
91 81
55 16
1 5
92 81
93 5
94 15
22 53
55 41
95 88
38 3
88 96
89 34
97 21
49 71
13 57
27 4
98 97
99 25
100 66
45 37
76 53
27 5
101 16
49 42
61 92
6 2
102 29
96 103
14 47
56 104
52 53
102 58
105 57
5 106
11 105
107 87
74 90
83 105
52 59
102 108
103 82
59 109
45 63
38 58
17 34
79 54
18 104
35 18
34 3
45 54
107 110
42 16
59 53
76 66
72 21
17 38
45 111
102 87
22 41
32 98
20 40
106 63
82 84
3 49
76 103
7 9
94 40
97 73
64 12
58 14
38 57
112 100
63 95
80 44
46 59
106 10
45 101
35 95
19 97
101 15
3 83
15 107
106 49
15 43
19 18
20 81
58 2
29 55
55 74
69 16
28 91
71 100
13 2
47 110
85 16
113 21
27 68
7 32
103 90
105 18
55 103
40 114
79 51
64 43
52 60
63 65
36 109
87 44
13 54
56 73
111 115
55 40
9 12
6 116
97 105
20 74
82 30
9 106
117 45
3 51
17 18
89 38
107 41
