#query
32
E
V
N
I
I
K
K
I
K
I
L
S
G
I
E
L
N
G
S
Q
G
R
K
L
K
K
E
I
K
D
Y
K
128
1 0
2 1
2 3
3 1
4 2
5 0
6 5
7 3
1 8
9 6
2 7
10 0
1 5
11 3
7 12
2 13
4 14
2 15
16 3
16 1
3 17
18 7
13 15
18 2
9 19
15 14
13 1
19 20
2 16
7 17
3 12
9 21
13 3
13 14
22 9
23 20
15 1
5 24
22 17
19 23
23 25
13 26
27 17
1 21
6 19
11 13
7 28
8 24
0 29
13 25
7 5
28 19
21 20
26 17
1 23
27 22
9 28
14 25
1 10
2 9
30 18
6 1
0 23
2 17
9 1
4 1
21 23
28 6
13 27
3 6
6 10
19 8
17 21
16 27
15 26
19 10
30 10
8 31
2 14
30 29
13 17
23 24
21 24
2 11
23 29
10 20
7 26
6 0
10 24
22 6
3 9
21 25
4 21
26 3
29 31
21 0
3 28
17 5
11 27
28 8
3 21
7 6
11 15
22 1
21 29
8 23
15 27
14 31
4 10
0 25
7 9
14 0
11 1
18 16
12 28
16 7
2 5
26 12
10 8
4 11
18 11
15 22
19 21
10 29
5 20
11 14
5 29
27 3
