#qgen
109
72
151
397
464
428
505
418
33
244
13
421
107
322
250
331
72
384
4
375
327
86
120
346
106
229
17
141
33
142
269
487
264
378
268
250
352
483
321
142
11
327
409
314
151
214
435
59
308
161
28
427
186
291
430
197
67
126
178
327
450
206
261
477
403
365
44
333
266
410
223
323
97
122
17
377
473
157
351
71
222
254
286
27
478
3
210
155
361
112
228
315
156
227
299
471
380
197
457
335
264
3
182
38
1
158
273
391
425
310
256
0 1
0 2
2 3
4 3
3 5
6 3
3 7
8 3
9 3
10 4
11 7
11 12
13 11
14 2
4 15
16 3
0 17
10 11
3 18
19 5
5 20
0 21
22 12
23 22
24 12
25 24
26 1
24 27
10 15
28 24
29 2
25 30
31 2
26 27
23 32
33 22
24 11
34 33
3 35
28 36
24 37
38 33
26 39
19 40
17 1
41 39
28 42
3 43
44 27
38 39
34 24
0 14
45 37
45 11
0 46
26 47
48 11
3 49
50 20
33 51
44 41
26 23
25 52
53 44
54 6
5 40
26 55
56 29
57 4
58 29
22 59
57 37
60 27
61 58
28 5
28 56
62 57
63 45
48 30
32 64
37 39
65 3
32 66
29 36
23 66
32 67
68 3
38 55
34 45
69 27
24 70
71 27
60 58
54 63
23 33
23 4
72 0
54 58
62 39
5 24
26 32
3 73
48 64
61 74
14 1
75 70
75 27
76 70
47 54
2 46
32 70
77 27
78 3
79 6
0 80
61 28
44 48
22 3
57 7
23 55
38 32
32 81
54 82
47 28
26 63
11 35
34 51
26 74
60 4
15 70
32 83
32 47
22 53
24 39
29 39
23 70
23 64
69 84
19 50
6 51
85 74
58 86
51 36
87 3
88 1
82 36
32 45
47 89
42 58
47 42
5 63
60 12
12 90
87 74
91 44
41 73
8 47
57 18
77 3
28 12
62 34
92 39
66 53
64 70
1 3
23 15
75 12
23 93
30 11
34 41
42 29
26 10
29 27
4 32
94 12
28 51
44 45
95 51
11 39
25 36
29 46
22 29
93 39
66 45
59 12
23 47
48 24
27 39
96 40
69 28
97 42
11 86
32 3
88 29
5 36
83 3
92 51
33 24
45 27
91 98
95 71
69 78
10 39
38 23
99 96
86 27
62 53
44 95
11 100
91 95
101 3
74 42
19 99
45 64
25 48
102 33
3 103
57 47
79 104
55 42
38 10
69 39
75 62
15 97
34 4
95 105
24 45
88 58
34 23
52 64
57 106
14 17
43 107
1 46
38 74
56 42
48 27
26 45
25 103
86 39
94 25
33 28
99 20
54 42
93 6
44 63
11 37
10 108
28 82
8 106
62 60
97 39
93 54
84 47
84 66
74 63
