#qgen
57
115
313
216
176
165
426
152
273
303
204
304
396
49
27
148
296
491
59
214
240
139
383
355
12
433
25
353
415
234
400
27
18
103
257
323
497
352
269
226
33
296
167
289
497
114
99
166
382
232
5
420
183
196
25
498
286
496
128
1 0
2 1
2 3
2 4
2 5
6 1
7 1
0 8
9 1
6 10
11 0
2 12
13 0
9 6
14 7
7 15
11 15
9 0
16 15
2 17
14 18
13 6
14 1
19 8
20 0
0 21
0 22
2 23
7 8
18 24
14 25
6 21
14 10
9 25
26 23
2 27
0 10
2 28
2 29
2 30
20 25
7 20
11 16
0 31
32 28
33 2
11 10
19 16
7 34
19 10
35 1
2 36
1 24
2 37
25 24
2 38
3 17
34 24
8 25
34 15
34 16
2 39
2 40
7 25
19 25
1 21
20 13
20 34
6 8
40 31
2 41
2 42
7 19
19 22
2 43
19 6
20 1
20 24
2 44
13 9
8 24
4 45
42 23
10 15
24 10
18 20
14 15
26 46
14 16
2 47
13 16
9 11
18 7
21 24
40 48
2 49
50 34
11 25
34 0
2 51
16 10
2 52
18 8
45 53
0 15
14 33
4 48
2 50
9 16
11 8
19 15
42 45
50 19
34 9
7 10
14 6
2 54
32 1
2 45
55 48
4 23
26 56
9 10
16 25
14 19
7 11
45 52
13 10
