#qgen
49
214
247
420
407
332
398
157
333
272
23
418
433
20
451
52
17
410
161
358
39
509
510
253
440
241
352
488
389
327
120
4
448
244
445
195
321
119
178
401
9
269
158
306
65
369
427
387
167
294
64
0 1
0 2
0 3
0 4
0 5
0 6
0 7
0 8
0 9
0 10
0 11
0 12
0 13
0 14
0 15
0 16
0 17
0 18
0 19
19 17
0 20
11 21
22 4
0 23
0 24
0 25
0 26
0 27
0 28
0 21
0 29
0 30
0 31
0 22
0 32
0 33
0 34
0 35
0 36
0 37
0 38
0 39
0 40
0 41
0 42
0 43
0 44
44 43
43 45
44 45
2 45
46 45
2 46
47 46
47 45
44 47
2 47
43 47
47 48
43 48
48 46
48 45
44 48
42 48
