#qgen
77
214
39
241
389
510
398
47
155
333
18
157
440
20
369
254
178
52
401
244
272
327
418
65
300
478
442
133
156
197
509
17
4
119
161
195
488
358
269
115
253
420
448
306
433
86
23
120
272
158
321
247
451
445
333
352
332
319
58
244
9
393
495
407
410
397
446
502
456
346
499
403
197
477
178
150
326
48
128
0 1
0 2
0 3
0 4
0 5
0 6
0 7
0 8
0 9
0 10
0 11
0 12
0 13
0 14
0 15
0 16
0 17
0 18
0 19
14 20
0 21
13 22
23 18
0 24
23 25
0 26
0 27
28 22
0 29
0 30
0 31
0 32
0 33
0 34
0 28
0 35
0 36
0 37
0 38
0 39
18 25
0 40
0 41
0 42
43 4
0 44
18 21
0 45
0 46
0 25
0 47
0 48
0 49
0 50
0 51
0 22
1 33
23 21
0 52
38 2
0 43
0 53
0 54
0 23
0 20
39 55
0 56
0 57
0 58
0 59
0 60
0 55
0 61
25 21
0 62
0 63
0 64
0 65
0 66
0 67
0 68
0 69
0 70
69 5
69 71
71 72
69 72
24 72
72 5
72 53
72 73
74 73
72 74
44 74
52 74
68 74
48 74
46 74
27 74
71 73
31 74
31 75
31 76
6 76
50 76
76 40
76 75
53 76
4 75
6 75
8 75
45 75
18 75
68 75
13 76
33 75
16 75
68 76
57 76
39 75
24 76
3 75
61 75
28 76
66 76
52 76
22 76
57 75
