#qgen
60
310
209
86
103
359
27
161
241
398
204
127
335
425
383
52
98
258
357
397
68
70
45
456
370
340
326
186
427
290
505
418
399
456
38
272
48
99
245
235
135
511
336
305
81
297
320
323
258
212
390
234
314
352
148
146
314
374
400
304
134
128
0 1
0 2
0 3
0 4
2 5
6 0
7 2
1 8
9 4
4 10
11 1
12 7
13 4
8 14
3 15
15 16
17 16
18 5
19 5
2 20
21 5
5 22
19 23
24 19
25 2
3 26
27 16
28 1
29 24
4 30
21 18
31 23
12 18
29 18
32 24
33 21
20 34
4 35
29 23
25 7
33 24
26 27
2 19
7 29
20 18
12 36
29 5
37 18
31 29
36 22
32 21
37 5
36 38
12 23
39 32
33 2
21 19
40 14
3 41
17 15
22 34
42 23
5 23
41 43
4 14
0 40
24 23
44 26
7 23
17 45
0 26
44 46
6 9
2 36
9 47
26 48
36 19
20 22
4 49
50 11
3 16
31 38
21 51
2 32
31 2
24 18
5 38
39 22
32 37
12 37
52 44
18 38
44 53
54 3
18 51
39 2
4 47
55 51
55 36
18 23
36 18
37 42
13 52
25 22
56 41
37 22
9 30
13 49
52 53
31 18
37 23
2 37
57 3
2 23
52 4
9 53
20 24
58 14
34 42
7 21
36 24
33 29
23 51
22 23
36 42
59 41
24 38
58 46
