#qgen
117
19
444
193
418
145
204
389
171
268
99
126
216
296
291
425
405
500
389
472
452
331
275
26
316
409
400
65
392
28
339
330
264
139
466
443
21
103
340
114
9
308
208
297
426
43
121
199
28
324
384
505
104
118
333
412
411
96
289
119
271
282
25
171
75
44
398
395
277
475
399
161
36
134
375
508
240
125
150
163
464
46
414
146
164
154
86
508
53
46
267
98
72
181
100
317
233
116
107
228
470
87
475
211
270
488
201
127
89
240
19
316
382
502
139
289
496
17
256
0 1
1 2
1 3
1 4
5 0
6 5
1 7
1 8
3 9
6 10
0 11
12 3
13 10
14 0
11 15
11 16
8 17
16 18
16 19
20 13
21 9
22 18
23 5
24 2
8 25
8 26
25 27
11 27
15 26
28 11
10 8
29 19
15 4
30 16
31 7
9 32
33 17
34 17
13 28
1 35
36 9
14 37
12 25
1 38
17 39
1 26
36 29
37 40
41 37
42 24
43 27
14 44
45 19
44 46
22 34
47 35
48 11
19 49
50 10
44 51
46 52
53 25
30 54
4 52
55 7
48 56
42 16
37 57
22 26
58 40
40 59
40 38
11 60
6 37
43 61
62 38
10 33
63 29
64 36
7 65
10 30
66 18
64 28
37 67
68 17
3 69
70 27
36 71
30 72
73 46
33 32
26 71
74 16
23 11
32 75
46 27
6 76
69 77
78 12
55 36
79 47
1 80
20 81
80 82
10 83
10 84
85 48
22 67
65 51
26 86
43 32
78 85
68 59
10 4
87 40
10 53
9 84
88 9
61 65
44 89
85 76
24 65
9 19
14 72
40 84
48 55
60 52
90 54
91 41
0 92
23 93
24 40
1 49
83 54
23 81
12 46
94 79
88 7
95 38
64 48
35 96
9 97
44 49
23 64
12 98
18 89
91 34
23 79
30 99
23 70
3 49
33 26
96 59
12 67
100 46
73 26
101 82
57 27
11 25
38 71
28 72
37 58
100 97
102 30
103 19
23 49
84 49
16 51
36 32
59 17
101 104
22 3
29 105
45 51
106 28
48 102
107 98
0 37
96 2
30 74
24 44
33 7
74 108
10 57
107 20
83 36
60 38
22 16
0 12
60 61
73 101
78 28
21 100
109 71
96 84
48 54
13 93
43 97
95 102
94 55
88 101
93 110
80 65
78 25
93 41
85 14
66 4
40 65
94 14
47 8
3 100
44 111
48 14
112 88
96 65
96 40
33 73
25 86
77 100
33 43
10 113
59 108
92 99
72 33
50 41
83 74
41 11
100 71
33 40
10 27
79 39
32 29
8 57
34 25
72 113
57 105
57 46
114 86
21 40
88 83
4 115
45 26
37 46
20 95
22 77
23 99
91 116
73 86
60 89
69 82
23 98
91 93
40 86
24 19
30 52
12 58
