#qgen
53
418
180
226
412
498
53
373
374
48
407
208
189
302
260
456
490
58
202
351
185
242
347
133
351
280
226
118
352
193
390
433
453
126
51
281
256
322
125
327
158
335
231
262
338
331
170
321
496
304
204
342
85
9
128
1 0
0 2
3 2
4 3
3 5
6 3
0 5
3 7
6 8
9 1
10 0
11 7
12 0
4 8
13 0
14 0
1 15
16 7
16 17
18 6
19 4
12 20
16 3
21 5
22 10
23 14
18 12
18 8
1 24
12 7
12 25
26 21
27 8
11 28
22 29
0 30
31 3
25 32
16 30
33 32
4 11
34 18
23 35
15 8
31 0
36 24
37 12
8 7
8 38
11 15
21 39
18 35
36 40
31 41
33 38
14 40
36 16
15 41
31 32
22 23
42 27
19 11
43 16
44 3
45 28
33 10
17 3
46 40
24 3
27 24
42 38
47 11
11 24
24 29
23 37
13 48
28 15
22 0
23 49
36 25
26 12
8 21
28 8
11 44
1 23
40 3
46 28
22 48
36 20
50 20
8 49
12 41
50 38
34 28
16 29
25 44
29 0
34 21
23 50
4 45
36 8
19 43
34 17
24 21
6 24
51 3
48 45
24 30
9 3
35 21
48 11
18 17
34 41
21 32
35 32
47 39
27 45
46 18
52 17
9 18
26 1
45 29
22 38
52 51
24 16
46 0
25 49
23 17
