#qgen
61
58
122
167
109
23
308
485
431
312
306
8
72
144
150
151
435
368
176
205
346
450
395
103
374
211
396
209
287
312
94
433
39
459
158
25
21
451
350
409
346
365
127
319
109
5
124
425
340
203
183
465
474
151
49
332
62
304
306
334
485
229
128
0 1
1 2
3 0
4 2
1 5
2 6
0 7
1 8
4 9
10 9
4 11
0 12
3 10
13 2
2 14
11 15
3 16
17 2
6 15
18 15
3 19
0 20
17 15
18 21
18 2
2 22
23 20
24 0
17 16
10 25
11 26
27 26
28 2
29 20
4 30
31 7
2 9
17 9
20 14
0 30
10 6
4 10
32 0
27 33
34 20
3 35
25 26
3 25
17 26
4 17
2 36
2 37
25 6
38 36
23 0
39 22
2 21
38 40
27 41
42 39
43 16
11 18
34 33
34 44
3 11
4 3
9 6
25 9
31 33
45 0
18 9
3 26
10 26
19 11
46 2
38 2
31 47
48 0
47 11
23 14
9 49
50 19
19 35
33 51
19 26
22 52
47 16
27 51
35 17
4 28
33 26
53 2
51 35
17 54
2 52
55 2
50 45
45 11
50 17
35 30
15 49
0 56
2 49
0 17
22 14
4 18
11 2
57 8
9 15
47 26
43 41
55 33
3 51
53 14
22 56
50 58
59 2
29 2
45 26
47 33
45 16
34 9
19 0
11 9
0 60
34 2
49 20
59 52
