#query
118
I
R
I
H
V
F
A
C
N
S
E
H
D
R
M
K
I
K
I
F
V
K
I
I
E
M
V
G
R
P
L
L
L
A
E
P
N
H
T
D
I
V
R
D
L
E
V
T
I
A
E
G
Y
I
F
R
I
I
K
A
T
A
S
T
S
K
N
L
V
T
V
G
E
A
T
F
A
D
L
K
L
Y
I
R
F
W
N
L
I
E
N
C
G
T
V
V
T
D
S
K
R
N
E
S
D
E
N
L
D
T
L
V
Y
Y
S
A
S
G
256
1 0
2 1
3 0
4 3
3 5
2 6
7 2
7 8
9 1
4 10
11 5
6 12
13 2
0 14
10 14
15 13
16 0
6 17
18 1
19 12
19 20
19 16
21 17
22 14
3 23
12 24
25 2
13 8
26 11
8 27
28 6
29 5
30 27
14 31
22 32
33 2
1 34
35 1
36 2
37 14
0 29
5 38
39 32
22 40
6 1
28 21
30 41
3 2
42 5
43 33
3 17
36 25
28 1
5 37
44 5
8 41
45 13
46 45
47 20
14 48
49 11
14 50
1 23
28 51
52 1
53 38
22 54
55 8
19 56
57 27
27 58
59 54
20 56
22 16
60 35
61 45
58 62
29 38
21 18
42 63
44 4
64 47
52 65
45 15
66 34
67 58
36 12
12 68
26 58
38 10
2 34
35 17
23 65
38 69
70 40
29 69
52 34
53 44
4 71
72 11
36 54
4 60
68 40
63 60
27 73
52 29
31 56
59 24
54 48
9 74
75 72
22 76
77 71
71 9
77 57
77 78
28 74
22 79
14 80
58 81
21 9
46 15
36 35
82 17
66 17
83 62
3 65
1 84
57 85
77 86
21 36
26 57
87 50
72 53
61 88
11 63
89 74
35 90
83 41
75 26
19 79
91 24
92 54
36 3
93 26
17 1
49 94
16 95
96 1
23 91
82 2
53 76
33 1
97 56
62 98
99 48
32 95
37 76
14 100
68 101
102 62
83 102
70 59
19 96
1 68
58 71
44 71
58 103
75 5
3 29
27 62
43 66
32 50
104 20
83 85
7 25
93 20
89 61
105 94
86 106
29 14
35 5
107 73
51 70
108 30
22 5
18 109
72 42
30 67
83 42
46 110
9 94
111 3
112 7
4 80
105 98
80 48
17 74
110 113
87 100
69 80
106 37
96 5
6 18
60 1
77 2
42 102
33 66
78 7
85 8
79 87
107 41
114 43
81 94
105 53
52 96
85 102
53 11
55 108
80 94
7 43
12 115
7 17
71 6
46 116
16 14
33 90
49 48
95 34
92 52
112 107
76 80
58 44
8 67
103 47
0 5
112 82
28 61
46 82
93 105
19 1
117 114
44 42
4 69
63 3
3 33
23 54
67 41
70 94
1 59
4 35
5 69
116 67
108 116
12 91
75 102
