#query
58
N
S
K
T
L
T
T
P
Y
G
E
L
H
T
K
Q
S
M
N
T
E
E
P
E
V
T
Y
N
T
E
V
E
R
L
Y
S
P
V
V
E
G
E
I
I
P
F
K
N
L
F
F
V
N
V
T
L
K
Y
128
0 1
2 0
2 3
2 4
5 1
5 6
2 7
8 4
9 4
2 10
8 11
4 12
5 13
6 10
14 0
3 12
7 15
16 1
2 17
18 0
7 19
20 4
21 3
3 22
8 1
23 6
21 24
21 4
8 25
8 17
12 0
12 26
2 8
16 10
27 21
26 28
8 12
11 1
29 5
8 7
28 0
1 19
5 30
31 20
27 32
33 20
12 34
32 11
30 35
36 15
37 12
38 6
39 1
38 40
2 13
1 36
38 8
30 15
41 22
3 42
33 12
5 43
0 6
27 44
37 4
6 13
4 3
17 29
23 34
45 24
34 14
8 32
46 39
40 28
47 43
23 25
4 42
32 43
25 5
35 1
38 41
38 25
37 2
21 17
18 3
7 43
47 11
23 29
8 22
11 19
38 48
38 10
22 10
21 45
21 31
23 49
18 12
16 13
7 6
2 49
8 3
47 13
48 34
38 4
50 44
12 28
38 32
51 4
12 42
8 27
11 36
33 51
38 45
8 50
34 49
52 19
53 30
18 41
10 36
28 41
8 43
6 50
39 54
55 11
0 10
31 42
56 20
47 57
