#query
64
N
N
E
T
P
M
K
T
Y
G
K
F
Y
H
S
R
T
P
G
L
E
F
V
V
K
L
V
I
H
E
K
R
L
F
T
L
Q
T
N
H
K
V
I
F
N
T
L
I
V
P
N
H
N
E
E
G
E
F
S
E
E
S
S
P
256
0 1
2 1
0 2
1 3
2 4
5 1
6 1
6 0
6 7
6 8
9 1
0 10
8 11
12 3
5 13
12 14
15 14
1 16
0 9
12 17
12 18
19 16
6 20
21 10
22 11
9 23
3 24
25 3
18 8
26 23
27 8
12 0
28 23
23 29
30 7
22 31
32 13
9 33
28 19
26 15
34 31
2 35
36 32
6 37
38 37
39 30
25 16
6 5
40 10
41 31
34 42
43 27
32 27
6 18
12 44
45 14
41 13
46 27
12 7
27 45
12 47
6 11
47 4
22 42
48 27
18 27
3 49
3 18
5 11
28 32
48 45
2 41
34 50
51 8
52 25
48 51
0 25
38 30
51 37
5 46
28 53
12 25
12 51
31 11
13 29
5 39
5 34
54 48
33 27
54 55
26 16
23 56
39 55
57 55
12 10
0 4
23 25
48 26
26 24
45 21
15 45
0 35
5 56
49 10
51 44
53 25
6 47
25 51
41 27
6 23
32 23
11 16
33 39
7 45
12 37
22 33
6 9
34 49
53 52
38 58
48 37
59 39
50 59
15 37
40 47
16 24
15 60
8 16
12 5
19 27
26 34
43 28
19 52
48 33
2 49
13 19
33 47
12 1
54 27
52 29
38 57
26 46
33 58
44 17
59 11
42 11
22 39
5 42
20 17
38 55
25 18
41 11
5 36
6 24
28 13
46 13
6 15
18 17
39 7
22 8
12 60
48 5
61 58
46 8
54 42
5 19
36 13
27 24
34 39
61 37
33 60
9 49
1 4
6 14
3 60
5 59
6 51
6 34
9 5
26 8
31 7
9 56
34 28
26 2
55 37
54 11
9 25
47 49
62 14
54 46
50 42
3 27
34 37
42 43
5 28
52 24
54 51
26 3
26 44
22 27
2 40
12 63
28 36
0 3
32 19
2 27
21 47
6 21
2 23
3 44
6 49
33 7
44 63
26 27
55 7
12 34
33 59
27 11
59 7
37 60
53 23
22 26
27 16
51 45
13 25
59 30
13 52
3 17
19 11
17 15
5 33
61 14
54 30
7 21
9 4
58 45
7 58
26 18
31 30
33 42
54 31
5 41
48 12
44 45
34 41
51 17
6 17
15 63
46 56
44 60
34 47
10 4
2 33
50 39
18 51
33 41
