#query
59
V
F
V
I
T
Y
T
Q
N
K
E
E
A
G
G
K
V
Q
V
A
F
D
L
R
V
P
G
T
D
L
D
E
N
I
R
Q
L
I
W
Y
G
T
D
R
P
H
E
I
R
P
S
Y
Q
L
F
L
T
I
Y
128
1 0
0 2
2 3
4 2
5 3
6 2
7 3
8 3
6 9
10 2
11 0
10 12
13 4
7 14
15 1
16 3
17 1
18 6
18 19
10 4
20 3
21 10
22 3
23 1
24 3
25 1
26 19
17 11
27 6
21 4
28 16
29 22
30 25
21 13
19 31
32 0
29 5
5 16
2 33
34 12
30 35
20 36
37 2
38 3
3 14
38 39
29 2
6 40
23 26
20 16
4 9
41 5
29 14
42 39
27 43
28 6
37 23
24 33
44 39
23 43
45 17
23 34
28 45
46 20
9 2
28 18
28 17
5 33
47 36
13 18
31 48
39 22
21 25
49 3
27 16
49 33
48 43
39 16
44 9
50 1
30 36
51 3
26 43
38 49
26 52
43 9
41 29
47 16
16 36
10 43
29 38
35 40
0 49
46 53
42 22
51 54
4 50
41 42
47 1
28 47
8 22
55 5
27 44
5 6
41 37
43 50
43 32
56 9
47 44
35 25
42 9
57 3
23 47
16 2
21 2
54 22
31 15
30 23
23 28
52 6
30 9
58 5
10 25
10 0
48 57
8 6
37 35
54 16
