#query
121
F
R
Y
I
I
N
I
N
I
D
V
L
G
A
V
F
I
C
I
R
D
K
E
P
E
Y
N
L
N
G
V
E
G
G
T
I
M
C
M
E
T
P
T
Q
L
I
F
S
S
E
A
G
V
L
K
N
W
P
R
D
T
S
M
K
L
D
E
R
W
L
I
A
A
E
D
L
V
T
K
V
I
R
E
T
I
F
P
A
G
H
V
R
A
V
E
T
S
Q
K
L
T
K
T
K
K
N
E
I
F
V
K
E
A
K
I
C
R
V
K
P
S
256
1 0
2 1
1 3
0 4
5 4
0 6
7 1
0 8
9 7
0 10
11 2
12 8
11 13
14 11
3 15
2 16
17 13
3 18
0 19
4 20
3 21
22 4
11 23
1 24
25 24
9 26
6 27
11 28
29 19
30 3
31 4
29 32
9 33
5 19
34 21
35 21
9 36
37 26
20 10
38 31
16 39
40 19
41 8
18 42
24 43
41 10
29 42
11 44
45 40
46 3
14 16
47 18
14 48
49 33
14 50
51 38
52 13
45 51
53 8
22 54
55 48
38 56
57 7
58 9
59 31
60 14
35 59
37 61
45 62
46 63
11 17
64 41
0 56
65 17
66 14
11 40
17 28
41 40
27 67
68 58
69 42
63 62
34 70
71 50
72 9
73 32
54 29
0 24
74 8
46 0
2 75
1 76
50 65
1 77
37 78
29 40
59 10
73 8
77 47
28 44
79 0
18 44
80 38
81 55
80 82
83 66
49 84
34 85
44 15
39 59
3 44
10 56
86 25
30 38
71 78
87 17
46 35
81 70
88 19
86 43
46 89
87 90
75 88
91 50
92 53
75 67
93 32
94 44
95 39
96 9
75 0
62 59
43 97
98 40
42 4
22 32
87 28
5 22
99 37
89 50
59 20
99 9
42 41
100 3
29 10
90 44
91 96
21 16
86 69
35 31
12 40
13 21
71 16
9 70
101 77
53 27
60 95
99 36
102 15
64 54
30 44
1 48
94 15
63 23
5 103
94 104
57 50
18 10
17 105
81 68
98 82
13 28
63 31
79 25
106 46
2 62
29 79
60 89
107 87
108 95
3 17
6 74
79 41
58 36
60 50
24 41
73 67
69 15
0 40
31 93
63 35
109 6
14 75
51 13
1 52
106 78
81 58
66 76
76 93
52 102
45 23
34 1
59 56
68 99
24 18
31 110
12 34
68 101
9 71
19 110
69 40
68 26
111 85
14 57
22 43
93 40
60 36
32 98
112 74
113 31
28 105
95 53
84 106
114 8
100 42
41 43
79 115
116 77
117 106
78 65
51 23
46 45
20 32
53 118
46 34
112 14
12 11
69 54
119 85
55 71
66 93
108 39
46 102
107 52
17 15
46 75
95 92
91 55
82 110
106 14
46 48
39 53
79 112
59 93
113 59
60 120
