#qgen
38
21
10
23
25
8
10
5
10
28
8
9
16
14
15
13
12
18
21
7
4
2
23
31
27
14
20
15
22
15
19
14
24
12
7
26
2
28
15
128
1 0
1 2
3 2
4 2
5 3
6 5
7 4
8 2
3 9
2 9
2 10
11 2
12 0
13 0
3 14
6 2
7 5
2 3
15 2
16 5
17 1
5 18
2 4
9 3
19 3
2 11
20 3
0 2
16 2
21 2
3 22
2 0
0 13
2 6
5 16
13 16
2 23
3 5
24 2
16 13
0 4
5 7
25 2
7 1
18 5
0 1
26 3
22 3
2 21
2 1
9 2
7 2
23 27
10 15
5 1
4 7
2 28
9 15
4 5
5 6
2 16
2 24
9 5
2 18
3 29
3 20
2 30
5 9
4 1
11 5
14 3
2 7
30 2
1 7
23 2
2 8
1 5
27 23
24 21
2 31
4 0
31 2
5 11
7 0
28 2
15 10
5 4
3 19
6 11
5 2
2 5
0 12
27 3
1 4
18 2
2 15
11 6
15 9
1 17
0 7
3 27
21 24
10 2
2 25
3 26
29 3
32 3
3 32
22 32
32 22
22 33
33 22
32 33
33 32
34 32
33 34
34 33
34 22
32 34
22 34
22 35
35 22
35 36
36 35
36 37
37 27
37 36
27 37
