#qgen
76
19
2
8
5
25
12
30
16
18
22
13
30
20
20
27
23
32
17
23
2
1
6
2
6
2
32
22
14
15
32
24
16
1
31
18
26
4
10
5
29
20
15
1
28
11
9
5
16
24
20
30
28
32
15
9
29
30
19
2
22
7
12
14
31
13
3
6
14
5
17
5
25
1
2
2
5
256
0 1
1 2
3 1
4 1
1 5
1 6
1 7
8 1
1 9
1 10
11 0
2 12
1 13
14 1
0 15
16 2
1 17
1 18
4 19
0 20
1 21
1 22
23 1
1 24
1 25
1 26
1 27
1 28
1 29
12 21
7 1
30 1
27 26
2 1
1 31
1 32
32 1
33 1
27 34
26 27
29 31
35 27
31 10
1 14
36 1
12 24
37 36
27 38
37 21
27 39
27 36
40 0
1 0
41 1
1 42
1 38
18 43
44 1
45 1
27 35
0 40
46 29
29 1
39 27
1 3
5 1
1 12
27 17
31 37
29 30
2 16
34 27
27 25
1 35
15 0
47 1
43 24
0 48
1 49
24 2
27 47
20 0
19 4
38 27
17 1
50 24
1 51
1 19
1 45
12 2
52 37
1 16
52 1
13 1
0 53
17 27
37 23
1 54
55 1
24 19
45 37
36 27
37 4
34 24
1 37
27 8
1 55
29 27
11 54
56 1
16 1
42 1
51 1
53 0
34 1
24 34
47 27
10 1
36 37
48 0
1 46
30 29
1 52
2 57
6 1
1 33
1 23
1 56
58 1
58 2
23 37
37 1
43 1
49 1
1 44
2 21
0 59
27 1
19 1
43 18
43 7
37 24
1 8
29 46
27 41
57 2
19 12
52 19
59 60
54 11
21 27
0 11
52 2
37 29
50 1
27 29
1 61
12 19
31 29
24 1
1 36
21 12
10 31
4 37
1 47
21 37
1 60
1 62
50 36
26 1
21 24
38 1
18 1
27 42
25 1
1 39
61 1
60 59
19 52
54 1
7 43
28 1
31 1
1 43
63 1
24 43
37 45
21 1
9 1
41 27
24 21
4 2
2 52
62 1
1 34
12 37
1 58
46 1
19 24
59 0
24 12
35 1
2 24
42 27
1 50
29 37
25 27
2 58
24 50
2 4
24 37
39 1
37 52
1 4
21 2
1 30
37 31
22 1
37 12
1 41
60 1
8 27
36 50
1 63
12 1
27 21
64 27
27 64
64 40
40 64
40 65
65 40
66 65
40 66
66 40
65 66
65 67
67 65
67 68
23 68
68 67
68 23
68 69
69 68
70 69
69 70
69 71
71 69
69 72
72 69
73 72
72 73
74 72
72 74
72 75
75 62
