#qgen
73
17
26
3
25
20
31
17
13
13
26
28
4
3
21
31
17
27
5
1
3
6
11
15
11
21
9
30
8
19
24
7
4
9
24
1
29
31
27
22
30
4
10
26
18
23
10
25
7
10
5
29
12
17
9
12
21
15
6
8
7
13
26
28
14
27
1
26
21
18
9
31
24
23
256
1 0
1 2
1 3
1 4
5 1
4 1
1 6
1 7
1 8
9 1
1 10
8 1
1 11
12 1
13 1
14 1
1 12
1 15
1 16
1 17
1 18
19 13
1 20
21 1
1 22
16 23
20 4
24 21
1 25
1 13
23 1
1 26
1 21
4 27
21 2
12 4
28 1
18 29
9 23
30 1
31 1
12 20
0 1
11 19
32 1
33 1
1 23
17 1
23 2
34 1
7 35
15 19
1 36
19 28
1 37
29 1
13 27
38 16
39 1
18 40
41 19
25 11
1 42
34 43
44 1
41 4
4 45
23 9
46 1
1 40
1 47
39 16
48 38
1 33
49 1
1 43
2 23
4 20
50 11
1 5
38 51
52 1
40 18
1 51
1 53
43 36
19 4
27 54
16 38
54 27
20 12
55 4
4 55
27 13
40 1
24 23
10 1
1 52
11 1
14 56
25 1
27 7
38 1
57 1
18 57
51 38
43 1
2 1
16 1
1 55
15 1
20 1
51 1
1 19
13 19
11 25
1 39
1 58
4 59
25 40
1 24
1 38
60 1
19 15
31 49
58 40
59 4
1 45
1 57
1 44
40 25
47 1
16 48
54 1
11 50
58 1
48 1
1 34
29 18
28 19
61 1
1 61
7 1
19 41
50 1
38 48
6 1
45 1
1 27
55 50
35 1
22 1
1 46
52 15
1 35
1 31
34 11
5 23
59 1
16 46
35 7
1 29
1 48
55 1
4 19
23 16
21 24
20 36
27 46
23 5
38 5
1 60
16 39
29 62
50 55
40 58
57 18
18 1
3 1
1 32
53 1
27 4
41 1
5 38
42 1
56 1
15 52
43 34
36 20
36 43
45 4
27 1
1 56
19 11
46 16
4 41
37 1
2 21
24 1
1 54
1 59
49 31
63 1
23 24
58 18
1 49
18 58
7 27
48 16
1 28
4 12
1 9
56 14
62 29
11 34
1 14
1 30
26 1
1 41
1 63
62 1
46 27
19 1
36 1
1 62
1 50
64 1
1 64
1 65
65 1
65 66
66 65
67 66
67 29
66 67
29 67
29 68
68 29
68 69
67 69
69 68
69 67
69 70
70 69
71 70
62 71
70 71
71 62
71 72
12 72
4 72
72 4
72 12
72 23
72 71
23 72
