#qgen
69
2
29
19
4
26
11
21
18
29
22
12
3
25
7
3
24
17
3
8
17
29
8
21
29
26
8
5
11
30
27
4
30
9
13
20
13
11
3
16
6
11
17
31
28
16
6
24
23
3
2
28
21
13
5
7
32
5
32
7
16
14
27
8
14
11
11
6
12
2
256
0 1
2 0
3 0
4 0
0 5
0 6
0 3
0 7
0 8
9 0
0 10
11 4
12 0
13 0
14 0
15 0
16 11
17 0
17 18
19 10
20 0
0 21
0 22
0 23
0 24
0 25
26 13
0 27
18 28
18 1
29 11
21 30
31 0
32 0
10 19
11 19
33 0
13 21
0 34
31 4
0 35
36 0
1 30
5 11
18 17
37 24
0 38
19 11
39 0
0 40
35 0
17 28
0 18
37 4
29 41
6 0
11 42
39 13
28 0
1 18
42 0
0 15
40 0
30 39
19 0
0 16
11 43
0 17
0 14
18 19
11 18
44 0
0 13
45 0
40 44
41 46
0 47
0 48
18 11
49 0
50 0
21 0
51 0
11 28
52 37
0 53
54 50
4 31
0 44
55 0
0 4
56 0
22 1
43 11
22 0
0 41
30 26
0 39
0 46
26 30
28 18
42 18
0 56
37 52
0 57
0 55
58 24
26 0
27 0
55 4
39 21
28 11
46 29
0 33
10 0
19 18
34 0
57 0
48 0
8 0
53 11
4 58
30 13
0 59
43 0
0 32
5 0
0 60
0 37
30 0
0 9
41 29
1 0
0 31
43 18
52 0
24 0
11 16
11 29
4 55
11 0
61 0
25 0
0 62
8 18
11 53
50 54
51 43
0 29
58 0
63 0
13 30
0 12
0 50
43 51
23 0
0 30
16 0
1 10
37 0
30 21
4 11
0 63
0 11
13 26
44 40
53 0
46 41
18 8
0 36
4 50
39 30
1 22
24 37
0 26
0 52
59 0
0 51
0 20
10 1
18 0
47 0
0 2
50 4
11 5
0 49
24 58
18 43
4 37
41 0
0 43
60 0
39 24
0 19
54 0
11 46
0 54
18 42
58 4
24 39
21 39
0 45
13 39
29 0
38 40
28 17
62 0
46 0
29 46
7 0
38 44
0 58
44 38
40 38
42 11
38 0
0 42
46 11
0 61
21 13
0 28
30 1
30 64
39 64
64 39
64 21
64 30
21 64
64 26
26 64
26 65
39 65
65 21
21 65
30 65
65 39
65 30
65 26
66 65
65 66
67 65
67 21
21 67
65 67
65 68
26 68
68 30
68 65
68 21
39 68
21 68
61 68
68 61
68 26
30 68
68 39
