#qgen
37
25
32
29
24
9
25
32
7
27
1
20
24
11
1
20
30
17
13
21
31
27
12
6
18
2
11
7
16
4
4
10
29
6
29
2
28
4
128
0 1
1 2
1 3
4 1
4 5
6 1
7 1
8 2
9 5
0 10
11 7
12 1
11 12
13 1
14 6
11 5
6 3
3 1
1 15
16 9
5 1
7 17
16 15
2 1
1 5
1 18
1 11
1 17
1 19
20 1
11 1
1 9
2 5
20 7
21 18
18 1
1 14
14 1
1 22
21 23
21 1
1 0
22 1
24 1
5 4
1 25
1 26
25 1
9 8
1 27
1 24
10 0
0 28
1 29
2 23
1 30
16 2
5 11
9 1
9 16
15 19
30 6
18 19
15 1
23 1
23 15
23 9
2 16
1 23
18 21
2 8
3 25
18 23
8 9
25 14
16 1
15 23
19 15
7 20
5 2
1 12
14 25
23 2
28 0
19 21
23 18
1 21
17 1
29 1
19 1
25 30
1 6
21 19
12 11
30 1
1 13
7 11
30 25
5 9
17 7
9 23
19 18
1 31
6 30
3 6
15 16
1 7
26 1
7 29
25 3
29 7
6 14
1 16
1 4
23 21
31 1
1 20
27 1
32 27
27 32
33 27
27 33
34 27
27 34
35 27
27 35
27 36
36 27
