#qgen
39
30
26
8
21
27
32
18
10
26
29
15
23
12
2
24
5
25
13
9
29
13
10
21
16
15
7
5
6
19
26
13
15
32
12
23
31
15
7
16
128
0 1
2 0
3 1
0 4
5 0
0 5
1 6
7 0
1 8
1 9
10 1
3 11
3 12
13 0
14 13
13 15
14 1
16 0
8 1
1 11
0 17
0 12
16 14
16 18
1 14
3 19
15 18
1 15
0 20
4 0
14 16
19 0
11 3
21 1
22 0
0 11
15 14
16 19
6 1
1 23
1 24
1 25
1 0
1 26
16 15
27 0
12 0
23 1
9 1
18 16
28 27
11 1
29 28
15 16
26 1
30 0
1 10
31 0
31 15
25 1
12 3
13 14
15 13
17 0
0 7
0 19
24 1
0 29
28 29
0 31
1 21
1 18
19 3
15 31
16 31
1 3
0 28
0 2
27 28
18 1
0 27
31 16
0 13
0 16
31 13
13 31
20 0
28 0
0 30
11 0
14 15
18 15
19 16
1 29
29 0
15 1
29 1
0 22
32 22
32 19
22 32
19 32
19 33
33 5
18 33
5 33
33 19
33 18
33 34
34 33
34 15
15 34
15 35
35 15
35 16
16 35
16 36
36 16
16 37
37 16
37 36
36 37
38 36
36 38
38 16
35 38
38 35
16 38
