#qgen
60
10
2
23
12
12
22
28
6
3
29
25
27
9
22
28
5
16
31
8
6
19
30
24
4
3
26
26
29
4
15
26
21
17
18
18
24
24
3
10
1
3
2
28
10
7
29
22
26
12
13
7
14
12
4
11
26
29
13
12
12
256
1 0
0 1
2 1
1 2
3 1
4 3
5 4
4 6
7 4
4 8
9 5
10 7
7 11
11 12
13 8
14 11
13 15
16 14
17 8
18 11
19 18
12 20
21 7
20 4
15 22
7 17
8 7
23 14
24 19
12 11
5 25
26 7
10 8
8 27
7 21
11 25
6 7
23 6
28 24
10 18
29 7
22 6
30 5
31 24
32 5
31 33
34 18
35 3
28 18
8 24
16 15
18 34
5 36
37 5
38 25
31 35
12 8
39 7
15 38
19 8
3 24
25 40
41 18
10 42
7 18
5 8
43 4
24 10
8 28
3 44
4 43
25 15
7 29
6 45
15 14
8 11
46 5
11 47
48 8
4 40
49 38
6 42
25 50
40 4
14 7
26 18
3 35
19 51
51 5
17 52
7 53
25 5
14 18
4 25
45 14
27 54
6 23
25 16
8 45
25 11
17 47
26 8
7 55
46 40
14 56
34 52
8 48
18 41
8 46
19 24
52 18
15 7
42 51
40 14
27 8
53 7
18 8
56 8
5 30
13 45
5 15
18 7
16 25
52 17
8 57
8 19
14 50
13 23
4 38
1 3
25 4
47 19
36 8
12 7
24 17
3 33
7 27
5 9
18 26
15 40
52 34
15 11
47 51
26 34
6 16
8 14
6 11
14 13
42 22
7 39
5 46
38 58
14 38
40 25
15 18
3 4
7 6
7 15
13 22
7 49
7 8
38 14
4 20
56 15
45 50
19 47
15 25
13 6
54 27
25 8
50 25
47 18
40 46
25 42
56 14
5 51
7 19
22 25
18 15
4 7
15 4
24 28
40 39
15 50
25 14
25 13
40 15
42 25
41 26
7 34
38 4
58 5
34 26
8 5
25 22
25 38
37 38
42 10
56 4
18 47
38 37
38 49
41 11
45 25
38 15
42 6
54 55
47 42
33 3
18 14
51 47
14 4
18 10
38 42
17 18
6 22
11 18
45 8
4 56
8 25
50 14
5 58
34 11
47 11
7 26
8 56
8 13
6 40
25 56
10 51
42 38
34 17
8 32
11 17
14 16
57 5
15 42
15 13
6 4
15 23
17 7
59 4
18 19
18 25
4 54
11 14
40 57
26 11
24 3
57 40
50 45
42 14
54 4
11 26
7 12
28 7
