#qgen
43
1887
1586
1615
24
452
1700
673
886
1877
249
1766
1893
1405
859
440
1432
787
1600
405
1302
2040
1676
1946
480
1648
1912
1418
1551
664
402
357
1526
1331
259
1846
890
1658
1084
947
1199
1340
1516
671
128
1 0
2 1
3 1
4 1
1 5
6 0
2 7
4 7
7 8
9 1
3 10
11 5
2 12
13 5
14 12
11 13
15 12
16 10
5 17
15 16
3 9
18 0
2 9
9 12
2 8
2 19
14 15
20 5
2 21
12 21
8 12
14 3
3 15
14 21
5 22
3 21
15 21
14 7
14 10
21 10
9 21
3 4
14 4
1 23
15 9
4 12
12 16
15 8
3 7
4 8
8 21
6 5
4 15
14 16
4 9
24 5
21 1
3 8
16 1
2 16
2 10
9 16
25 5
5 26
14 8
1 10
9 8
7 15
7 12
7 21
5 27
4 16
16 21
14 1
28 3
8 10
3 16
3 2
29 5
9 10
8 16
2 15
30 2
12 1
15 1
12 10
7 9
2 4
8 1
13 19
5 31
3 12
14 9
22 23
7 16
4 21
7 1
20 19
14 2
7 10
32 7
32 20
32 33
32 11
33 19
33 34
32 34
33 35
34 35
32 35
32 36
34 36
36 35
36 37
34 37
37 35
38 35
37 38
36 38
34 38
38 19
38 39
35 39
34 39
38 40
40 19
38 41
38 42
