#qgen
83
1887
1586
1615
24
452
1700
673
787
859
505
1432
1551
799
104
1868
1405
393
927
589
900
405
440
1893
1766
1902
1877
886
1943
1946
1600
944
1912
1892
249
1676
477
1418
1
65
1302
1780
1648
668
2040
1187
1764
480
1307
1638
664
393
29
259
934
1526
298
432
1408
12
285
402
1232
1587
357
816
1132
591
1285
1892
232
42
620
1506
1828
251
63
912
837
1079
830
1794
1322
1731
256
1 0
2 1
3 1
4 1
1 5
6 0
2 7
8 5
8 9
2 10
5 11
12 5
3 2
13 5
13 14
10 15
16 14
12 17
18 5
19 17
4 7
20 0
21 2
13 22
3 4
2 23
24 20
17 5
3 25
21 26
13 24
27 5
5 28
24 29
30 5
31 5
32 24
10 33
21 34
21 23
32 17
21 4
35 5
33 34
35 20
19 5
34 23
33 15
5 36
37 5
26 15
33 7
38 5
24 39
40 5
21 7
34 1
41 5
2 26
3 34
3 7
35 17
7 23
42 5
25 15
43 39
16 32
21 10
9 24
8 35
44 5
45 5
25 34
1 46
16 5
15 34
47 5
5 29
48 5
21 15
13 32
49 3
4 34
2 4
2 15
15 23
9 20
3 26
50 47
17 46
32 5
3 33
25 7
33 25
22 8
4 25
33 23
51 5
50 32
14 5
50 40
52 5
43 27
26 23
53 5
5 54
7 34
24 35
8 39
1 23
15 7
4 33
3 23
25 23
55 5
43 5
6 5
21 1
56 5
57 5
17 36
21 25
26 10
3 10
50 12
21 3
58 5
50 5
10 25
59 5
47 36
8 52
26 34
26 25
60 5
3 15
10 1
60 32
2 39
24 17
32 40
13 35
25 1
2 33
61 5
62 5
24 5
26 1
22 5
45 46
10 7
33 1
47 17
2 25
4 10
26 7
9 5
21 33
28 46
7 1
63 2
50 17
10 34
15 1
16 24
2 34
8 24
26 33
50 46
53 8
4 15
4 26
17 29
17 64
17 65
29 65
17 66
50 66
67 66
47 66
36 66
17 67
47 67
64 66
36 67
64 67
67 68
63 68
66 68
64 68
69 68
47 69
36 69
64 69
67 69
66 69
66 70
24 70
69 70
28 70
39 70
13 70
54 70
8 70
8 71
8 72
71 72
55 71
71 14
22 72
72 70
24 72
71 52
71 73
73 72
73 74
74 72
73 70
22 73
71 74
73 39
73 75
73 76
76 51
74 75
74 77
73 77
77 72
73 78
74 78
74 79
77 79
79 70
73 79
79 39
74 80
80 39
71 79
79 40
71 80
80 72
13 79
32 79
79 24
73 80
22 80
22 81
81 24
81 39
81 74
81 73
81 8
81 72
13 81
81 80
81 82
