#qgen
62
1538
1452
1574
2017
1313
78
455
677
529
2041
2014
1892
1636
267
1729
1078
1661
167
1205
114
1331
566
1062
572
1739
1863
234
961
971
1039
937
1051
821
467
649
102
1405
2039
1223
33
856
693
183
1797
834
1267
1914
1892
292
408
184
1409
780
625
705
1302
122
1535
1939
677
1432
1426
256
0 1
0 2
0 3
3 4
5 4
6 3
7 6
8 6
8 9
1 10
11 3
12 5
6 13
0 14
15 9
15 16
8 17
8 18
19 18
20 6
21 1
22 13
23 18
14 17
0 24
7 25
1 26
1 22
27 11
27 12
25 28
12 3
29 18
0 25
26 30
15 31
19 32
27 33
34 12
35 17
1 6
31 29
36 3
15 26
31 37
30 38
15 22
11 33
10 33
16 14
27 39
40 14
26 6
21 41
5 22
7 32
34 1
7 21
23 9
25 18
40 30
7 20
27 30
42 18
9 33
36 22
15 6
1 43
18 22
26 33
31 23
29 21
20 26
43 33
35 6
27 16
26 37
29 44
0 45
28 4
46 9
31 47
31 22
40 18
16 17
35 46
34 48
19 25
5 37
7 33
49 6
1 50
20 16
1 47
34 22
45 37
29 36
42 41
0 47
51 11
25 48
25 51
41 2
19 10
19 40
10 22
46 51
52 10
43 4
52 50
40 17
16 51
31 51
7 12
30 4
46 10
14 4
1 53
0 40
11 37
9 13
8 54
21 13
50 37
41 10
41 4
31 34
19 4
25 3
32 33
18 43
33 55
56 17
23 34
24 6
23 5
29 1
9 6
19 34
7 23
41 6
41 5
31 41
12 1
57 14
0 44
33 13
37 22
8 1
15 58
2 37
12 40
51 30
41 17
27 9
5 47
34 25
5 13
16 10
48 33
0 15
51 48
25 40
20 34
54 22
51 59
44 33
35 27
6 58
48 14
1 40
15 13
24 58
56 36
34 16
5 33
38 43
0 42
35 51
0 6
16 42
56 60
31 12
39 10
19 16
29 46
27 17
8 11
0 22
46 43
4 13
1 48
41 47
34 50
24 61
20 21
37 33
21 17
12 37
19 2
27 1
39 14
22 17
29 32
11 43
8 3
56 58
8 56
37 4
35 47
9 17
26 47
34 46
29 47
51 3
20 12
18 32
24 36
26 61
46 18
42 22
41 37
21 40
31 19
29 54
42 10
7 15
21 50
43 47
28 24
27 34
0 34
48 5
35 9
31 48
20 18
20 14
31 58
42 40
23 48
25 30
7 29
52 12
52 18
1 60
31 17
1 13
34 21
8 48
34 30
7 34
52 58
31 25
42 50
19 30
15 25
