#qgen
32
1538
834
821
1892
1574
408
937
1426
2039
1939
677
1797
2017
455
267
1302
1729
2014
167
625
1405
477
467
1062
705
1267
1892
1739
1313
1223
1432
1286
128
0 1
0 2
0 3
4 2
5 3
6 3
6 7
6 8
9 8
0 10
11 2
4 12
5 13
0 14
11 15
16 14
17 7
8 14
17 18
5 4
0 19
13 11
20 13
21 11
0 22
5 11
0 13
0 4
13 8
9 23
20 23
1 24
13 16
0 25
24 20
26 11
27 12
20 28
25 8
12 18
0 20
23 18
1 13
20 9
22 28
17 22
10 8
6 22
6 29
20 8
22 15
12 8
3 18
13 12
2 22
22 3
0 24
8 3
17 5
12 11
17 23
16 3
28 14
29 11
4 16
13 18
3 14
0 12
11 23
24 13
13 14
17 12
12 28
23 22
13 2
26 9
27 13
27 15
0 7
1 8
4 13
17 28
21 12
10 22
17 8
25 23
27 20
11 28
4 1
3 28
16 2
0 16
24 8
0 26
12 16
24 23
17 14
25 30
0 15
6 16
24 12
20 12
0 31
6 5
27 9
4 8
29 27
6 12
1 12
0 30
26 8
8 11
16 28
29 3
1 23
6 11
2 28
0 27
0 11
6 14
4 11
13 3
8 28
23 28
6 23
1 22
28 18
2 3
