#qgen
29
377
1945
1477
1988
1628
938
1824
394
1086
907
204
270
244
602
1605
1418
1586
1208
1186
1600
110
715
1249
106
321
1359
488
235
1685
128
1 0
1 2
1 3
4 2
4 5
4 6
7 6
7 8
9 8
3 2
10 3
11 5
10 5
10 0
12 8
13 12
14 6
7 15
16 15
6 17
18 2
16 11
19 15
11 20
1 21
22 6
1 11
1 4
23 9
10 12
20 19
17 3
14 19
1 24
19 24
11 23
13 19
18 21
10 8
25 11
1 13
24 18
21 3
10 15
23 19
20 17
16 9
7 20
7 26
27 9
16 24
15 9
4 13
13 26
7 3
5 17
1 7
5 15
13 6
11 15
17 18
20 5
23 15
11 24
6 9
13 23
4 7
1 22
11 21
14 27
13 22
16 12
12 17
22 18
4 25
10 24
14 22
16 18
4 0
10 2
15 6
25 16
14 12
10 11
20 9
20 24
23 18
11 17
24 3
10 4
4 16
1 5
10 9
1 27
27 12
27 20
15 24
25 22
0 8
7 12
13 27
13 20
12 2
10 6
11 26
20 6
27 24
7 21
9 3
0 28
14 9
22 9
16 22
5 12
26 3
25 6
5 3
1 23
1 17
7 24
6 8
27 5
24 8
23 20
16 6
25 2
24 17
12 3
