#qgen
61
377
1945
1086
1186
488
1477
279
1346
12
938
391
1628
453
693
1605
270
1824
1011
1988
130
1219
1418
907
177
1657
235
106
321
1051
266
244
977
235
447
1359
820
1883
1600
1773
938
394
842
1586
132
602
110
1329
1964
204
1208
600
1079
715
1078
1249
367
1269
1912
590
554
619
256
1 0
1 2
1 3
3 4
4 5
6 3
6 7
6 8
8 9
2 10
11 3
12 5
13 5
1 4
8 14
14 15
7 16
8 7
17 16
6 18
2 19
12 15
16 20
12 21
1 22
6 23
24 1
2 25
19 10
11 26
23 27
9 3
22 18
1 11
28 23
15 21
29 16
26 30
31 11
32 16
33 1
29 28
34 3
34 15
35 30
29 36
15 37
11 38
23 9
15 27
28 31
28 14
28 5
28 21
39 5
6 40
16 2
7 27
9 37
22 19
41 30
7 34
28 40
42 19
28 8
24 43
6 44
2 39
32 19
28 27
26 45
28 22
46 21
46 34
6 34
17 27
28 37
47 30
1 43
19 4
45 9
48 31
23 40
36 19
16 22
36 40
35 34
21 49
22 5
6 12
6 11
50 1
28 16
2 20
23 44
48 37
30 39
42 49
11 0
11 34
28 26
48 26
7 2
50 10
48 20
14 9
45 49
11 16
29 4
51 49
17 40
44 16
32 45
7 37
52 4
51 10
49 5
2 18
1 34
11 44
9 20
33 7
14 27
49 38
48 9
48 3
46 32
40 4
3 52
33 37
40 19
33 41
40 18
26 37
6 53
7 5
37 2
6 21
45 21
7 42
6 22
54 5
34 32
27 2
15 49
1 27
14 42
29 23
44 2
55 15
23 2
12 47
31 40
17 35
32 9
9 5
34 27
45 5
11 18
33 48
36 1
51 56
27 30
22 49
42 25
51 55
34 54
29 40
6 49
15 45
57 1
14 32
42 26
42 37
48 16
37 5
40 54
1 47
36 53
1 49
47 16
57 58
13 20
33 9
17 52
31 30
27 18
28 7
48 0
48 44
35 3
29 1
47 42
35 45
32 26
22 30
34 44
49 18
12 32
35 2
45 2
15 52
48 18
37 30
11 32
31 3
57 59
8 40
20 5
48 35
9 38
33 27
35 40
29 33
21 3
13 22
31 19
44 26
28 49
20 39
23 30
41 37
40 22
54 21
32 30
13 9
7 14
34 22
44 54
47 26
29 52
59 1
23 5
42 9
44 32
26 20
42 15
32 37
41 44
26 39
37 27
7 44
13 38
54 20
3 2
52 18
38 2
31 22
8 30
60 31
7 26
60 52
40 27
48 42
31 20
51 15
