#qgen
32
1066
1393
1386
1427
803
1074
25
1052
1870
335
248
599
370
501
201
271
45
1707
128
1649
1470
1352
1993
291
1302
1548
1914
1613
360
597
46
1447
128
1 0
2 0
3 0
0 4
4 5
6 5
3 7
3 4
4 8
8 5
9 5
2 9
10 5
0 5
6 11
3 12
6 13
14 4
11 15
0 12
10 16
17 8
18 0
19 9
7 20
10 3
19 20
21 12
10 22
17 3
14 23
10 14
10 9
16 0
12 24
12 5
21 23
3 5
17 20
9 8
25 22
9 24
21 16
15 8
26 9
11 7
26 17
21 1
19 17
16 11
2 3
10 24
4 20
3 24
3 8
25 13
21 8
2 24
8 24
2 12
8 22
9 4
15 22
27 0
7 5
26 8
25 7
26 5
15 25
16 5
20 23
14 21
24 23
14 20
17 4
12 8
3 20
2 7
17 11
2 10
20 22
16 20
26 14
2 8
28 0
17 0
28 29
11 13
26 3
8 20
17 25
19 14
17 21
26 11
19 25
3 9
2 15
20 5
19 10
0 23
14 24
11 8
16 13
13 22
15 4
29 0
19 4
10 12
12 4
30 29
15 23
3 11
16 22
15 9
10 7
21 25
17 10
19 7
9 20
25 20
30 31
26 6
12 20
26 16
1 8
25 9
15 0
26 4
