#qgen
30
1893
1037
1518
49
1878
1255
291
1868
531
1724
1971
1027
1068
1306
607
1349
1610
1347
99
142
455
1470
1465
1328
81
81
1016
1982
2006
1536
128
1 0
2 1
3 0
4 3
3 5
3 6
0 7
0 8
6 8
1 9
0 6
10 0
11 6
12 11
9 5
1 13
0 14
3 15
13 7
1 16
3 7
6 17
18 3
10 8
19 15
2 4
17 13
20 5
18 11
0 21
2 22
11 8
18 23
19 9
9 7
10 13
2 14
10 24
12 20
25 23
18 19
15 13
15 0
21 8
12 26
10 19
23 13
15 22
21 26
5 13
25 26
3 21
19 22
25 3
18 16
15 23
19 7
11 23
3 26
3 24
11 20
19 6
15 24
10 9
4 0
4 14
3 13
19 3
0 26
0 5
10 3
26 20
15 14
15 5
23 6
17 8
0 20
3 22
5 7
23 26
10 21
4 13
2 27
9 23
11 24
19 0
23 5
2 11
14 28
11 21
25 7
10 7
1 7
4 26
1 11
3 9
12 15
6 5
9 13
19 13
12 6
19 21
10 16
3 23
3 8
1 6
29 17
4 21
21 5
2 15
12 3
18 0
15 9
22 8
11 22
3 20
10 11
0 24
22 7
8 5
25 13
0 22
21 28
21 29
4 24
0 23
1 17
0 28
