#qgen
32
1776
1932
550
367
1854
102
368
1996
1734
1130
130
20
807
728
1975
957
1723
1210
1402
923
22
1146
1699
1262
650
139
695
1675
605
630
2032
1058
128
0 1
2 0
1 3
0 4
5 1
5 6
2 1
7 6
6 8
7 9
2 10
5 11
12 5
13 11
2 7
2 12
1 6
13 14
1 9
1 15
9 16
16 11
16 8
17 16
13 18
19 16
20 7
0 20
20 10
21 11
6 16
22 16
17 21
12 14
0 7
7 10
12 7
19 5
6 23
2 16
12 1
19 20
14 23
14 11
24 14
1 22
0 12
24 0
1 25
1 14
1 26
13 12
18 14
12 20
15 11
9 21
19 10
2 9
9 11
5 23
27 20
13 0
2 23
16 23
19 13
2 8
13 5
27 2
27 12
27 14
9 17
17 23
13 16
17 6
19 8
9 15
7 28
23 8
13 9
13 7
13 10
20 14
2 6
7 16
7 14
0 10
1 29
1 10
2 13
24 13
27 7
1 28
30 14
16 14
30 0
9 18
1 18
24 5
23 28
13 29
2 18
7 8
14 10
19 0
24 23
2 14
12 10
27 6
16 26
2 11
1 31
30 7
1 21
5 8
1 16
25 9
5 10
2 30
17 15
9 14
28 26
5 16
13 23
19 14
1 8
17 14
20 5
13 1
