#qgen
77
1943
1789
523
402
721
443
1071
1233
948
296
1883
1474
39
348
1823
34
681
1470
1333
649
531
1946
1154
1530
1302
1670
945
1898
1359
82
1181
1187
1145
235
1988
1511
583
1407
1051
600
1577
632
248
1815
1679
752
412
1766
600
677
874
203
469
1531
592
1864
155
1275
822
283
790
74
1624
1174
1887
7
415
1517
673
1497
1285
1015
303
1311
978
916
1495
256
1 0
2 1
3 1
4 3
3 5
3 6
2 7
1 8
4 9
3 10
0 11
2 12
13 5
14 13
3 15
3 16
17 1
3 18
9 19
3 20
3 21
22 7
3 13
10 23
20 24
3 25
19 26
27 8
19 23
17 0
3 28
29 12
30 26
15 24
31 12
17 32
3 33
17 34
23 32
35 34
28 36
30 25
3 31
20 15
37 24
38 17
26 39
28 40
37 39
9 20
41 40
3 36
42 36
4 37
42 30
30 43
20 13
22 29
3 44
3 39
26 24
13 37
30 45
19 41
3 42
43 7
3 24
4 13
1 46
2 29
4 21
42 37
29 47
10 9
42 13
16 26
2 48
3 49
9 14
42 43
31 21
33 8
3 50
16 39
34 24
17 2
10 43
3 41
38 28
51 23
14 26
13 24
3 51
17 7
3 9
3 52
42 26
10 34
19 44
51 27
13 34
37 36
23 39
3 37
3 40
3 19
35 47
48 6
10 24
3 53
4 15
2 54
55 19
16 36
26 37
4 14
31 20
2 32
19 14
10 13
56 28
0 22
56 39
51 39
53 8
2 0
3 23
2 47
13 40
30 55
37 34
38 39
30 20
14 15
3 57
56 40
20 43
0 54
3 14
2 35
3 58
18 48
3 55
36 39
3 59
32 60
3 43
56 26
56 36
19 24
3 56
56 16
20 34
49 52
32 12
57 40
47 54
17 22
56 57
9 26
7 11
28 47
3 34
38 47
3 61
11 21
32 34
30 38
9 13
38 2
56 34
19 40
26 15
45 41
9 57
26 36
26 34
11 34
4 26
14 24
1 22
10 26
3 30
26 40
59 8
19 15
36 24
3 26
3 62
31 26
47 36
31 5
3 45
1 60
19 13
30 56
41 15
3 63
55 26
3 27
59 40
54 36
54 64
55 64
64 14
54 65
4 65
12 65
65 14
47 65
65 13
42 65
59 65
64 24
64 66
66 14
64 67
66 67
66 68
67 68
64 68
64 69
64 70
66 69
42 70
70 14
67 70
67 69
66 70
66 71
66 72
67 72
14 72
65 72
72 15
65 73
31 72
13 72
73 24
4 72
66 73
66 74
14 74
67 74
73 74
65 74
69 74
13 74
13 75
75 24
4 75
75 74
76 75
76 55
76 14
76 74
