#qgen
62
1776
1932
1402
1734
650
741
1996
1245
807
102
1675
1084
1723
1262
1579
678
1223
1205
20
537
1146
728
1001
550
2001
912
368
923
720
22
1554
1583
134
583
1130
2032
695
1186
1814
742
1692
107
1447
1975
1158
605
957
630
1210
1469
130
1699
139
1086
367
853
1374
244
814
1854
562
1058
256
0 1
1 2
1 3
4 0
1 5
6 3
1 7
8 6
6 9
10 6
3 11
12 3
4 13
13 14
8 1
1 15
1 16
14 17
1 13
1 18
12 13
12 17
9 19
20 18
21 14
21 22
10 23
0 6
16 24
18 25
9 18
23 24
26 24
27 19
0 9
12 22
12 28
9 25
29 9
10 4
2 30
26 31
23 32
21 33
27 25
1 28
34 33
35 0
1 36
1 37
1 38
39 22
30 24
22 40
23 21
41 19
21 24
27 3
34 20
9 12
42 33
1 43
6 19
44 31
41 25
6 17
12 45
8 43
23 27
46 30
31 19
44 32
44 24
12 32
19 25
21 47
48 17
43 18
21 30
18 40
41 22
27 26
7 49
43 14
27 13
0 50
1 24
3 16
4 29
25 24
26 17
2 22
48 30
27 43
1 51
20 31
1 39
34 12
52 34
31 24
6 13
27 16
22 24
1 34
43 39
6 16
22 53
26 12
32 31
8 9
1 54
18 39
1 55
9 24
1 56
21 29
23 9
3 15
27 41
34 18
48 42
8 50
48 24
43 25
1 57
27 28
11 24
3 41
4 43
35 6
43 41
23 13
43 30
21 34
18 17
23 30
54 32
3 31
3 17
23 50
43 13
4 9
23 7
20 42
18 22
21 9
13 3
42 40
18 42
0 8
21 16
23 16
10 8
6 12
29 6
12 37
1 47
32 22
21 48
6 24
43 44
27 17
31 25
27 29
23 1
27 6
41 17
1 46
13 25
23 41
29 43
43 50
48 40
1 31
18 58
38 15
51 12
37 28
48 12
0 59
29 50
43 42
27 14
1 60
4 21
32 30
34 17
6 41
13 18
1 53
18 24
12 31
48 22
9 16
26 3
37 30
21 25
23 57
39 31
1 19
12 41
21 31
1 32
10 27
23 37
34 22
34 46
2 43
12 19
9 26
2 44
4 3
6 50
23 48
21 8
25 17
13 17
43 31
31 30
44 41
44 40
9 17
10 43
20 40
23 26
21 18
12 11
23 6
6 11
9 3
12 14
41 24
48 32
48 13
1 22
46 18
1 30
48 46
34 24
18 30
21 6
34 43
27 50
21 42
18 33
1 44
1 25
21 0
45 36
34 40
61 44
46 31
4 15
9 28
12 18
42 41
