#qgen
42
495
775
467
324
1184
1789
808
631
362
668
1310
907
1685
298
65
434
547
1574
1402
1970
1888
1419
1858
107
1156
1605
1494
778
1066
697
785
167
1219
1923
1426
313
1500
918
12
1626
318
2011
128
1 0
2 0
2 3
4 1
1 5
4 6
4 7
8 4
9 0
10 4
0 11
12 1
1 6
2 13
4 12
14 1
14 15
16 3
17 0
2 15
18 0
2 19
20 13
13 21
2 21
10 12
7 1
2 20
8 1
22 0
16 18
16 1
2 23
24 10
8 12
10 6
9 6
18 3
25 3
10 8
26 1
17 3
16 19
3 23
16 17
26 6
26 15
14 25
20 27
17 25
25 0
19 0
28 0
22 15
14 18
14 3
4 5
22 19
14 17
26 7
22 29
2 27
14 16
29 0
30 0
24 1
17 18
16 11
26 9
10 1
31 1
18 25
20 21
20 32
33 20
33 13
33 27
2 33
34 2
14 34
34 3
17 34
3 35
34 25
34 23
16 34
30 35
18 34
34 35
36 35
34 36
25 36
23 36
18 36
18 37
18 38
17 38
16 38
23 37
3 38
25 38
25 39
23 39
18 39
39 36
39 35
17 39
34 39
39 38
14 39
40 39
40 36
40 34
40 35
14 40
40 7
40 25
40 38
40 17
40 37
40 18
40 3
40 41
41 18
41 22
41 36
14 41
41 25
