#qgen
61
1480
983
130
1394
192
1783
1679
1885
488
111
149
1890
1982
66
199
224
649
609
1556
1181
1584
257
1011
135
2046
2015
278
2023
420
1219
1548
200
284
1175
1917
272
1256
1207
1215
1210
1892
419
1160
1628
1979
580
282
1741
2026
657
1071
1267
195
344
193
554
498
721
392
494
1103
256
0 1
2 0
3 1
1 4
1 5
5 6
7 5
8 6
7 0
9 6
10 9
11 1
1 12
4 12
7 13
3 14
15 14
6 12
1 16
8 3
1 17
4 18
19 9
20 9
3 20
9 21
1 22
23 3
1 24
1 25
26 14
27 1
7 2
9 28
8 9
7 26
29 6
30 4
10 4
7 30
31 1
19 4
14 32
9 4
14 18
20 5
33 12
14 34
27 24
35 14
0 36
36 37
1 38
39 14
14 40
5 41
6 4
28 18
21 12
33 6
21 33
23 6
10 21
1 42
30 33
1 32
9 30
6 18
16 5
35 19
21 28
31 8
1 33
14 9
19 33
19 29
26 40
7 19
7 43
20 29
44 1
7 36
19 30
3 10
45 1
7 46
10 33
7 16
3 5
47 1
23 33
1 10
23 10
21 6
48 1
35 9
8 28
14 21
41 28
23 28
8 36
41 18
35 5
10 18
29 4
49 1
5 33
2 4
14 50
19 41
0 40
19 21
3 19
35 20
0 14
5 12
7 4
10 12
19 28
8 18
20 14
14 16
20 10
3 28
1 51
52 14
23 19
10 41
5 30
23 14
35 6
20 33
7 33
20 19
5 9
19 18
36 41
14 24
41 33
35 10
30 6
53 36
33 4
14 33
33 18
21 4
0 43
53 0
27 54
19 53
9 41
14 10
10 5
1 55
23 29
8 19
20 18
41 12
0 37
1 6
3 4
29 5
27 44
23 16
52 1
2 14
8 23
39 1
27 56
14 5
57 14
14 4
5 18
1 58
59 43
60 1
8 5
43 51
54 1
3 21
29 18
14 28
23 21
8 1
20 16
13 26
18 12
8 41
2 29
13 40
10 30
8 30
59 0
10 6
19 1
20 1
14 17
14 46
5 4
9 18
1 34
13 0
31 24
6 28
1 40
35 21
23 9
20 6
20 30
54 14
14 29
8 33
35 4
41 6
48 14
1 50
1 29
3 30
29 9
3 41
29 28
1 21
20 21
33 28
8 10
53 29
1 41
1 18
11 14
27 5
30 12
14 43
5 28
19 5
53 40
36 5
15 1
9 33
23 35
30 28
1 56
23 5
28 4
7 12
23 41
46 56
8 29
23 30
2 20
29 33
26 0
1 9
35 33
35 18
35 28
5 21
