#query
62
T
S
Y
E
Q
C
F
T
D
A
M
C
Q
I
E
F
S
F
L
F
S
Q
H
K
R
G
P
L
D
Q
S
T
D
E
I
D
P
N
R
L
S
R
L
L
L
L
G
K
N
K
M
F
K
L
I
M
T
K
T
V
A
K
128
0 1
2 1
3 1
2 4
5 4
6 0
2 7
2 8
9 3
10 6
11 10
4 12
9 13
14 8
15 6
16 1
10 7
17 15
10 13
18 9
15 19
13 20
6 21
18 0
6 22
23 10
24 13
9 10
25 19
17 6
23 26
15 13
12 19
6 8
27 19
28 1
21 22
29 15
4 30
7 8
31 15
12 32
3 0
16 6
33 20
1 22
33 1
20 34
35 3
36 22
11 2
9 37
38 29
15 39
0 7
23 15
16 8
35 40
33 18
30 40
24 8
41 3
10 28
23 42
24 1
11 43
20 1
29 28
29 44
23 22
35 45
46 26
2 3
11 47
43 10
48 43
4 6
14 7
49 1
33 41
50 25
20 51
3 28
23 47
33 52
24 51
44 53
18 51
29 10
49 51
54 43
55 54
11 5
39 19
50 45
18 7
56 25
48 10
46 44
25 39
43 40
36 54
57 1
58 23
34 51
45 59
60 5
28 34
60 29
10 8
57 28
43 39
4 32
35 59
4 61
37 13
55 26
48 47
41 6
24 7
5 40
46 40
29 32
58 15
52 17
16 20
3 6
42 22
