#query
116
T
K
A
E
S
T
I
A
Q
L
V
L
T
E
L
A
M
F
W
S
D
F
T
E
C
R
L
D
L
D
I
T
T
V
L
L
F
E
S
M
Q
K
S
N
I
T
A
F
I
Y
S
N
L
K
K
P
F
N
R
D
Q
M
F
A
S
H
P
F
A
V
M
R
V
D
K
Y
M
S
R
H
L
L
Y
L
F
I
D
I
Q
T
G
F
I
G
R
G
C
L
L
A
L
K
Q
P
A
Y
E
D
D
Q
V
N
E
Q
K
M
256
0 1
0 2
3 1
4 3
5 0
1 6
7 1
8 3
9 3
9 10
11 10
4 12
4 13
14 9
2 15
16 14
11 17
17 1
18 7
18 19
20 6
21 6
21 22
14 23
24 8
25 8
17 26
27 23
2 28
29 3
2 30
31 6
32 23
25 13
26 33
26 34
19 35
4 20
11 36
37 7
31 38
39 14
40 33
24 41
42 21
2 43
37 44
25 38
45 14
46 5
37 47
30 28
48 45
49 27
36 50
51 14
52 1
53 38
54 41
24 55
6 56
57 11
22 14
58 44
50 59
53 31
9 60
19 7
18 31
46 61
36 62
19 44
11 34
42 63
52 64
65 30
66 49
11 41
53 14
7 67
42 17
52 50
58 18
68 11
42 35
16 69
59 56
5 70
52 42
58 38
71 44
48 63
10 34
53 49
72 18
0 10
72 44
52 67
9 73
74 67
29 34
64 75
22 49
8 76
62 69
16 77
58 50
28 78
79 62
46 80
58 13
17 34
81 78
19 31
82 3
63 17
16 83
84 80
85 61
7 17
26 86
68 87
10 88
52 74
82 44
39 6
89 73
22 41
90 34
64 91
92 53
63 22
26 70
22 93
9 17
47 35
94 58
72 62
56 47
7 6
25 50
95 87
46 91
39 27
39 56
72 56
24 11
7 76
14 36
60 10
14 87
66 96
95 89
95 97
40 70
75 91
2 98
8 60
99 60
100 26
18 101
64 42
24 29
102 69
7 36
53 59
79 77
7 44
100 83
103 45
8 36
95 49
71 42
47 62
82 13
80 30
16 104
27 105
104 69
2 106
10 1
43 107
6 69
37 36
63 11
39 59
103 91
86 70
84 28
108 30
79 69
24 57
92 76
56 105
29 9
96 99
37 50
3 12
94 31
95 99
16 100
49 87
27 69
102 101
9 6
39 47
36 38
9 54
97 41
109 106
44 79
49 93
18 35
14 56
18 64
20 38
91 85
94 101
53 41
53 6
109 108
34 110
29 8
53 20
9 36
42 105
18 111
84 40
10 90
56 69
45 16
32 49
89 34
14 32
74 112
31 56
66 32
14 113
76 13
11 97
114 47
45 17
58 102
67 65
39 104
3 20
96 41
88 40
14 77
59 79
21 26
37 52
115 82
96 25
66 25
18 52
