#query
64
Y
T
V
P
L
S
N
V
I
R
W
A
F
K
P
E
G
K
Q
L
R
N
L
P
V
L
V
E
P
A
E
E
V
R
P
M
K
F
E
L
F
V
F
I
E
R
V
Q
L
N
L
V
M
K
T
L
L
G
L
Y
H
V
R
A
256
0 1
0 2
3 2
0 4
4 1
5 3
6 2
0 7
8 4
9 8
8 10
9 11
8 12
8 13
14 13
15 4
16 4
13 17
11 10
0 18
15 10
19 14
20 12
4 21
18 22
18 23
24 10
25 4
9 26
3 6
25 7
0 27
19 12
4 24
28 22
12 29
18 30
31 20
8 32
15 13
25 12
33 11
0 30
19 34
35 20
12 36
1 36
18 10
8 29
37 35
9 38
26 10
25 19
36 29
9 39
4 29
0 33
29 40
33 18
30 7
41 39
39 2
4 22
30 12
6 20
33 25
42 29
35 43
30 44
25 30
42 21
14 28
45 22
34 46
43 5
21 28
47 20
48 32
15 23
49 20
32 46
39 50
51 49
22 46
11 24
18 8
9 52
53 44
11 14
51 20
40 32
54 25
55 8
31 5
50 20
22 32
33 52
31 50
0 20
1 45
9 41
54 4
26 27
9 10
50 49
33 26
14 36
15 16
25 56
31 37
57 52
31 35
19 10
57 50
8 46
4 34
1 29
11 18
9 44
5 49
35 7
37 30
52 2
18 19
38 44
30 38
25 51
24 40
42 36
52 1
10 27
3 20
41 30
54 13
11 17
12 22
31 49
39 36
25 58
11 27
9 33
37 9
59 47
18 39
11 41
59 60
61 12
33 1
54 45
56 38
2 36
55 39
0 41
62 35
29 28
37 7
8 45
34 40
54 41
47 37
25 1
24 28
4 10
59 1
39 51
60 1
54 18
61 10
11 16
31 60
19 46
61 19
0 10
58 44
0 35
61 8
50 3
38 35
10 58
62 30
47 2
39 20
44 39
51 29
23 48
9 58
19 22
59 50
30 19
16 54
26 18
8 40
47 7
41 14
33 10
55 12
34 45
12 21
33 58
61 58
63 5
2 1
11 54
41 19
24 22
61 22
33 16
62 0
33 2
49 2
62 39
35 51
26 13
41 4
5 20
4 32
37 38
47 50
41 38
13 24
42 40
25 52
20 2
21 46
54 23
25 22
53 52
54 17
26 56
13 45
19 32
19 8
7 1
26 14
19 4
17 48
49 6
41 55
0 12
62 38
33 13
28 46
37 12
16 17
38 52
35 2
4 23
62 25
14 45
43 50
56 58
53 37
61 32
19 56
37 39
48 22
