#query
64
G
D
P
L
T
L
L
G
I
V
A
R
A
R
R
T
V
R
S
T
V
G
R
V
Y
F
R
F
L
Y
T
W
T
V
S
A
R
V
L
N
K
A
L
R
D
P
L
L
S
T
T
C
D
V
L
I
S
A
E
L
G
T
R
D
256
0 1
0 2
3 0
4 3
4 0
4 5
3 6
7 0
8 4
6 9
4 10
11 7
5 12
6 13
6 1
4 9
2 5
7 1
2 14
8 15
7 16
17 5
18 4
19 8
20 9
19 4
14 5
19 21
22 1
23 8
7 9
11 24
25 3
22 26
27 19
27 8
20 15
3 28
16 2
3 13
29 20
7 20
0 28
26 0
23 3
25 28
30 8
28 2
17 31
26 16
19 32
1 10
33 27
34 25
27 23
35 8
34 22
30 24
23 36
26 1
37 8
26 9
3 32
38 34
39 2
40 3
19 41
39 14
17 42
13 5
35 24
18 43
16 44
18 45
4 16
46 21
35 7
47 1
48 28
22 23
43 49
39 42
49 11
27 34
19 50
51 42
36 35
52 4
34 53
32 54
34 23
12 44
46 12
5 31
48 22
41 55
56 21
29 6
57 51
26 3
40 55
38 3
41 25
24 10
27 41
26 10
48 58
53 52
17 32
18 15
57 5
40 58
37 35
37 30
32 12
38 41
57 28
59 42
60 37
59 3
16 13
6 32
16 1
60 61
23 35
34 57
50 5
45 15
24 32
53 23
19 55
31 44
46 44
52 24
22 25
21 9
13 56
62 37
25 61
4 15
39 63
28 5
14 17
12 21
9 15
34 5
4 6
47 36
52 11
24 0
51 31
35 49
43 8
60 26
32 56
28 42
24 21
42 32
58 55
5 46
62 52
25 23
24 20
61 35
38 54
52 8
57 53
25 26
10 28
29 15
56 46
0 13
52 43
47 28
0 10
23 24
41 59
49 6
28 14
34 51
11 9
32 20
59 63
45 8
26 20
35 15
33 15
23 62
52 30
29 11
52 36
27 38
55 50
16 0
63 17
54 20
24 9
42 31
4 7
47 35
47 7
40 34
40 24
22 28
38 5
49 9
55 44
59 10
24 44
58 42
10 2
40 50
33 38
14 32
62 26
59 25
48 63
3 17
43 11
43 15
21 44
43 7
30 49
53 47
38 55
27 24
61 49
25 4
28 31
61 4
2 63
45 24
48 53
45 35
42 12
40 53
37 18
17 54
33 40
22 62
59 14
51 58
43 35
8 49
6 0
33 24
6 10
63 32
49 3
24 6
48 25
60 35
25 47
57 3
33 61
63 5
