#query
32
L
A
A
L
E
Y
L
A
L
V
V
E
R
Y
V
G
R
A
R
R
A
V
R
D
G
V
A
S
T
A
A
D
128
0 1
0 2
2 3
4 0
2 5
0 6
3 5
0 7
8 7
7 9
10 8
11 8
1 12
6 10
11 6
13 12
6 14
15 8
16 12
17 8
18 0
19 0
18 5
20 6
6 21
4 3
20 3
10 12
11 10
0 15
20 2
22 9
21 23
24 11
11 5
23 7
25 12
8 26
2 24
19 2
2 17
7 22
4 18
0 23
0 21
4 12
8 9
17 1
3 23
0 11
18 23
23 26
18 22
8 23
2 11
15 13
2 27
0 26
16 27
24 8
5 12
0 28
20 19
27 21
0 22
20 25
16 17
20 5
1 8
18 26
0 24
29 26
19 16
3 11
3 7
18 16
28 26
20 18
16 1
15 12
24 6
25 26
0 30
2 16
21 7
6 13
19 24
24 17
6 23
19 3
0 17
20 26
5 14
5 28
20 0
13 29
0 9
20 30
14 22
10 28
17 23
11 17
18 17
20 4
21 22
10 5
18 24
31 25
6 30
8 22
1 6
4 24
23 22
10 9
4 9
3 16
6 28
25 30
0 27
26 9
3 22
2 9
0 10
25 28
29 28
4 10
0 3
6 9
