#query
123
D
R
R
R
T
A
L
R
N
D
T
P
R
G
R
A
F
D
V
R
E
C
T
L
V
N
Y
V
D
T
I
P
D
R
R
E
A
L
L
R
L
S
A
A
G
L
L
A
A
D
V
Y
T
A
G
G
E
S
S
K
R
T
D
A
G
G
Q
A
T
V
R
R
S
Y
R
R
V
F
L
T
T
L
E
R
G
V
T
L
T
A
M
T
R
W
D
G
F
R
G
E
G
A
Y
D
V
F
D
S
N
D
A
R
L
P
G
A
S
V
L
V
L
P
G
256
1 0
2 1
3 2
1 4
4 5
3 6
2 7
4 8
9 8
10 6
11 7
5 12
13 10
0 14
10 15
16 4
13 17
18 6
19 18
20 15
21 13
4 22
23 22
24 6
19 25
26 13
24 27
28 4
28 29
30 8
16 31
32 25
33 30
34 15
11 35
36 1
37 34
38 9
39 37
40 12
41 22
23 42
34 43
44 14
20 45
4 46
36 20
47 9
8 48
45 16
49 27
50 18
40 51
42 26
52 18
19 53
51 22
12 54
8 18
55 29
56 46
18 15
57 15
58 9
20 42
11 59
49 60
61 52
32 62
63 42
25 53
5 64
30 65
13 66
21 46
51 67
11 29
16 68
0 69
70 51
34 25
45 1
64 71
72 67
45 73
61 74
33 5
75 12
76 14
2 15
77 48
71 78
24 18
75 79
11 80
56 81
82 1
75 70
44 46
83 36
56 5
84 74
56 4
58 52
13 74
70 85
86 72
61 32
87 78
47 80
23 6
88 78
23 89
90 30
91 64
29 30
24 14
28 92
30 70
26 59
39 93
80 59
94 65
61 8
28 51
30 12
79 41
90 95
96 46
14 30
95 25
0 4
96 22
47 25
47 68
97 67
37 84
75 98
23 76
99 37
30 64
59 6
70 22
33 9
28 30
20 100
101 80
68 9
44 102
103 89
101 34
30 18
2 25
104 60
85 54
84 34
5 91
91 18
97 105
80 62
92 4
73 18
87 106
107 103
92 29
18 60
108 13
79 33
21 4
109 39
58 77
50 62
21 52
104 27
70 67
32 52
45 110
52 65
39 68
111 27
112 27
2 113
81 9
91 48
114 102
86 33
84 10
67 71
77 39
91 87
30 62
95 74
31 18
69 88
32 60
115 69
109 99
90 108
42 2
116 11
77 38
69 30
81 117
114 20
59 43
114 3
42 45
47 15
56 31
42 10
84 26
118 71
90 29
119 30
91 22
33 37
83 63
38 4
118 54
12 67
24 1
61 62
10 59
116 26
93 9
8 22
41 30
20 2
86 28
114 112
120 4
96 110
121 37
41 88
29 46
44 1
14 91
26 43
90 28
11 66
22 46
44 76
97 119
93 99
122 6
56 16
101 26
107 62
44 8
50 38
111 36
12 87
48 46
19 122
12 78
52 62
