#qgen
54
66
75
85
83
87
84
68
80
52
77
66
6
66
89
78
82
75
75
92
71
57
59
73
53
89
81
64
77
86
68
88
72
79
65
89
66
68
69
64
74
93
69
79
66
80
61
68
58
69
98
79
73
65
69
128
0 1
2 1
1 3
1 4
5 1
1 6
1 0
7 1
1 8
9 1
10 9
1 11
9 12
9 13
9 14
13 15
1 10
9 4
1 12
16 9
4 17
9 18
17 3
1 19
20 17
21 9
22 1
17 8
23 17
9 24
25 1
24 17
26 1
8 17
1 26
1 27
9 28
1 16
9 25
29 9
17 30
9 17
15 9
9 11
19 1
6 9
9 20
28 1
31 17
9 32
33 1
34 6
1 35
12 9
9 36
21 32
35 1
17 21
37 6
38 1
5 9
17 26
1 25
13 17
39 1
40 1
17 34
19 17
9 6
3 17
9 19
41 1
18 17
1 42
17 31
1 7
43 9
16 1
4 9
9 44
36 17
20 9
0 9
26 17
1 45
9 46
29 17
6 19
47 1
48 1
39 9
44 9
1 32
17 49
9 3
17 4
1 47
1 30
3 1
9 30
9 26
11 17
17 42
17 2
34 17
50 9
19 6
13 7
34 19
17 50
51 45
17 52
51 1
45 51
31 9
9 53
9 38
9 43
51 17
17 14
17 46
9 39
2 9
21 17
27 1
17 36
12 1
15 1
