#qgen
105
75
74
80
83
71
72
80
88
61
87
85
83
72
54
64
72
81
75
82
56
69
64
90
83
80
75
82
81
69
69
86
72
86
67
87
88
84
60
91
74
80
73
85
82
79
51
94
67
58
71
87
73
72
63
107
78
83
53
75
83
67
83
52
103
76
79
62
100
88
67
55
71
68
91
78
81
84
61
73
96
75
76
62
88
64
69
64
82
75
52
68
71
64
79
70
68
76
76
78
76
87
78
69
62
70
256
0 1
0 2
2 3
4 2
5 2
0 6
7 2
2 8
2 9
10 4
11 2
2 12
13 7
7 14
15 0
2 14
2 16
17 13
18 10
2 19
2 20
16 21
22 2
23 4
24 2
7 25
2 26
27 2
28 14
2 0
29 14
30 25
10 31
2 32
33 19
2 34
2 33
14 8
7 35
36 10
37 2
38 35
39 17
2 40
41 16
42 27
7 19
43 30
16 40
44 0
0 44
45 30
46 39
47 7
48 2
35 2
42 49
10 50
18 38
20 51
38 14
7 43
52 16
0 53
11 13
54 7
41 2
16 55
56 42
51 18
2 52
2 57
25 16
39 49
14 3
21 2
21 58
26 39
59 0
60 2
30 61
62 0
63 0
49 22
14 46
28 7
45 43
31 10
38 42
64 14
65 0
56 3
64 40
66 25
7 67
3 2
68 64
69 14
38 64
47 70
71 0
72 42
67 73
74 26
26 75
45 3
45 60
76 2
73 52
67 49
14 57
26 38
77 52
16 78
79 2
11 45
49 75
2 73
41 64
30 26
18 73
43 45
77 51
67 7
75 13
80 2
66 17
13 22
30 78
5 13
81 2
41 36
2 82
54 2
45 7
36 78
73 16
2 72
78 57
49 13
0 83
21 10
0 84
59 85
51 85
86 2
38 7
52 36
7 81
2 87
30 7
49 88
64 52
49 2
43 2
52 7
13 88
36 73
36 54
89 0
77 73
67 90
73 41
2 91
58 2
2 24
42 57
34 67
92 2
36 93
2 60
4 23
2 5
2 28
19 2
61 80
64 10
17 66
30 85
30 57
26 42
76 70
91 16
16 64
93 2
85 30
61 42
58 21
94 10
78 16
75 26
17 7
77 14
11 49
88 13
30 38
75 14
38 2
48 7
78 36
52 79
78 14
73 78
90 64
26 20
68 2
52 95
56 96
57 30
18 77
22 42
4 7
64 16
97 0
57 39
92 30
79 38
38 18
75 2
2 50
98 0
58 50
14 79
16 49
99 2
49 47
2 100
81 31
0 101
15 69
13 30
58 52
56 57
10 94
102 49
15 80
17 39
39 43
13 11
50 2
3 56
91 64
54 14
42 74
0 103
30 2
14 104
43 39
40 73
72 30
47 56
67 42
18 86
23 2
52 5
64 41
