#qgen
60
75
74
80
52
73
67
67
60
83
72
78
80
91
71
78
70
71
81
87
72
72
69
61
82
85
63
103
73
91
82
79
78
76
79
69
85
75
82
76
79
52
60
88
83
88
72
80
79
88
69
72
84
67
62
75
75
62
86
87
64
128
0 1
0 2
3 0
4 2
2 5
0 6
7 2
8 0
9 0
10 2
2 11
0 9
4 12
13 2
0 14
15 0
0 16
4 17
18 2
6 0
19 0
20 13
2 21
2 22
2 23
24 2
0 25
2 4
13 17
0 26
27 12
23 28
29 2
0 30
21 18
31 0
0 32
33 2
2 34
35 2
36 0
28 37
17 38
39 0
20 12
20 35
2 38
21 20
23 10
0 40
0 15
35 20
37 24
2 41
2 20
42 0
43 24
44 2
11 24
44 12
5 2
2 45
17 4
0 46
23 2
2 17
47 0
4 37
28 23
10 23
0 48
49 0
12 4
20 50
2 44
51 0
12 27
13 20
0 43
25 0
27 17
0 47
0 52
12 44
11 2
2 29
53 23
2 54
19 55
55 2
0 56
2 53
20 54
12 17
2 13
26 0
54 57
17 2
18 54
24 37
0 51
23 53
57 54
12 20
24 11
2 7
54 20
58 0
28 38
24 28
37 2
10 24
37 28
28 2
59 0
2 43
23 24
0 59
18 35
24 10
54 2
20 21
28 24
2 10
27 2
40 0
22 2
2 35
