#qgen
112
62
97
83
81
82
70
59
85
67
80
72
87
70
69
70
81
80
88
70
76
70
66
73
83
64
73
77
71
73
79
78
91
59
75
60
71
69
84
86
87
69
62
72
67
80
62
65
64
53
69
82
73
86
94
75
67
91
64
66
87
71
72
68
54
60
79
64
66
58
79
77
70
95
74
83
73
83
79
74
53
48
76
86
94
56
68
69
69
61
71
88
45
73
71
68
74
69
89
79
69
83
82
60
76
77
55
84
60
76
72
71
71
256
1 0
0 2
3 0
4 3
5 3
3 6
7 4
8 6
4 6
6 9
10 7
11 9
12 4
7 13
0 4
14 6
11 15
16 3
7 17
14 18
19 4
20 13
12 21
22 20
23 4
8 14
11 18
3 24
25 18
18 26
27 12
28 6
29 20
30 3
3 31
11 12
32 7
27 33
6 22
33 31
34 16
35 3
36 31
37 3
31 22
38 32
20 39
35 13
18 3
40 4
9 41
13 42
43 0
0 43
11 41
44 6
45 11
41 36
11 42
22 6
46 21
43 47
20 48
49 16
50 3
28 51
15 0
14 52
21 53
9 54
54 13
11 55
56 14
12 57
16 58
11 56
13 11
7 59
46 60
61 16
18 62
57 6
63 0
20 64
13 7
56 13
49 59
31 65
11 66
7 67
2 68
3 69
6 33
70 27
27 56
71 11
35 14
72 27
73 46
4 74
0 15
11 75
71 17
64 16
33 76
3 59
77 47
15 3
32 11
39 73
39 27
78 60
79 0
52 29
17 66
41 9
80 3
28 13
3 81
52 14
82 30
3 58
18 80
64 61
42 39
4 83
9 84
85 4
60 54
86 3
27 11
56 87
41 14
81 57
13 84
4 32
73 84
6 15
77 9
11 28
88 76
84 73
6 27
81 89
27 42
90 39
84 9
73 38
31 3
11 35
4 79
47 91
13 56
92 31
40 39
39 3
73 54
0 88
11 45
36 46
77 3
31 35
26 21
21 90
60 20
77 84
41 78
42 17
93 4
3 14
47 94
4 75
90 89
3 46
85 3
26 95
59 41
14 17
86 11
61 96
59 40
18 85
35 41
13 3
95 4
15 56
6 56
3 89
15 93
53 18
60 41
21 97
29 4
76 11
4 12
41 98
11 62
60 78
99 6
17 42
77 70
3 67
75 27
66 73
3 100
65 42
20 41
52 101
80 4
60 102
41 46
73 67
90 13
15 94
41 1
73 21
60 103
60 6
95 26
56 11
52 41
13 61
96 61
104 76
73 35
3 30
32 38
0 79
70 105
70 77
73 17
56 73
106 77
107 3
52 42
108 0
109 60
11 90
56 59
3 109
70 4
80 21
110 99
56 21
71 0
0 104
4 93
63 111
11 6
42 61
6 38
100 102
36 3
90 3
85 73
77 52
