#qgen
120
90
76
80
70
73
64
73
69
77
62
50
57
90
64
80
93
92
53
75
82
69
63
76
65
75
86
70
81
80
76
85
76
61
72
58
64
90
84
59
78
84
51
73
89
66
59
55
63
84
68
76
70
67
55
94
56
75
97
64
83
50
69
59
88
62
73
83
71
73
65
75
70
69
81
66
79
106
56
80
67
65
108
72
87
98
81
84
97
71
78
64
68
59
91
69
88
67
86
59
64
61
73
74
81
72
73
69
77
69
66
79
88
87
62
74
99
71
69
69
74
256
0 1
2 1
3 2
4 2
2 4
1 5
5 1
5 6
5 7
8 5
9 5
10 5
8 11
12 8
8 13
5 14
8 15
16 10
17 2
11 18
19 2
18 20
0 21
22 9
11 23
24 2
5 25
5 3
10 26
26 27
28 9
29 10
30 23
31 8
8 32
2 33
34 10
35 8
33 25
5 36
5 37
8 38
19 33
25 29
39 36
2 40
36 41
42 9
36 43
3 44
45 8
2 46
2 24
20 8
47 27
34 48
49 14
50 41
47 51
5 52
38 53
20 54
29 55
26 56
57 43
48 58
29 59
38 11
60 8
14 61
26 28
62 14
47 30
5 63
33 2
29 64
25 5
65 63
1 44
2 48
5 66
67 9
29 4
68 5
29 69
41 70
71 59
2 72
45 31
63 51
73 5
74 23
23 11
44 75
46 2
43 8
76 38
77 38
31 78
77 79
14 5
8 54
20 80
81 47
27 9
25 80
82 18
54 20
24 83
20 76
24 84
63 27
40 84
81 27
36 85
81 9
86 9
58 29
10 21
71 87
21 88
63 22
20 87
48 89
8 90
91 24
92 86
87 70
7 93
79 32
75 65
9 81
71 48
94 9
2 83
2 59
47 81
22 63
25 95
8 70
57 96
97 68
87 43
27 63
98 20
13 97
51 99
41 100
86 65
5 73
32 45
101 9
27 81
86 92
2 91
41 50
76 20
1 0
31 36
87 29
95 34
95 25
102 57
17 41
96 45
62 70
33 19
103 24
38 8
63 61
36 70
2 104
44 93
105 9
28 63
5 106
102 36
9 61
49 87
92 26
14 49
97 13
48 71
59 107
65 9
99 51
28 26
42 63
81 51
44 1
8 57
20 15
26 75
99 92
75 44
8 108
58 59
69 2
34 59
103 109
99 65
8 53
107 110
71 29
47 26
28 92
85 36
111 2
68 49
15 77
29 42
59 2
40 112
9 94
64 110
79 87
99 113
10 49
96 31
75 47
100 10
52 114
5 39
51 86
47 75
49 95
76 102
113 27
59 58
99 26
27 65
38 77
60 38
56 26
8 100
39 5
87 115
51 75
8 116
45 77
5 93
63 42
49 68
47 113
79 77
43 31
38 80
75 92
87 69
8 117
36 79
8 118
113 81
119 40
113 75
54 38
