#qgen
57
65
66
74
52
68
54
58
90
74
70
94
71
59
64
73
47
89
68
82
47
66
62
96
73
75
82
56
75
65
50
72
68
84
76
72
65
77
50
87
71
76
64
81
97
66
64
71
81
73
73
65
75
80
78
71
76
83
128
0 1
1 2
1 3
4 1
2 5
6 2
7 1
2 8
9 2
2 10
11 2
12 2
2 13
14 1
2 15
16 2
12 15
17 7
2 18
19 2
12 20
14 21
22 1
2 23
7 24
25 1
1 4
18 26
27 2
15 28
2 29
2 30
2 31
20 2
32 2
19 7
24 33
7 17
22 34
14 27
24 35
26 6
26 2
2 7
12 36
24 8
37 19
13 2
2 21
1 38
39 21
40 39
27 36
36 24
2 12
10 41
42 34
43 2
44 2
8 2
1 45
7 21
6 36
2 46
41 21
24 47
21 41
27 14
48 2
12 38
5 2
2 37
1 49
50 14
10 4
51 14
2 6
2 27
1 52
4 53
2 34
24 48
24 3
2 36
50 17
54 14
17 50
14 24
36 42
40 45
49 30
40 48
4 10
47 2
2 39
2 20
2 44
25 31
23 45
21 7
5 14
1 33
21 14
36 6
42 18
1 25
52 1
44 24
2 47
28 1
2 17
24 5
34 24
34 13
20 12
39 10
2 32
2 41
38 1
2 42
2 55
49 46
1 56
24 11
17 2
2 40
18 42
10 12
