#qgen
117
65
66
74
73
68
94
71
47
64
75
91
55
88
71
65
68
72
77
93
82
87
80
84
91
72
47
82
64
90
70
70
86
75
66
76
74
65
82
64
74
71
71
62
64
94
81
64
82
15
84
59
71
80
89
75
93
96
57
89
83
88
72
70
83
87
65
73
65
52
76
58
72
77
72
54
71
68
77
63
59
83
97
70
64
88
66
71
30
65
71
66
73
83
79
76
73
73
50
65
81
69
74
80
64
76
56
54
78
76
73
66
94
50
84
72
84
73
256
0 1
1 2
3 1
2 4
2 5
6 2
2 7
2 8
9 2
2 10
11 2
12 2
13 2
2 14
2 15
16 2
9 17
13 8
2 18
19 2
11 20
16 21
2 22
2 23
24 8
2 25
26 1
21 16
27 2
14 28
2 29
2 30
2 31
32 2
33 2
34 8
28 35
36 8
37 23
17 38
28 39
40 8
41 2
38 2
13 42
20 11
43 23
9 4
44 2
2 45
29 46
47 46
43 48
40 49
28 2
13 50
51 46
48 2
52 2
53 2
1 54
13 34
12 55
34 2
35 56
43 57
46 34
27 58
41 4
20 19
59 2
2 9
60 1
61 27
62 10
26 63
2 55
2 64
1 65
66 9
67 2
68 43
9 69
2 33
31 70
71 28
51 29
50 27
72 54
56 73
74 54
57 69
12 70
8 29
2 52
2 75
2 17
76 51
44 77
78 17
22 12
2 13
31 66
15 28
36 79
68 1
2 24
50 72
80 2
2 81
78 2
36 13
53 80
58 27
60 21
19 33
82 2
83 2
2 84
2 51
2 85
86 77
87 1
21 83
8 21
81 2
34 46
19 25
1 68
62 12
88 63
54 14
32 17
24 34
54 71
2 47
72 28
89 56
90 64
46 51
71 69
2 53
15 2
46 91
92 41
86 42
93 2
56 64
58 79
21 8
83 80
1 26
8 51
1 64
94 21
55 33
89 2
22 2
2 20
95 2
34 24
96 1
32 96
96 97
28 72
45 18
2 98
45 2
9 66
99 1
63 88
8 5
70 2
2 100
2 101
54 64
73 50
8 24
45 72
80 42
35 70
44 86
71 43
74 96
45 73
77 2
29 42
66 102
55 12
84 40
2 103
80 72
42 56
43 69
70 72
86 4
58 2
104 1
61 13
21 29
2 105
8 49
104 47
106 2
34 13
54 101
2 107
85 2
2 108
67 49
64 73
99 45
107 21
109 34
42 86
4 23
68 54
65 7
88 2
69 4
83 79
21 7
29 2
39 100
1 46
2 62
80 70
84 2
107 2
110 9
86 40
111 2
36 96
25 19
45 16
2 112
8 50
19 113
4 69
17 31
4 41
91 2
114 2
91 46
80 50
56 92
56 1
73 39
115 2
37 2
72 92
2 116
21 96
57 2
51 88
21 66
