#qgen
54
64
75
61
79
67
72
81
63
48
79
101
73
64
76
100
90
85
81
75
74
80
73
84
54
67
97
83
86
68
70
77
59
56
83
78
79
78
73
65
86
76
68
90
65
73
59
57
73
74
62
73
67
62
96
128
1 0
0 1
2 1
0 3
4 1
1 5
6 1
1 7
8 6
6 9
10 1
11 10
0 12
3 13
14 0
15 13
14 16
3 0
17 0
18 6
19 2
20 1
15 21
1 22
23 0
10 18
23 6
24 6
25 9
26 24
27 0
1 28
0 9
24 21
29 1
21 30
1 31
26 32
33 1
1 34
35 21
36 17
30 0
23 37
16 3
38 1
18 19
1 39
24 3
24 40
17 36
36 16
41 0
26 13
26 42
1 43
0 36
6 44
45 15
16 13
46 3
21 44
35 15
18 5
14 47
36 24
1 18
21 23
42 21
6 41
42 23
16 14
0 48
41 26
6 49
6 26
36 0
0 50
24 12
27 6
30 24
1 51
0 45
32 42
47 16
41 30
0 42
50 17
43 1
21 16
1 30
23 13
44 6
23 35
24 42
26 37
15 32
35 36
44 14
36 3
2 18
6 18
26 40
32 3
9 1
28 1
37 15
3 44
52 1
37 0
16 23
0 25
49 1
23 16
37 32
26 45
14 36
36 37
27 13
47 21
15 26
24 16
53 1
35 42
10 11
0 8
23 42
37 38
