#qgen
59
59
82
85
83
97
79
96
69
70
80
60
71
92
78
98
67
85
75
75
77
58
77
77
63
53
68
63
82
78
85
76
83
58
73
73
74
91
73
55
61
60
56
87
69
77
82
74
64
83
79
80
91
67
88
82
82
66
62
79
128
0 1
2 1
3 2
2 4
2 5
2 6
1 7
8 2
9 2
2 10
2 9
2 11
12 2
13 1
14 1
15 2
16 2
2 17
7 15
2 18
2 19
18 20
2 21
15 22
23 2
2 24
20 2
25 2
26 8
2 3
1 13
2 27
25 28
29 2
23 28
30 2
16 31
27 23
2 12
2 20
2 32
2 33
34 8
35 18
36 2
31 16
37 2
38 32
1 0
2 39
40 1
2 23
2 41
2 26
2 42
8 27
43 2
18 35
2 44
2 28
28 23
2 8
4 18
15 35
35 22
31 2
2 45
4 2
2 22
2 46
31 25
46 2
33 2
10 2
2 43
31 26
2 47
35 7
48 23
2 49
14 50
28 25
6 2
22 35
40 50
35 2
45 2
51 2
2 52
38 2
8 26
28 34
31 8
50 1
18 4
42 2
17 2
8 23
47 27
27 8
26 31
8 34
48 49
2 53
50 40
2 54
47 55
2 36
23 48
19 35
2 29
34 2
32 2
7 35
47 48
56 2
32 38
52 2
23 27
36 35
35 15
2 57
25 34
2 25
58 2
2 56
5 54
15 51
