#qgen
114
59
82
85
79
77
77
77
80
60
68
82
63
96
74
56
65
58
81
67
83
74
78
80
74
80
104
98
82
61
69
71
80
79
73
56
73
77
83
64
90
83
76
29
91
55
75
77
82
68
72
58
64
92
67
75
80
69
75
63
87
61
64
71
70
71
90
58
75
38
45
82
70
79
79
71
63
84
67
65
73
66
75
93
82
55
64
74
91
69
76
66
87
87
75
87
64
86
80
83
66
67
75
83
70
62
68
74
50
68
79
97
103
60
61
256
0 1
2 1
3 2
4 2
5 2
2 6
1 7
3 8
9 2
10 2
2 11
12 2
13 2
2 14
2 10
15 2
16 2
2 17
5 18
2 19
2 20
19 21
2 22
20 23
24 3
2 25
26 7
4 27
23 20
2 28
1 2
29 2
30 23
5 31
23 32
25 2
33 21
23 34
2 35
36 2
37 2
11 2
38 15
23 39
40 2
21 41
42 2
43 34
44 43
2 21
2 45
2 46
2 5
47 2
2 36
21 11
48 3
39 22
2 49
2 50
51 23
2 52
23 6
22 43
23 44
53 2
2 51
38 5
54 2
55 2
24 56
4 57
5 13
4 58
59 2
60 24
2 61
11 21
62 23
2 63
22 39
24 64
44 2
23 65
66 54
3 60
67 2
68 3
2 12
69 4
70 16
71 37
19 41
2 59
9 33
46 2
72 3
16 73
74 34
75 19
76 24
17 71
75 71
77 2
78 63
2 79
67 80
2 29
65 23
44 23
81 2
17 2
82 4
15 83
72 76
3 24
78 49
84 2
24 85
86 56
87 23
6 2
30 32
51 2
74 2
2 80
37 11
88 23
72 24
66 2
89 2
5 90
44 39
45 2
74 22
34 74
91 3
21 19
48 92
1 26
19 2
1 88
3 91
23 51
19 33
93 2
94 66
4 23
73 16
23 95
78 2
2 44
96 48
91 85
8 3
2 4
2 83
48 97
32 30
48 60
2 98
60 91
99 2
46 100
2 37
41 83
49 15
4 95
80 2
101 2
32 4
71 11
102 2
56 24
2 77
48 96
71 83
91 76
2 78
6 100
19 71
18 5
21 83
3 96
103 3
56 86
85 3
11 71
80 23
1 0
73 2
24 97
76 60
91 8
9 21
66 79
2 101
80 67
104 2
21 9
2 16
23 105
97 60
10 51
64 2
70 73
87 2
2 67
54 50
106 3
75 21
3 107
51 37
2 3
23 108
2 39
60 92
76 97
17 21
17 19
76 92
37 109
2 110
43 44
2 73
111 21
24 86
72 2
112 7
60 86
32 95
23 100
11 37
43 22
97 91
97 24
9 71
43 2
48 91
75 2
33 19
50 2
21 111
109 2
3 92
2 81
35 2
2 113
92 97
37 53
108 23
79 66
5 38
39 43
24 60
16 70
