#query
32
K
S
T
R
A
I
D
A
Y
Y
T
S
N
A
D
P
S
S
F
N
Q
Y
P
Y
G
N
K
A
K
T
I
H
128
0 1
2 0
2 3
4 0
5 2
1 6
4 7
8 7
7 3
2 9
2 10
11 10
7 12
13 5
8 2
2 7
14 12
4 15
12 6
16 4
17 4
11 3
18 13
2 15
18 19
18 4
20 15
13 21
22 19
7 10
5 9
18 3
23 11
9 6
7 6
8 10
24 10
18 23
13 25
9 3
12 26
27 4
9 12
4 3
8 16
8 22
10 28
23 3
21 8
10 15
21 9
20 6
5 12
8 9
0 26
4 9
22 28
5 0
18 29
18 22
5 6
25 11
4 6
28 1
8 4
4 5
30 24
11 12
20 11
16 9
9 28
17 25
9 10
3 19
20 10
24 19
25 9
24 3
17 29
10 19
22 9
13 16
12 1
7 28
18 8
19 6
27 29
13 17
30 28
21 16
27 8
3 10
31 18
2 12
31 7
16 0
9 7
13 23
25 21
7 14
18 10
4 10
27 17
8 19
22 12
14 0
17 3
21 4
9 1
16 22
22 0
5 1
9 14
11 0
13 9
22 14
7 15
18 28
3 26
30 3
8 5
21 20
3 28
16 11
19 12
13 29
22 11
20 9
