#query
61
I
P
N
Y
S
H
F
T
K
T
F
I
A
R
R
I
F
T
L
D
F
E
G
V
S
Y
L
A
T
P
V
V
V
L
K
L
A
D
V
T
A
L
A
S
V
E
G
E
K
S
K
N
A
Y
K
Y
V
N
N
T
K
128
0 1
0 2
3 2
4 1
5 0
6 4
7 2
0 8
9 1
1 10
11 7
12 6
13 9
14 10
11 15
4 16
17 1
18 15
19 6
20 10
21 8
0 22
22 16
23 11
13 24
25 2
12 26
27 14
25 15
21 16
6 28
7 28
13 29
6 30
0 31
18 30
5 14
10 2
16 32
33 0
5 34
21 10
18 35
36 31
5 23
4 37
38 31
5 35
0 28
13 1
24 39
4 20
40 0
27 15
16 9
17 41
42 2
43 8
44 31
45 33
33 28
12 46
12 44
0 4
35 47
46 26
29 8
21 28
48 30
37 9
49 36
27 7
23 37
33 50
0 23
41 38
45 21
21 34
21 7
22 9
51 2
22 11
25 40
36 46
15 52
53 24
54 31
5 15
39 10
18 23
46 38
33 18
28 52
55 20
47 30
55 53
16 2
1 11
22 1
16 53
14 11
7 8
18 25
20 41
14 7
56 38
48 57
40 10
0 7
49 46
5 28
21 40
58 50
54 59
19 51
0 14
26 30
23 38
6 11
3 43
18 60
15 30
21 60
5 22
33 22
17 20
58 40
35 28
