#query
63
P
K
T
V
N
I
K
K
N
D
V
A
R
I
I
S
K
K
N
L
V
L
R
Y
T
P
N
L
I
D
R
A
Q
L
K
A
K
A
L
K
K
K
G
N
F
E
K
S
T
S
K
T
G
F
K
L
E
N
I
F
Q
S
T
256
1 0
1 2
2 0
3 0
2 4
5 0
2 6
2 7
0 8
9 2
10 6
2 11
12 1
13 5
13 14
6 15
16 1
17 3
18 14
19 17
9 11
20 9
4 7
4 21
22 4
19 3
23 14
1 24
25 11
26 5
20 1
27 20
28 0
29 3
28 11
4 30
28 27
31 18
9 15
20 32
28 33
34 26
20 2
35 24
18 36
37 6
19 15
35 38
3 2
2 39
13 16
1 40
38 40
36 41
41 20
11 40
7 6
42 39
43 14
15 44
37 8
43 44
19 10
36 45
17 2
46 35
43 27
47 14
5 10
10 48
41 45
49 29
29 35
48 25
28 9
21 48
50 17
43 18
33 24
35 39
51 42
47 0
20 0
5 16
23 34
28 44
1 17
4 51
23 15
12 52
44 53
22 6
49 44
23 25
9 40
54 16
27 5
28 20
27 55
33 39
47 4
5 41
13 20
51 11
39 38
15 25
32 17
55 5
15 11
16 12
19 52
56 9
6 8
18 41
23 21
2 44
34 31
51 35
14 54
22 17
22 9
43 5
5 30
52 40
28 57
28 19
9 24
4 44
17 48
54 50
13 12
58 41
9 17
4 48
54 10
48 53
11 24
31 41
23 44
29 22
22 53
57 36
25 38
17 24
57 21
59 7
47 13
49 22
24 38
23 3
31 45
21 6
37 28
13 27
37 34
20 19
43 20
60 41
47 58
9 39
13 24
47 61
13 33
18 45
46 25
2 10
19 2
37 47
62 41
19 38
47 28
22 25
32 9
23 43
37 43
27 57
14 4
24 40
37 4
54 12
41 16
48 51
37 2
32 12
30 6
22 3
23 4
28 38
27 60
42 53
17 7
43 61
43 10
29 46
22 2
28 13
19 48
3 44
61 13
45 16
43 13
59 48
23 51
43 45
25 53
58 5
10 21
0 10
34 18
23 37
59 51
59 25
50 4
20 24
34 61
44 40
47 21
57 5
22 51
49 39
56 33
36 58
49 51
50 33
60 16
27 12
50 32
0 21
15 53
42 24
37 21
11 53
9 35
52 3
3 4
16 32
58 20
17 0
26 18
42 40
34 58
32 33
18 5
12 9
57 14
2 15
33 9
5 20
2 51
33 17
50 12
62 36
1 52
14 21
62 5
23 2
