#qgen
121
1887
1586
1615
24
452
1700
673
29
1102
249
1912
944
787
1532
1405
440
597
1432
329
285
488
2040
1088
1638
393
1683
1403
1584
977
998
642
785
822
161
1877
443
104
1352
1669
1275
1790
1780
144
1366
79
1789
661
1052
569
334
1380
853
689
1636
599
589
1074
649
1809
1269
1103
600
1338
1359
834
1937
355
1945
228
1702
682
498
1389
632
808
1015
674
946
324
1511
1490
386
1331
707
687
1821
167
177
1280
955
1934
1198
262
1229
1598
912
1679
1865
1393
1381
2016
1186
400
1301
619
1820
1452
1772
1731
81
1939
712
1312
422
1302
1794
779
950
1193
1079
259
128
1 0
2 1
3 1
4 1
1 5
6 0
3 2
7 5
8 6
2 9
10 5
11 5
3 12
13 5
14 12
15 12
15 14
16 12
17 9
18 16
19 5
20 19
21 5
22 18
23 5
24 5
22 25
26 20
27 6
25 28
22 29
18 30
18 31
32 30
22 33
21 34
33 35
29 36
37 32
38 35
36 39
22 40
29 41
42 40
43 38
29 44
42 45
46 39
25 47
30 48
42 49
37 50
51 31
52 49
53 32
54 38
55 5
30 56
18 57
25 58
25 59
60 52
42 61
62 38
52 63
64 63
65 54
66 51
51 67
50 68
69 47
70 42
71 62
72 71
73 42
74 57
75 42
37 76
77 48
59 78
79 59
32 80
37 81
22 82
25 31
61 83
84 58
29 85
86 85
67 87
44 88
89 31
90 56
86 79
91 62
92 38
93 78
48 94
95 87
96 52
93 97
98 54
99 87
100 84
56 101
102 45
60 103
87 104
105 67
106 105
107 63
89 44
108 38
109 87
110 51
111 49
112 63
111 113
114 61
115 63
85 116
96 117
82 104
118 40
119 82
120 44
66 63
73 63
