#qgen
124
1275
289
547
1525
71
1457
547
410
1561
1199
1187
1577
1239
803
1692
153
827
1773
493
193
1322
529
1377
402
139
490
1781
1567
1345
2047
1359
1223
278
1877
59
1570
1887
607
207
338
1500
72
657
1580
331
1350
1060
1275
210
132
337
419
1798
1534
1679
1555
73
1589
1537
286
1354
912
281
752
792
1934
876
1285
1698
1055
1534
526
230
1389
204
1641
481
1995
1101
550
33
1119
1079
477
1548
580
1955
1736
856
848
366
1420
735
815
124
1317
794
964
1888
1746
1511
292
103
1327
986
1149
1125
284
642
464
568
1558
889
1583
1184
876
1951
310
1093
1174
740
945
296
1553
128
1 0
2 0
3 0
4 0
5 0
0 6
7 2
5 8
9 8
2 6
5 10
5 11
5 12
9 13
14 13
14 15
16 14
17 14
18 11
19 16
8 20
21 20
5 22
19 23
5 24
5 25
22 26
14 27
5 28
29 26
22 30
31 11
32 11
31 33
34 16
35 13
34 36
30 37
34 38
34 39
34 40
12 41
42 23
43 41
44 34
45 22
46 39
35 47
22 14
44 22
48 34
32 49
50 24
45 51
26 47
31 52
4 53
54 19
55 5
56 11
57 11
46 58
59 33
60 30
61 45
61 62
63 49
64 44
44 65
40 66
36 67
68 33
60 69
70 69
71 33
55 72
73 33
27 74
75 36
58 76
77 58
78 22
79 27
10 80
81 11
60 82
83 57
14 84
85 82
63 86
87 33
19 88
49 89
90 75
60 91
92 28
93 75
35 94
85 95
46 96
96 97
48 98
99 89
100 84
101 49
102 34
60 103
92 104
105 66
106 105
61 107
34 108
29 109
92 110
44 105
39 111
60 112
113 111
114 58
60 115
81 116
95 117
118 75
119 30
120 75
121 33
60 122
60 123
