#qgen
245
1915
1790
1334
684
214
237
1996
2020
529
36
1015
927
862
635
2034
476
1146
401
1922
671
1442
1086
652
527
1799
1694
1711
1509
1927
778
1969
246
987
301
117
112
766
32
1123
1458
356
1068
1388
1054
1614
245
400
808
1644
839
1968
1471
738
42
1586
695
1276
131
984
1600
1527
422
827
1680
1877
2017
1474
1678
79
324
351
1316
75
868
611
592
342
803
870
144
705
1268
1532
1163
1470
491
1855
1384
181
323
2039
1574
2021
1325
49
1900
1644
341
742
169
1197
1512
1013
1809
1579
792
876
1789
1021
876
1015
1020
313
736
644
1574
1307
16
272
2011
470
1648
1822
1181
1577
1339
1515
1870
1215
1467
735
823
103
1105
1565
1925
1618
1534
566
808
94
366
1939
679
1512
1186
1372
1286
300
17
1776
284
1594
1679
455
949
1526
769
1079
7
1322
1325
632
525
971
122
1826
203
1459
912
23
1772
1594
1577
508
1570
1450
596
640
456
304
316
897
1534
1311
648
1252
722
1069
583
528
1065
1069
1278
530
2020
726
1199
1878
947
335
1451
556
1055
1494
1965
971
1019
1907
1457
887
419
6
922
1907
331
1164
737
1424
1060
1667
1809
1589
59
1788
485
970
221
1739
989
1820
1561
1939
343
1587
1184
2032
511
1040
1305
1052
155
1595
1804
922
256
1 0
1 2
3 1
4 0
5 3
5 6
3 7
8 6
5 9
10 1
7 11
12 0
13 3
14 1
7 15
16 1
17 3
18 10
13 19
12 20
21 15
18 22
23 0
24 15
18 25
26 21
20 27
21 28
18 29
20 30
26 31
32 1
33 26
12 34
35 7
22 36
37 3
28 38
18 39
40 27
41 32
37 42
43 29
44 42
45 40
45 46
47 2
48 9
49 30
50 37
51 34
12 52
28 53
54 37
40 55
56 1
57 31
25 58
59 41
60 55
47 61
62 26
60 63
31 64
37 65
8 37
66 58
42 67
68 48
16 69
70 12
33 71
66 72
51 73
31 74
75 64
76 52
33 77
76 78
21 79
80 10
81 53
82 31
83 46
29 84
85 81
86 47
87 64
88 27
18 89
62 90
82 91
45 92
58 93
40 94
95 81
96 64
27 97
48 98
37 32
99 36
57 100
101 66
102 32
103 26
104 98
105 18
82 106
41 107
8 108
104 109
110 47
111 75
33 112
99 113
114 101
28 115
116 40
68 117
51 118
119 52
23 120
45 119
121 100
88 122
82 123
87 124
45 125
111 126
12 40
77 127
128 18
129 81
26 130
131 53
132 106
10 133
134 65
135 79
59 136
137 72
73 138
106 139
18 2
101 140
141 79
142 124
118 143
112 144
145 64
146 25
18 147
148 77
66 149
150 124
151 20
152 144
153 77
150 64
121 154
82 155
156 126
129 157
156 158
145 159
160 24
122 161
151 162
163 89
39 164
165 52
144 166
110 167
152 168
169 145
170 40
171 75
172 124
173 156
12 174
175 172
171 176
26 177
91 178
158 75
156 179
104 180
181 64
182 64
183 144
175 184
185 137
116 186
145 187
188 132
100 189
156 190
82 191
79 139
192 64
112 193
194 120
195 26
196 9
197 100
198 182
50 199
153 200
125 201
202 22
156 203
204 124
6 205
171 206
207 192
208 83
209 148
105 210
131 211
197 212
213 46
191 126
214 141
215 155
216 79
217 79
218 29
219 28
145 220
142 106
89 221
29 81
203 222
209 106
223 31
82 224
225 80
226 77
227 222
196 228
229 89
175 230
231 106
232 93
233 137
234 89
156 235
59 236
169 237
57 238
239 30
198 240
175 241
173 242
128 243
224 244
