#qgen
61
1275
289
547
1525
71
1457
547
410
1561
1199
1187
1577
1239
803
1692
153
827
1773
493
193
1322
529
1377
402
139
490
1781
1567
1345
2047
1359
1223
278
1877
59
1570
1887
607
207
338
1500
72
657
1580
331
1350
1060
1275
210
132
337
419
1798
1534
1679
1555
73
1589
1537
286
1354
64
1 0
2 0
3 0
4 0
5 0
0 6
7 2
5 8
9 8
2 6
5 10
5 11
5 12
9 13
14 13
14 15
16 14
17 14
18 11
19 16
8 20
21 20
5 22
19 23
5 24
5 25
22 26
14 27
5 28
29 26
22 30
31 11
32 11
31 33
34 16
35 13
34 36
30 37
34 38
34 39
34 40
12 41
42 23
43 41
44 34
45 22
46 39
35 47
22 14
44 22
48 34
32 49
50 24
45 51
26 47
31 52
4 53
54 19
55 5
56 11
57 11
46 58
59 33
60 30
