#qgen
63
277
1610
192
193
910
340
1744
1821
12
711
1091
1344
121
1524
1676
574
1497
668
1574
2048
1236
1093
1384
1119
1407
255
1641
1418
363
775
580
245
1135
1347
34
223
682
390
1310
1841
767
1407
415
1711
581
853
1381
1464
1354
1389
143
1857
1278
944
901
321
1921
334
397
75
1113
1657
583
64
1 0
2 0
3 1
4 0
5 2
6 5
7 2
8 5
5 9
1 10
11 5
0 12
13 2
14 0
5 15
5 0
16 2
8 17
15 18
16 19
17 20
21 17
22 0
23 16
24 17
25 18
26 17
27 17
16 28
17 29
30 18
19 0
31 18
32 5
33 2
17 34
35 1
36 18
11 37
38 18
39 23
40 32
41 18
40 42
43 39
42 44
1 45
5 46
47 20
48 32
32 49
6 50
51 18
52 32
53 35
54 0
28 55
17 56
40 57
53 58
59 46
60 18
59 61
28 62
