#qgen
60
377
1945
1086
244
321
479
106
1308
1605
1824
394
977
1154
602
42
1679
279
1586
1594
1839
1700
1306
204
1290
1359
1993
693
1988
785
1700
676
259
1249
1798
1532
1078
1009
920
235
1512
415
1215
1629
1405
111
1494
1548
1789
820
1418
1679
1600
1964
1226
2046
2033
1885
182
945
2006
64
1 0
1 2
1 3
4 3
5 4
6 4
7 6
8 6
8 9
10 2
11 4
12 6
13 6
1 4
10 14
15 14
16 8
17 9
18 17
7 19
20 2
21 13
22 17
15 23
1 24
25 9
26 2
3 27
28 13
29 15
29 30
5 31
24 32
4 2
31 33
22 34
25 35
36 31
20 17
37 23
38 3
39 35
6 40
23 41
37 42
43 36
44 23
45 18
17 32
46 23
37 47
48 24
11 49
50 33
10 51
52 13
52 4
53 14
54 19
55 33
47 56
16 57
58 44
34 59
