#qgen
206
377
1945
1086
244
321
479
106
1308
1605
1824
394
977
1154
602
42
1679
279
1586
1594
1839
1700
1306
204
1290
1359
1993
693
1988
785
1700
676
259
1249
1798
1532
1078
1009
920
235
1512
415
1215
1629
1405
111
1494
1548
1789
820
1418
1679
1600
1964
1226
2046
2033
1885
182
945
2006
961
1658
1088
785
249
223
1208
1743
726
1175
619
89
1052
1077
370
842
547
2017
144
1435
1719
539
282
144
1103
1069
1891
192
1551
1073
1947
1707
527
1858
853
738
1186
177
460
1909
897
1702
501
1477
1206
1214
9
1501
313
508
270
110
1051
130
432
474
420
153
12
488
822
718
639
907
1580
1187
1877
1074
1934
668
600
630
1182
212
1310
741
1513
1219
158
257
1311
531
1944
769
1384
707
1892
808
107
1634
1302
310
1313
1805
1409
1149
1530
469
1163
1773
432
1089
1402
1331
1309
825
581
2039
1346
916
1243
988
885
1703
899
1669
192
1329
926
1577
1801
2017
1346
1790
1079
323
1441
1347
1343
459
1407
1848
1558
1589
355
1222
1556
1015
1887
1269
1638
370
902
180
1282
1659
256
1 0
1 2
1 3
4 3
5 4
6 4
7 6
8 6
8 9
10 2
11 4
12 6
13 6
1 4
10 14
15 14
16 8
17 9
18 17
7 19
20 2
21 13
22 17
15 23
1 24
25 9
26 2
3 27
28 13
29 15
29 30
5 31
24 32
4 2
31 33
22 34
25 35
36 31
20 17
37 23
38 3
39 35
6 40
23 41
37 42
43 36
44 23
45 18
17 32
46 23
37 47
48 24
11 49
50 33
10 51
52 13
52 4
53 14
54 19
55 33
47 56
16 57
58 44
34 59
20 48
47 41
60 14
61 4
36 62
46 63
64 43
42 56
61 40
65 55
16 66
67 36
50 68
69 55
70 1
22 10
24 71
62 72
73 49
43 74
75 38
76 68
69 77
50 78
79 15
80 21
81 21
82 4
46 83
84 5
85 59
86 78
72 87
86 88
1 6
89 36
68 90
69 91
81 9
92 36
64 93
36 94
94 95
40 96
19 97
98 97
99 62
61 66
100 87
83 29
75 17
101 41
102 21
7 75
4 103
44 104
37 105
106 33
107 55
108 100
44 109
18 110
111 96
54 21
112 13
98 113
114 74
100 115
101 74
116 86
117 31
28 118
10 119
31 120
79 106
34 121
31 55
27 103
101 122
10 32
123 66
124 2
65 125
126 90
127 10
70 128
129 11
130 62
105 131
132 78
127 48
29 133
99 134
29 135
136 55
137 119
8 57
136 138
100 139
140 92
99 141
140 142
125 135
110 113
143 33
144 77
52 9
145 74
146 101
147 134
148 86
149 31
150 137
6 71
151 134
150 2
152 87
151 153
74 109
154 63
90 155
122 156
92 155
47 157
2 119
158 153
26 159
10 57
151 160
161 139
113 162
104 163
141 164
165 95
76 121
166 17
13 73
86 167
99 168
158 133
73 169
26 170
170 171
68 59
172 33
156 173
99 64
174 128
156 172
136 175
176 23
91 83
102 118
124 177
134 132
104 178
179 119
161 180
181 118
182 110
140 163
74 93
54 183
184 119
175 185
130 186
140 187
51 9
188 41
74 153
189 157
190 114
99 191
161 192
186 193
136 194
140 195
157 59
143 91
149 120
160 15
114 130
196 14
197 132
65 198
163 199
200 61
201 199
202 146
203 193
128 204
106 205
