#qgen
126
812
920
1306
1467
876
338
232
1534
1687
882
1256
1673
204
861
1629
285
127
1506
1175
644
702
1812
1157
17
26
340
1846
1997
1524
508
1260
1037
1783
1350
301
674
649
1893
820
1925
1856
1864
894
1829
1918
531
1490
1409
1345
400
1914
1837
415
704
1151
437
1058
1859
839
1181
1925
1672
1737
1429
597
806
1210
1860
1035
1612
296
230
271
173
494
1593
1834
1898
455
689
1228
479
1298
872
750
417
1390
842
1219
1537
1809
1086
695
1135
1430
782
1231
1054
65
971
1433
1701
780
304
155
208
911
584
1123
100
808
1527
670
1768
1569
500
1467
1101
1548
1658
682
1055
739
815
92
1435
128
0 1
0 2
3 2
3 4
3 5
6 3
5 7
1 8
9 5
10 7
0 11
11 12
9 8
0 13
3 14
10 15
16 5
5 17
18 3
17 19
9 20
21 17
6 22
21 23
24 22
25 2
19 26
27 17
9 28
6 13
10 29
30 26
31 20
9 32
33 17
9 34
27 35
36 10
37 13
11 38
39 37
40 16
9 41
21 42
43 17
44 13
8 45
46 29
47 25
48 11
49 29
50 0
9 51
52 48
49 53
9 54
0 55
56 32
57 48
58 16
49 59
10 60
11 61
27 62
63 26
49 64
50 65
66 16
5 67
11 68
69 41
70 3
71 46
72 62
73 41
74 8
75 14
59 76
77 65
65 78
5 79
80 45
68 81
82 19
40 83
65 84
35 85
86 41
87 35
88 22
89 75
90 22
91 45
5 92
93 73
89 94
95 76
54 96
22 97
82 98
99 71
100 84
88 101
102 35
103 71
50 104
52 105
100 106
107 21
35 108
109 81
27 110
111 103
68 112
68 61
47 113
114 41
114 115
106 116
93 117
118 28
87 119
11 120
121 88
122 91
123 110
124 88
72 125
