#qgen
247
812
920
1306
1467
876
338
232
1534
1687
882
1256
1673
204
861
1629
285
127
1506
1175
644
702
1812
1157
17
26
340
1846
1997
1524
508
1260
1037
1783
1350
301
674
649
1893
820
1925
1856
1864
894
1829
1918
531
1490
1409
1345
400
1914
1837
415
704
1151
437
1058
1859
839
1181
1925
1672
1737
1429
597
806
1210
1860
1035
1612
296
230
271
173
494
1593
1834
1898
455
689
1228
479
1298
872
750
417
1390
842
1219
1537
1809
1086
695
1135
1430
782
1231
1054
65
971
1433
1701
780
304
155
208
911
584
1123
100
808
1527
670
1768
1569
500
1467
1101
1548
1658
682
1055
739
815
92
1435
210
1610
1189
549
293
958
1284
979
1201
1188
218
1781
841
1759
1707
597
112
1333
1471
1868
987
549
455
1175
270
637
1937
103
549
1322
529
405
1190
1163
1814
1851
1470
533
984
722
1142
991
295
1647
1607
1220
1896
1318
777
1870
1679
1441
1100
900
1113
684
1420
62
1206
234
45
916
1939
592
427
469
492
1069
90
666
580
31
1943
1676
577
1133
599
1069
1230
1884
279
65
720
124
566
1355
335
832
1117
1099
2023
1136
1500
581
297
90
1214
2028
1656
240
84
1227
1988
736
1798
591
556
241
1741
2034
1975
658
1080
811
1084
1283
1749
1427
1950
1555
1877
256
0 1
0 2
3 2
3 4
3 5
6 3
5 7
1 8
9 5
10 7
0 11
11 12
9 8
0 13
3 14
10 15
16 5
5 17
18 3
17 19
9 20
21 17
6 22
21 23
24 22
25 2
19 26
27 17
9 28
6 13
10 29
30 26
31 20
9 32
33 17
9 34
27 35
36 10
37 13
11 38
39 37
40 16
9 41
21 42
43 17
44 13
8 45
46 29
47 25
48 11
49 29
50 0
9 51
52 48
49 53
9 54
0 55
56 32
57 48
58 16
49 59
10 60
11 61
27 62
63 26
49 64
50 65
66 16
5 67
11 68
69 41
70 3
71 46
72 62
73 41
74 8
75 14
59 76
77 65
65 78
5 79
80 45
68 81
82 19
40 83
65 84
35 85
86 41
87 35
88 22
89 75
90 22
91 45
5 92
93 73
89 94
95 76
54 96
22 97
82 98
99 71
100 84
88 101
102 35
103 71
50 104
52 105
100 106
107 21
35 108
109 81
27 110
111 103
68 112
68 61
47 113
114 41
114 115
106 116
93 117
118 28
87 119
11 120
121 88
122 91
123 110
124 88
72 125
59 126
127 125
128 60
129 22
117 130
50 131
132 78
133 78
134 120
135 10
87 72
10 136
64 137
41 78
138 53
54 139
130 140
131 141
142 118
46 143
144 132
145 108
88 16
26 146
68 147
87 31
148 140
149 32
113 17
150 108
151 128
90 152
109 153
47 154
126 155
87 156
110 157
158 61
16 159
83 160
161 75
110 162
102 163
164 148
155 165
166 157
47 167
168 142
144 169
8 170
171 25
133 172
132 173
52 174
166 172
31 175
176 94
159 177
178 78
123 179
180 112
181 49
182 42
50 183
184 108
1 185
186 150
34 187
188 73
189 171
134 190
191 157
192 110
56 193
194 140
95 195
42 196
190 197
198 64
11 199
3 200
201 97
168 202
156 203
204 152
159 205
206 191
207 53
142 208
80 209
184 210
211 57
133 212
213 21
214 116
31 215
216 22
217 65
218 77
114 219
41 220
7 221
69 222
159 223
224 68
0 225
36 226
227 122
228 220
116 229
132 230
231 225
213 232
95 143
233 172
234 154
36 235
236 159
237 208
194 238
9 239
240 182
17 241
242 156
243 208
142 244
245 192
243 246
