#qgen
65
1511
897
2027
920
915
2015
1707
481
1606
1043
371
1350
1305
338
1669
1429
1734
1673
1276
1298
958
1118
597
2040
481
51
234
144
1886
551
1812
1297
803
1086
1788
1696
640
1672
1186
89
1603
818
1975
333
1233
1587
153
444
780
482
1741
664
600
1610
806
1274
124
955
206
1789
1892
1826
536
324
1864
64
0 1
0 2
0 3
4 2
5 3
5 6
7 6
8 7
9 8
5 10
7 11
12 8
13 8
1 14
15 11
16 15
17 10
18 11
19 17
10 20
6 21
15 22
23 17
24 15
2 25
26 11
27 5
28 6
16 29
17 30
29 31
9 32
33 26
34 5
32 35
25 36
27 37
38 32
22 39
40 26
7 41
37 42
10 43
26 44
45 39
38 46
26 47
22 48
49 18
50 26
41 51
52 26
14 53
35 54
13 55
16 56
8 57
58 16
59 23
36 60
61 53
18 62
53 63
41 64
