#qgen
65
540
208
380
1556
74
481
652
872
205
317
923
1858
153
369
1175
1890
878
614
1772
1359
1585
1109
1470
1239
406
1740
776
2008
1907
483
584
1130
1806
1698
1219
1888
1888
837
803
1859
1843
257
903
1163
1094
1879
1548
180
1817
129
324
704
1049
1003
1053
1384
110
1345
973
1355
1145
1828
2044
1543
298
64
1 0
1 2
2 3
4 3
0 5
3 6
7 3
8 6
9 3
10 3
10 11
12 8
13 8
8 14
15 3
1 16
13 17
18 10
19 18
20 3
3 21
8 22
23 10
24 8
25 22
13 26
27 17
25 28
12 29
30 25
8 31
10 32
33 14
34 25
30 35
36 17
4 37
38 8
39 11
40 10
41 17
42 8
42 43
4 44
34 45
46 3
47 4
48 25
49 36
50 3
36 51
52 39
53 21
4 54
55 3
18 56
57 37
58 43
10 59
3 60
61 39
62 26
25 63
8 64
