#qgen
244
1823
1201
1427
296
571
1532
1332
1142
1226
1440
1595
1626
1208
808
507
800
2040
2017
247
437
2022
562
1457
1933
330
2048
1698
1122
1130
851
251
1417
1606
1066
274
457
1937
1079
2039
1843
1282
73
338
1703
672
441
1679
1836
583
1946
1471
380
659
1598
20
1584
1960
805
1500
1102
235
427
178
144
490
534
1537
192
1032
1099
1688
1761
923
1012
1679
1723
944
1181
1457
946
1196
1181
1480
529
422
1011
1288
1878
1588
958
873
43
704
1064
68
1313
183
1811
291
467
1359
1357
528
971
29
1495
995
257
927
542
569
1244
109
1016
1717
1487
862
1864
1199
1386
1583
22
1407
806
597
1971
465
476
722
533
282
595
1688
1158
1142
937
652
242
1291
1833
1605
890
1934
173
177
1605
1748
620
13
1007
1364
1948
52
1117
2
1982
1345
1678
1252
1384
1142
1723
1391
1379
2026
684
1898
304
632
1090
337
2016
1935
336
98
1614
995
1577
1001
822
132
56
1286
1890
260
1559
184
272
575
1834
658
907
947
840
581
2007
1712
674
283
208
1130
377
221
100
1102
1256
193
469
1345
958
446
245
1186
908
1202
1965
1185
130
922
526
1929
78
1502
1350
732
1530
1107
1093
602
1765
1613
788
496
876
1884
451
976
810
1522
658
856
1469
1817
340
256
1 0
1 2
2 3
3 4
5 3
5 6
6 7
3 8
9 8
8 10
5 11
12 11
9 13
14 6
15 14
16 8
3 17
5 18
9 19
20 7
21 20
22 10
23 3
24 14
25 10
26 17
27 19
28 18
14 29
30 8
31 5
3 32
33 24
34 20
14 35
23 17
18 36
6 37
23 38
39 16
34 40
3 41
42 16
27 43
44 20
16 45
11 46
47 27
48 23
35 49
47 50
51 21
52 6
53 3
54 3
27 55
56 39
57 46
9 58
59 6
5 60
18 61
35 8
62 54
63 59
64 35
20 65
66 32
67 44
0 68
69 62
70 36
71 3
72 19
73 13
43 74
75 48
76 30
14 77
27 13
78 7
79 8
51 80
17 81
82 13
56 83
84 59
85 70
41 86
87 74
88 80
47 89
90 14
91 6
34 92
93 9
94 55
63 95
56 96
97 19
98 65
99 50
71 100
101 71
77 102
88 103
104 26
105 43
27 106
107 45
59 108
39 109
58 110
18 111
112 59
113 74
97 114
27 115
116 58
34 55
117 9
118 50
119 95
28 120
121 58
122 16
44 123
124 6
104 125
113 126
35 127
61 128
129 54
123 130
21 131
21 132
133 111
134 58
135 76
136 9
137 113
138 15
139 58
49 140
40 141
142 128
136 143
144 11
145 19
146 68
147 53
35 148
149 125
150 16
151 68
152 48
153 36
154 115
106 55
3 155
156 106
157 95
158 74
159 8
90 160
161 104
39 162
163 59
39 7
126 164
71 83
165 141
166 144
133 167
34 168
169 20
121 170
171 27
172 36
145 173
107 174
175 94
176 11
177 77
178 111
179 91
180 130
181 148
50 182
183 16
155 184
185 167
121 186
187 59
183 188
189 42
183 177
39 55
107 190
186 191
192 183
187 193
159 194
195 158
146 196
6 197
186 198
199 98
39 200
29 201
70 202
203 153
204 129
82 205
47 206
207 59
184 208
203 209
28 210
211 37
11 212
209 213
214 18
149 215
63 216
217 14
218 202
51 219
56 220
107 221
48 222
135 48
223 102
224 11
225 9
226 55
227 17
227 228
164 229
59 230
231 35
232 18
8 95
233 186
112 234
235 59
24 123
94 236
54 237
107 57
238 127
239 63
54 240
241 148
242 235
120 243
