#qgen
65
1943
1789
523
402
721
1532
459
296
1470
649
1301
412
632
630
948
1408
1821
469
1625
1344
738
1135
308
697
1823
1198
1714
223
1352
600
248
417
288
6
1011
29
1947
410
1839
600
1817
603
673
385
1982
367
999
1551
1080
72
660
232
608
1846
7
1851
604
440
107
630
1741
1130
184
806
1403
64
1 0
2 1
3 1
4 3
4 5
4 6
3 7
8 2
7 9
4 10
1 11
3 12
9 13
14 13
12 15
16 5
3 17
9 18
19 14
20 6
21 9
22 14
23 12
15 24
24 25
9 26
24 27
28 14
23 29
3 30
31 9
18 32
30 33
21 34
21 35
25 36
37 13
38 25
39 32
39 40
37 41
42 34
8 43
44 25
35 45
30 46
37 47
48 38
49 46
22 50
51 50
52 16
53 49
21 54
50 55
50 56
57 34
58 44
21 59
60 21
61 48
35 62
63 54
46 64
