#qgen
129
1738
676
1308
321
1896
1716
1332
30
1500
1857
1233
1327
1534
1770
1403
935
1628
1017
254
1043
1636
1388
1770
1516
161
130
1897
907
597
1780
1711
1655
507
181
851
1459
1946
939
1878
632
329
1864
1543
1347
994
1530
134
1016
1023
275
1089
656
221
1878
1285
780
1626
1789
874
9
604
788
916
1717
1998
575
957
482
257
1016
1648
977
1186
849
1384
1402
1026
402
1665
971
920
889
2047
2046
306
2017
1474
1785
644
741
1372
808
284
1350
964
943
1472
1058
1469
550
1344
1893
742
285
296
1433
255
254
300
1491
2006
618
1727
1890
1979
1196
886
1776
1338
1248
652
1493
166
419
776
2
219
1241
1626
128
0 1
2 1
2 3
4 3
5 3
6 3
4 7
4 8
9 4
4 10
11 3
12 7
13 4
14 8
15 8
15 16
17 6
17 18
19 6
20 6
13 21
15 22
15 23
8 24
9 25
26 9
27 3
28 12
29 3
30 4
5 31
21 32
33 25
34 31
21 35
9 36
11 37
6 38
25 39
40 25
41 11
42 38
43 8
25 44
45 13
33 46
47 18
34 48
49 33
39 50
47 51
52 13
22 53
35 54
55 33
47 56
6 57
58 39
23 59
9 60
55 61
62 38
63 61
45 64
65 31
66 46
66 67
68 58
69 59
55 70
39 71
11 72
73 45
74 56
75 59
76 71
33 77
78 18
57 79
80 8
81 4
55 82
38 83
46 84
25 85
86 6
87 36
88 34
89 66
90 70
55 91
57 92
39 93
55 94
23 95
78 96
97 18
98 20
99 62
100 3
94 101
102 12
18 103
104 56
105 88
106 104
55 107
28 108
25 109
13 110
40 111
112 32
113 83
88 114
89 115
116 6
99 117
118 22
56 119
120 70
121 4
122 3
25 123
124 56
68 125
126 59
127 38
102 128
