#qgen
238
1943
1789
523
402
721
1532
459
296
1470
649
1301
412
632
630
948
1408
1821
469
1625
1344
738
1135
308
697
1823
1198
1714
223
1352
600
248
417
288
6
1011
29
1947
410
1839
600
1817
603
673
385
1982
367
999
1551
1080
72
660
232
608
1846
7
1851
604
440
107
630
1741
1130
184
806
1403
1900
624
337
1524
756
1429
1588
592
1966
426
592
1051
1712
1921
718
817
1333
177
1896
147
1492
1062
1587
518
944
1149
158
537
795
1558
1915
1389
707
1665
152
251
279
833
1313
1255
2018
978
1472
1421
257
1501
1816
668
302
1510
569
1055
640
1231
986
307
1883
837
1511
1883
1676
1433
745
734
551
393
1370
1998
240
684
244
1402
583
994
1110
1822
1214
821
900
1737
1577
1495
658
7
790
145
840
73
1864
632
1350
51
1382
1323
1919
43
1837
2048
391
1959
1132
1561
498
1860
682
325
1181
1751
1039
589
195
103
1940
1366
736
964
214
170
1729
547
132
1737
1658
920
1934
245
1853
1852
1334
1255
1310
434
1734
314
1636
772
1345
1451
1679
1500
1805
455
303
1467
9
1955
1332
1594
1320
1388
1359
1306
1415
1759
1548
97
1135
316
436
959
103
101
856
1882
984
279
1593
1828
531
1604
1686
822
1983
256
1 0
2 1
3 1
4 3
4 5
4 6
3 7
8 2
7 9
4 10
1 11
3 12
9 13
14 13
12 15
16 5
3 17
9 18
19 14
20 6
21 9
22 14
23 12
15 24
24 25
9 26
24 27
28 14
23 29
3 30
31 9
18 32
30 33
21 34
21 35
25 36
37 13
38 25
39 32
39 40
37 41
42 34
8 43
44 25
35 45
30 46
37 47
48 38
49 46
22 50
51 50
52 16
53 49
21 54
50 55
50 56
57 34
58 44
21 59
60 21
61 48
35 62
63 54
46 64
65 12
58 27
24 58
66 24
5 67
7 68
25 69
70 62
71 57
72 33
73 38
74 46
75 6
24 76
77 33
78 74
53 79
33 80
22 81
48 82
83 54
84 12
85 36
21 86
62 87
88 56
89 47
90 47
91 16
35 92
93 14
94 27
66 95
96 41
97 54
71 98
48 99
89 100
62 101
32 102
33 103
18 104
88 105
37 106
47 107
108 25
109 34
14 110
81 59
111 54
112 66
113 34
63 114
9 115
116 53
48 117
118 86
119 117
120 108
121 110
122 43
2 123
21 124
12 125
52 126
127 90
128 99
114 129
95 76
130 55
22 131
132 119
133 80
133 134
135 34
136 6
32 137
138 69
139 16
114 140
14 141
108 142
143 14
144 92
116 145
146 82
147 14
148 74
149 84
150 142
151 58
152 135
146 153
87 154
146 155
156 53
48 157
117 154
158 38
144 159
35 160
161 58
131 162
163 130
58 164
14 165
133 166
92 167
168 92
169 157
170 59
171 109
117 172
173 74
53 174
175 82
65 11
61 176
121 7
177 100
178 55
179 71
88 180
52 181
138 4
81 182
183 118
53 184
39 185
186 163
187 42
73 188
189 53
190 14
45 191
192 124
23 193
194 15
51 92
183 127
4 195
196 122
197 59
130 198
27 199
146 125
200 38
201 34
202 14
43 203
146 204
74 125
205 125
53 206
134 207
130 176
146 208
209 69
210 207
211 201
56 212
213 46
152 76
214 120
215 53
130 216
217 58
218 80
148 167
120 162
21 219
152 220
52 151
89 221
88 222
223 77
224 24
225 130
117 226
227 37
191 198
65 228
229 123
230 109
132 231
232 58
39 233
76 234
151 235
38 236
200 69
237 230
