#qgen
217
1773
180
915
1789
536
1824
1123
1021
1939
405
231
1004
310
1402
1215
961
677
1366
257
1009
927
335
372
1854
108
1106
501
1175
109
149
679
707
890
1497
249
1823
687
1346
1907
1307
795
918
425
854
848
1046
1288
205
1647
1477
1526
583
270
846
1254
527
1013
1595
1665
1707
1863
1310
689
1556
456
84
1244
337
161
711
1274
145
392
1868
1080
1535
132
1194
1345
1786
1136
1589
1877
1447
1078
1514
999
1217
447
2016
1895
422
12
1366
260
103
1772
318
1551
924
334
938
938
340
1182
1668
342
419
285
1982
36
1480
1707
1089
1990
607
1532
1408
1699
1717
1406
459
966
1706
574
1636
1088
1224
2048
1988
1207
1574
1325
29
539
1839
379
192
1532
1119
990
1079
999
488
1985
1491
29
625
971
1826
1697
1721
1436
451
715
304
584
1940
722
1289
600
1698
1236
1291
983
1772
897
736
1626
1338
1450
1847
1630
1591
602
1892
902
336
1714
808
776
591
1600
1019
18
1320
144
1946
12
1248
1501
1658
1122
1896
1821
318
266
7
834
63
808
2033
1350
235
1474
2015
1074
377
228
412
739
1384
1861
1894
386
1580
1132
256
0 1
2 1
1 3
1 4
5 1
6 1
5 7
6 8
9 3
10 3
2 11
5 12
13 1
13 14
5 15
16 14
16 17
13 18
19 14
14 20
11 21
11 22
23 11
6 24
25 7
26 5
27 20
28 4
28 29
26 30
13 31
6 32
13 33
34 18
7 35
36 23
37 24
38 33
16 39
40 2
8 41
42 22
43 20
12 44
45 21
46 32
12 47
28 19
48 18
49 1
7 50
51 46
52 23
53 29
6 54
55 44
46 56
57 49
58 53
48 59
60 44
61 18
59 62
6 63
64 55
10 65
66 52
37 67
5 68
13 69
45 67
70 18
71 55
6 72
64 39
73 19
74 60
75 57
76 53
40 17
60 77
63 78
11 79
80 20
33 81
82 18
5 83
16 84
7 85
80 86
84 87
88 63
70 20
89 81
73 90
7 91
7 92
93 55
84 54
12 94
69 95
96 17
97 33
52 98
99 24
88 100
101 78
102 9
103 63
57 51
32 104
48 52
42 35
105 47
71 106
107 78
66 108
81 109
110 109
111 79
76 112
113 110
57 114
115 112
102 116
66 46
7 117
118 114
5 52
119 69
12 120
99 121
122 104
64 54
123 47
16 87
46 124
25 121
25 125
9 29
90 126
127 63
128 63
14 33
129 3
48 36
119 130
131 89
13 70
132 119
133 59
134 112
135 117
7 136
137 112
138 105
58 139
140 124
103 141
64 142
143 69
144 123
48 145
146 56
48 147
111 148
76 149
128 109
150 149
151 119
152 121
153 112
52 136
51 154
133 155
56 156
100 112
120 157
118 17
158 119
159 105
93 139
160 93
84 161
162 105
163 64
164 52
23 165
166 52
90 18
108 167
152 168
169 168
7 134
154 54
52 170
171 131
160 172
14 55
173 133
174 124
154 175
176 88
177 21
46 55
66 131
178 85
179 172
38 180
113 181
182 128
170 183
184 50
61 185
85 186
2 187
154 188
162 189
26 190
191 36
5 192
159 193
25 194
195 3
174 196
197 92
60 198
131 169
199 81
200 78
96 201
42 85
167 63
125 18
64 67
202 125
102 203
202 190
204 121
205 159
206 117
69 207
150 147
208 194
209 161
210 52
199 198
211 130
212 33
150 21
213 190
39 109
214 211
215 13
44 114
189 216
