#qgen
119
1657
434
225
937
1955
632
1559
131
675
822
205
639
1594
1729
632
700
1269
49
1805
1772
1494
1445
1884
1210
1331
958
464
1317
453
783
1337
1270
1092
1878
1593
1094
15
1921
1132
1185
1430
742
1509
885
296
818
611
742
513
1584
1643
1946
316
1062
188
563
1678
643
173
1893
1694
385
324
355
1606
1122
1435
718
1896
1839
715
502
1389
736
626
1589
661
212
2039
191
1727
642
730
1282
1077
149
527
674
649
254
1274
1885
1064
890
1669
149
348
1770
1851
630
73
335
3
508
1613
989
1659
901
288
950
192
1790
2040
1557
417
1267
336
1450
208
128
0 1
2 0
3 1
4 0
2 5
5 6
7 2
7 8
7 9
8 10
11 6
7 12
7 13
13 14
15 6
16 6
17 4
16 18
19 2
20 2
13 21
22 14
23 12
23 24
25 18
25 26
27 13
28 0
29 21
30 23
13 31
32 28
29 33
25 34
35 0
36 16
18 37
38 14
39 15
11 40
41 8
42 39
36 43
44 28
39 45
26 6
46 45
2 47
5 48
49 6
7 50
38 51
52 45
53 40
40 54
43 37
55 39
56 12
57 38
58 21
55 59
5 60
16 59
52 61
62 51
63 18
64 27
23 65
66 51
67 61
68 46
69 66
70 62
40 60
55 71
72 58
73 51
74 58
75 62
60 76
77 65
69 78
79 37
56 74
55 80
81 1
82 14
22 83
27 84
70 85
86 62
30 22
87 78
88 78
7 89
69 90
50 10
61 91
92 86
93 81
41 94
68 95
74 96
97 6
90 98
42 99
75 100
64 101
102 90
52 103
7 38
72 104
18 105
61 59
11 96
77 106
61 107
36 108
109 88
78 110
109 111
58 112
113 90
114 98
115 22
116 101
68 117
118 39
