#qgen
229
1480
983
392
63
200
135
1317
1556
549
1917
277
945
68
43
1982
199
1679
1310
1648
285
1634
1013
460
1984
1145
1598
1516
2026
111
1409
6
1181
623
1548
519
420
29
1821
1071
1531
946
1069
589
1470
1255
488
1164
853
149
338
377
106
523
1752
607
1175
1176
387
583
1567
2031
257
1606
842
1219
1052
266
1249
68
715
1084
1493
82
1501
426
900
670
1969
693
1919
255
419
340
495
249
1723
1068
191
393
1347
631
1959
1283
1528
324
83
422
1084
592
990
584
1086
457
1653
297
1783
2023
272
1851
1639
1929
1780
767
449
369
1896
870
1255
1377
153
1377
937
8
1893
1109
161
1809
1678
1467
1598
700
284
664
1640
778
1606
1994
1268
479
1419
627
1946
1062
1394
544
1892
639
742
597
492
385
569
973
2045
635
1562
1031
1999
324
1963
1288
1358
640
1548
1940
1595
2035
551
1885
1409
974
1079
617
1895
772
1211
1979
192
978
1107
1933
1830
856
1162
1301
245
1912
1304
873
1243
259
1260
508
1947
817
752
1794
1157
59
103
465
1161
625
1921
1733
551
624
181
1241
669
417
1312
285
2021
1603
2033
1210
1899
1308
1989
944
1189
232
2027
107
1552
1761
677
1614
256
0 1
1 2
3 1
4 1
5 1
5 6
5 7
8 7
1 9
10 7
11 10
4 12
3 13
7 14
15 11
16 7
16 17
18 13
4 19
10 20
4 21
22 11
23 15
24 15
8 25
26 15
5 27
28 11
5 29
4 30
22 31
32 5
8 33
34 17
16 35
36 15
37 15
38 13
39 13
40 16
7 41
42 13
43 28
15 44
45 31
46 15
28 47
48 28
49 42
34 50
51 50
51 52
53 4
34 54
32 55
56 15
57 15
58 39
40 33
31 20
59 47
60 18
29 61
5 62
58 63
5 64
28 65
45 20
53 19
66 48
67 55
30 68
29 7
33 65
69 53
70 54
66 71
72 25
28 73
74 58
75 13
31 28
76 58
77 15
12 78
79 30
80 38
31 81
82 15
83 13
70 84
85 7
42 86
31 61
13 68
39 87
38 88
81 55
80 89
90 78
38 91
70 92
93 31
48 94
24 95
96 15
28 55
97 15
58 98
77 99
100 1
77 101
102 17
103 83
103 104
31 105
106 21
58 107
108 87
109 50
110 78
70 111
112 63
24 113
31 7
80 114
115 89
116 63
35 41
80 117
118 42
119 91
120 48
121 91
37 122
123 89
124 114
83 125
116 126
127 69
54 128
120 129
130 38
84 131
97 132
133 38
133 134
135 4
136 113
103 137
138 67
75 139
54 140
15 9
110 141
142 64
104 137
143 81
143 144
13 145
146 33
54 147
148 123
101 149
19 96
24 150
65 151
71 15
152 126
55 149
153 98
154 41
155 44
156 4
157 148
158 15
159 48
160 151
43 17
54 28
108 161
162 97
163 121
18 139
108 164
165 92
166 92
72 167
168 27
96 169
170 88
77 171
172 1
67 105
25 173
174 24
175 101
106 176
45 144
81 177
6 178
179 178
180 139
181 65
5 182
135 183
88 184
66 185
186 129
110 187
106 188
83 189
48 105
69 190
191 107
4 192
4 193
38 194
195 88
80 36
196 162
197 5
133 198
166 199
82 200
201 178
202 7
13 203
102 204
66 205
106 206
207 107
208 66
69 209
210 200
72 211
18 212
213 88
161 214
185 215
216 15
217 69
66 218
77 177
163 219
220 204
221 80
168 222
32 182
223 196
221 224
4 91
201 225
226 154
197 227
228 70
