#qgen
117
1480
983
392
63
200
135
1317
1556
549
1917
277
945
68
43
1982
199
1679
1310
1648
285
1634
1013
460
1984
1145
1598
1516
2026
111
1409
6
1181
623
1548
519
420
29
1821
1071
1531
946
1069
589
1470
1255
488
1164
853
149
338
377
106
523
1752
607
1175
1176
387
583
1567
2031
257
1606
842
1219
1052
266
1249
68
715
1084
1493
82
1501
426
900
670
1969
693
1919
255
419
340
495
249
1723
1068
191
393
1347
631
1959
1283
1528
324
83
422
1084
592
990
584
1086
457
1653
297
1783
2023
272
1851
1639
1929
1780
767
449
369
1896
870
128
0 1
1 2
3 1
4 1
5 1
5 6
5 7
8 7
1 9
10 7
11 10
4 12
3 13
7 14
15 11
16 7
16 17
18 13
4 19
10 20
4 21
22 11
23 15
24 15
8 25
26 15
5 27
28 11
5 29
4 30
22 31
32 5
8 33
34 17
16 35
36 15
37 15
38 13
39 13
40 16
7 41
42 13
43 28
15 44
45 31
46 15
28 47
48 28
49 42
34 50
51 50
51 52
53 4
34 54
32 55
56 15
57 15
58 39
40 33
31 20
59 47
60 18
29 61
5 62
58 63
5 64
28 65
45 20
53 19
66 48
67 55
30 68
29 7
33 65
69 53
70 54
66 71
72 25
28 73
74 58
75 13
31 28
76 58
77 15
12 78
79 30
80 38
31 81
82 15
83 13
70 84
85 7
42 86
31 61
13 68
39 87
38 88
81 55
80 89
90 78
38 91
70 92
93 31
48 94
24 95
96 15
28 55
97 15
58 98
77 99
100 1
77 101
102 17
103 83
103 104
31 105
106 21
58 107
108 87
109 50
110 78
70 111
112 63
24 113
31 7
80 114
115 89
116 63
