#qgen
222
16
23
19
22
16
22
17
19
21
22
15
17
17
20
18
17
19
21
21
17
18
14
20
17
17
18
14
18
23
19
15
20
17
21
21
20
16
20
20
17
17
19
22
13
16
17
19
13
21
23
16
16
21
21
20
22
21
15
20
20
20
17
20
22
21
21
22
15
18
19
21
19
15
18
20
21
18
18
19
15
20
20
19
23
18
17
19
20
18
22
17
19
17
18
20
18
26
16
15
20
21
21
19
21
20
16
17
24
16
19
18
17
15
22
23
21
14
14
16
19
18
20
18
20
18
17
17
17
18
19
21
20
21
19
15
21
19
18
19
18
20
19
19
19
22
23
21
18
13
12
20
16
18
15
17
19
16
22
14
18
12
17
22
21
18
22
17
13
20
16
18
14
11
16
19
15
16
17
20
15
20
20
16
16
20
21
22
17
18
20
24
21
22
16
19
19
22
18
17
19
16
17
16
16
15
15
17
16
19
20
24
18
22
21
19
15
19
20
22
21
19
20
256
1 0
1 2
3 2
4 0
5 2
4 6
6 7
0 8
5 9
10 6
2 8
6 11
0 12
0 13
11 14
0 15
11 2
7 16
15 17
16 18
0 19
12 20
21 11
22 10
16 23
24 0
25 18
26 2
27 14
23 28
8 29
12 2
30 17
31 8
32 14
33 7
2 34
11 17
35 8
25 36
6 37
21 38
39 10
10 40
25 41
7 42
43 10
39 44
37 45
46 6
38 47
38 48
49 40
50 21
51 18
52 30
25 53
10 54
55 41
56 4
57 2
58 8
14 59
39 60
31 61
51 62
2 10
39 63
64 10
65 22
66 24
67 27
0 68
52 69
70 53
71 38
1 3
72 5
36 73
74 58
21 50
75 25
54 76
77 16
78 75
79 11
80 76
81 36
34 82
83 63
84 51
42 77
0 37
85 79
22 86
87 44
67 88
89 27
90 21
1 91
92 74
93 65
40 94
95 75
44 87
96 25
97 38
98 53
38 99
6 100
101 39
79 102
51 103
104 19
8 79
44 105
44 39
106 4
1 107
103 108
95 99
109 72
110 52
100 111
67 112
106 113
54 94
43 114
115 23
101 116
53 117
118 5
73 119
120 0
121 112
11 46
39 100
122 51
123 103
124 112
125 74
29 126
103 127
128 10
73 129
113 130
131 86
0 79
123 132
101 133
134 131
135 112
131 42
136 73
109 137
0 138
46 139
23 140
141 58
97 142
0 143
144 129
145 109
86 146
147 132
148 99
112 149
150 38
4 151
137 72
152 21
153 99
154 112
155 132
156 112
34 157
158 116
159 53
160 35
161 112
2 162
163 30
164 84
165 60
118 166
36 167
62 168
169 10
170 76
171 132
172 117
78 173
122 164
174 73
34 2
175 112
111 1
126 176
174 177
178 8
179 30
19 120
122 180
175 173
94 3
120 76
181 28
153 182
143 183
90 184
113 106
159 185
186 128
187 6
188 32
81 189
190 57
191 112
109 192
157 193
194 79
195 38
152 39
196 22
197 122
52 156
164 198
199 131
200 1
158 201
153 202
203 38
178 204
93 205
25 206
207 185
174 208
129 73
159 209
210 123
211 168
62 51
97 212
109 213
169 65
152 128
185 214
131 215
216 38
122 98
217 91
218 129
219 136
220 132
221 168
65 131
