#qgen
115
16
23
19
22
16
22
17
19
21
22
15
17
17
20
18
17
19
21
21
17
18
14
20
17
17
18
14
18
23
19
15
20
17
21
21
20
16
20
20
17
17
19
22
13
16
17
19
13
21
23
16
16
21
21
20
22
21
15
20
20
20
17
20
22
21
21
22
15
18
19
21
19
15
18
20
21
18
18
19
15
20
20
19
23
18
17
19
20
18
22
17
19
17
18
20
18
26
16
15
20
21
21
19
21
20
16
17
24
16
19
18
17
15
22
23
128
1 0
1 2
3 2
4 0
5 2
4 6
6 7
0 8
5 9
10 6
2 8
6 11
0 12
0 13
11 14
0 15
11 2
7 16
15 17
16 18
0 19
12 20
21 11
22 10
16 23
24 0
25 18
26 2
27 14
23 28
8 29
12 2
30 17
31 8
32 14
33 7
2 34
11 17
35 8
25 36
6 37
21 38
39 10
10 40
25 41
7 42
43 10
39 44
37 45
46 6
38 47
38 48
49 40
50 21
51 18
52 30
25 53
10 54
55 41
56 4
57 2
58 8
14 59
39 60
31 61
51 62
2 10
39 63
64 10
65 22
66 24
67 27
0 68
52 69
70 53
71 38
1 3
72 5
36 73
74 58
21 50
75 25
54 76
77 16
78 75
79 11
80 76
81 36
34 82
83 63
84 51
42 77
0 37
85 79
22 86
87 44
67 88
89 27
90 21
1 91
92 74
93 65
40 94
95 75
44 87
96 25
97 38
98 53
38 99
6 100
101 39
79 102
51 103
104 19
8 79
44 105
44 39
106 4
1 107
103 108
95 99
109 72
110 52
100 111
67 112
106 113
54 94
43 114
