#qgen
126
23
17
16
19
20
19
17
17
19
15
16
20
14
18
24
21
15
17
23
22
16
16
20
21
22
14
18
22
20
20
18
21
17
21
20
17
17
18
17
20
15
18
23
12
19
17
16
27
21
22
14
19
13
21
19
19
20
15
22
23
15
20
16
18
23
17
22
19
19
20
22
19
12
20
22
17
19
18
17
20
18
20
19
18
21
19
23
20
19
16
17
19
23
22
19
15
23
18
19
18
21
12
19
21
17
15
21
19
16
17
17
20
16
20
17
23
20
15
15
23
22
17
16
21
20
20
128
1 0
2 1
0 3
1 4
1 5
6 3
4 7
8 1
9 6
7 10
1 11
12 4
9 13
1 14
15 12
6 16
17 5
18 10
16 19
14 20
16 21
4 22
23 20
16 24
25 6
26 24
27 6
28 24
21 29
4 30
24 31
32 21
33 32
32 34
32 35
36 6
18 37
38 17
14 39
40 11
41 12
42 17
31 43
44 40
45 20
24 46
47 16
35 48
45 49
50 49
17 51
32 52
10 53
54 14
11 55
21 56
14 49
21 57
16 58
59 49
26 60
61 59
62 33
63 26
56 64
65 26
66 34
24 67
47 68
69 48
35 70
71 69
72 12
73 12
74 60
37 75
41 76
77 12
18 78
36 79
80 12
81 36
82 3
83 20
48 84
16 85
86 42
68 87
88 37
89 63
84 56
90 75
64 91
21 92
93 24
94 54
50 95
71 96
97 95
98 33
99 48
100 42
101 32
66 102
57 103
20 104
20 105
106 19
107 31
108 37
109 68
42 110
90 111
71 112
69 113
47 114
95 115
23 116
117 31
118 33
119 111
114 120
121 19
79 122
68 21
44 123
124 35
96 125
