#qgen
120
22
19
16
18
21
21
20
21
16
21
16
18
19
19
17
20
13
16
21
16
14
19
17
14
17
16
19
20
14
18
17
16
17
16
18
17
2
20
17
22
19
18
17
15
17
19
23
17
20
18
19
23
23
21
24
16
18
1
15
20
22
19
13
19
25
23
21
26
14
18
23
20
21
20
19
22
20
20
21
20
21
23
20
17
15
16
21
17
18
19
21
22
16
18
19
18
19
23
21
19
18
18
14
16
22
16
17
20
17
17
18
20
13
19
17
22
22
20
18
19
128
0 1
1 0
1 2
3 0
4 3
5 3
3 6
6 7
8 6
9 6
6 10
11 9
6 12
3 13
14 6
15 5
16 10
17 6
18 9
19 6
13 20
18 21
18 22
23 19
9 24
25 9
24 26
27 26
6 28
29 9
30 12
16 31
18 32
33 24
22 34
35 15
24 36
33 37
29 38
21 39
29 40
39 41
42 15
37 43
43 44
26 45
43 46
29 47
48 34
49 22
50 36
51 11
52 15
53 29
54 50
55 24
56 40
49 57
58 24
46 59
60 59
43 61
62 6
34 63
24 64
46 65
66 51
58 67
68 33
34 69
22 70
6 71
72 29
40 73
67 74
75 27
69 76
67 77
64 78
79 55
80 22
48 81
61 82
83 36
84 75
59 85
68 60
55 86
87 46
87 88
29 49
70 48
55 89
30 90
76 91
70 92
93 74
55 94
58 95
18 96
81 97
98 69
70 18
16 99
13 100
96 101
46 102
103 94
85 104
18 86
105 60
106 96
61 107
108 33
61 40
55 95
87 109
110 94
111 99
112 33
91 97
113 24
114 69
50 115
116 50
117 54
118 13
119 18
