#qgen
230
16
20
18
24
18
20
15
18
19
23
20
20
21
16
18
18
22
18
22
12
18
23
20
18
18
15
20
16
15
22
17
18
19
16
19
19
17
19
21
20
19
20
17
20
21
18
16
20
21
19
20
17
19
22
22
18
22
19
14
25
21
23
21
18
17
17
17
19
20
19
21
18
18
18
16
15
24
13
21
18
20
16
17
22
19
16
21
19
15
20
13
22
19
21
22
19
17
22
20
18
22
18
21
18
20
16
16
18
21
20
15
15
20
16
25
20
19
16
20
19
21
18
21
24
21
19
19
23
22
19
16
14
20
17
17
16
17
18
16
18
17
19
20
14
22
19
24
23
21
19
19
16
23
19
21
25
22
16
14
21
18
19
15
19
21
21
18
16
19
21
10
16
22
15
23
17
19
24
16
17
15
22
17
20
18
18
20
20
12
17
22
18
18
22
20
23
19
16
16
16
15
22
22
17
17
21
21
18
19
19
18
15
20
17
17
20
19
17
23
18
19
18
19
18
20
18
22
14
22
19
256
0 1
2 0
2 3
2 4
3 5
6 0
7 0
8 6
9 8
8 10
11 8
12 6
8 13
14 9
8 15
12 8
9 16
15 17
4 18
15 19
20 9
21 15
9 22
5 23
19 24
25 22
19 26
7 27
15 28
15 29
30 10
22 31
32 28
33 31
34 10
19 35
36 11
37 16
38 10
10 39
40 28
25 41
42 19
40 43
9 44
29 45
13 15
46 22
25 47
48 17
12 10
49 35
50 37
19 51
52 37
25 53
54 15
20 55
56 28
30 57
37 58
59 37
13 60
61 29
41 62
63 22
58 64
57 65
38 66
4 3
67 62
68 19
69 37
24 70
71 15
46 72
73 63
74 25
9 75
29 76
41 77
19 42
9 78
79 25
38 80
69 81
82 59
57 83
84 15
85 18
19 86
87 68
75 88
89 28
90 22
42 91
92 58
93 11
94 28
46 19
13 80
95 22
38 89
96 63
51 97
57 73
30 98
99 41
83 100
35 101
102 77
97 35
103 51
104 78
105 62
95 106
107 61
28 40
61 108
109 76
42 110
78 111
112 46
113 19
114 107
72 115
75 116
117 63
118 78
98 119
120 78
95 89
118 121
121 122
123 44
124 63
70 125
78 126
108 127
42 128
129 110
130 76
79 131
46 132
133 41
24 134
30 135
110 136
55 137
138 97
68 139
125 97
57 140
113 141
115 142
143 41
70 57
61 144
145 108
146 139
147 29
114 61
99 148
29 149
150 61
151 146
99 152
143 134
87 153
154 77
41 25
155 68
150 156
157 115
112 158
159 45
160 139
143 161
162 11
35 163
97 164
165 86
166 144
149 167
51 168
169 115
28 32
170 108
170 171
172 150
103 173
35 174
42 175
37 176
177 70
110 178
179 28
180 171
181 78
182 126
78 100
183 105
177 184
72 185
186 46
137 187
188 113
13 189
109 190
121 191
51 192
18 193
32 13
80 17
194 176
70 195
196 147
13 12
175 197
198 147
176 199
200 91
201 174
35 19
202 126
37 91
137 203
204 147
19 205
200 206
207 75
208 97
109 209
72 210
211 159
212 149
195 213
214 67
209 159
108 215
216 176
217 192
115 218
219 186
202 220
221 97
34 218
147 222
223 106
224 213
156 78
78 225
226 96
227 35
91 228
206 229
