#qgen
203
19
20
15
18
18
19
15
19
15
17
22
22
18
17
19
18
18
19
16
22
19
18
19
16
18
23
18
19
23
17
21
14
21
20
15
23
22
18
25
16
21
16
21
23
17
18
20
20
25
15
21
15
21
15
18
16
22
22
16
17
15
17
20
18
18
21
20
16
21
20
17
23
19
21
21
18
20
15
16
19
17
20
13
22
22
20
16
17
20
18
20
19
20
13
14
17
16
18
12
19
19
19
18
16
19
22
22
20
24
23
17
19
17
19
20
20
20
19
20
20
19
16
18
18
21
18
22
21
16
16
16
18
23
23
15
17
18
20
23
15
16
17
15
18
23
19
19
20
20
14
19
24
20
17
22
24
19
20
20
19
13
20
23
17
18
18
16
16
19
18
24
17
18
14
17
19
15
16
22
16
15
21
17
17
18
20
19
21
16
21
21
22
16
20
23
17
23
19
20
17
16
22
19
256
0 1
1 2
0 3
0 4
4 5
4 6
7 3
8 4
9 4
4 10
11 1
3 12
4 13
14 6
15 3
16 14
3 17
2 18
4 19
14 20
10 21
22 14
2 23
5 24
4 25
26 3
27 5
4 28
29 4
29 30
19 31
9 32
33 23
34 22
10 35
36 18
10 37
28 38
4 39
35 40
41 4
42 5
43 42
44 16
45 30
46 6
16 47
39 48
10 49
50 29
51 29
52 41
16 29
35 48
4 42
24 53
54 41
18 55
36 56
53 57
58 15
59 15
14 60
61 4
62 4
62 39
39 63
22 64
24 65
48 66
14 67
68 36
69 68
70 14
71 3
72 46
30 37
29 73
74 35
51 75
5 4
9 76
41 77
32 31
65 78
79 48
79 80
81 48
4 82
83 51
48 84
85 30
0 86
80 87
88 41
89 5
90 52
91 13
45 92
6 4
92 93
77 76
94 61
93 95
6 96
70 97
68 98
53 99
80 13
100 19
29 101
102 22
103 37
104 94
76 105
21 106
107 61
100 75
108 95
109 71
36 110
111 49
5 112
51 37
44 113
63 114
48 101
115 4
84 116
117 0
47 10
84 118
91 119
120 87
121 85
107 122
123 57
49 124
125 57
80 126
127 80
103 128
129 127
130 10
91 131
132 84
41 70
40 133
48 61
105 28
134 3
100 135
94 136
10 9
39 19
22 137
83 138
139 80
30 38
57 140
83 107
141 47
28 142
64 143
144 22
145 3
123 51
96 131
63 76
146 136
57 147
148 22
149 107
57 118
150 41
151 76
20 152
153 99
148 154
82 155
2 156
1 157
158 57
108 159
160 10
127 84
161 2
114 162
39 163
37 155
35 41
164 163
151 100
75 165
71 166
163 150
78 167
168 154
169 96
6 38
148 170
38 14
37 53
171 104
83 114
172 91
127 41
173 120
50 174
38 175
176 59
103 54
40 177
178 145
22 169
164 60
75 179
24 155
103 28
180 136
181 74
96 75
139 182
183 27
4 76
46 184
16 109
92 172
38 96
141 148
104 185
186 22
187 176
188 178
171 189
91 83
94 190
32 112
89 46
185 191
80 184
127 192
56 193
194 150
164 94
195 85
35 196
51 10
197 133
74 198
199 175
35 39
200 186
129 201
172 72
202 200
