#qgen
247
13
24
17
19
20
22
16
14
22
17
18
16
18
20
19
19
12
16
18
20
18
17
21
17
17
21
22
24
19
17
17
15
21
17
15
19
21
14
21
20
17
15
17
19
20
21
22
20
22
19
20
17
16
17
16
13
14
22
21
22
17
24
21
21
18
16
25
22
13
18
20
15
24
20
17
20
21
20
16
18
23
7
20
18
15
19
16
19
19
22
18
20
17
17
19
22
22
13
21
21
20
21
23
16
16
19
19
21
17
20
24
17
18
18
15
24
20
21
23
16
16
20
18
18
18
17
14
19
24
15
15
20
17
14
17
22
20
20
15
20
23
21
24
16
17
21
22
23
17
18
22
18
18
17
22
19
19
22
13
19
20
19
14
20
15
22
25
20
18
18
18
17
18
17
21
19
18
17
18
22
18
18
20
18
17
15
16
15
14
17
21
17
20
19
20
17
18
20
22
20
24
20
21
16
23
20
17
24
18
19
18
19
18
23
20
22
19
21
21
15
17
19
19
21
19
19
19
15
18
19
18
18
18
19
22
17
20
14
17
17
14
18
24
17
19
21
18
256
1 0
1 2
3 2
4 2
4 5
6 2
7 6
2 8
9 2
4 10
10 11
12 5
5 13
1 14
8 15
16 4
17 9
18 17
10 19
8 20
21 16
22 16
20 23
6 24
25 17
26 16
27 4
10 28
29 7
5 30
31 17
22 32
33 18
18 8
34 20
35 10
19 36
37 20
38 17
39 23
40 2
16 41
42 7
18 43
17 44
45 34
46 30
47 2
48 46
49 17
22 50
22 51
52 47
13 53
42 54
55 34
56 47
57 53
58 54
59 5
4 60
33 61
62 56
47 63
64 50
46 65
2 66
22 35
17 67
40 68
20 8
69 19
59 70
71 22
72 54
21 73
74 16
75 46
28 76
77 76
78 69
66 79
80 44
66 81
7 82
83 11
84 37
75 85
86 2
27 87
88 86
7 89
90 68
91 75
92 60
93 47
94 46
95 63
96 75
58 97
98 21
2 99
89 100
101 16
40 102
103 64
47 104
54 105
23 106
77 107
108 54
109 12
64 110
111 2
112 108
113 75
19 114
46 115
75 116
23 117
118 78
119 75
120 42
121 54
122 59
5 123
119 124
125 117
126 108
115 127
128 81
129 5
130 115
78 131
132 27
133 36
47 134
135 101
115 136
83 137
71 138
54 139
140 112
141 20
142 56
143 108
144 128
145 91
146 4
78 147
148 117
114 149
150 23
17 151
152 20
114 153
154 20
155 18
156 110
144 157
158 156
159 47
160 156
135 161
162 141
163 29
17 164
40 98
135 165
144 166
167 128
168 55
169 47
170 89
171 82
172 116
173 38
81 66
174 47
175 46
176 166
11 177
171 178
179 17
34 180
10 181
144 182
58 183
184 37
85 185
186 47
187 30
142 188
47 124
2 189
121 190
191 75
19 192
193 166
194 47
195 193
196 127
197 115
56 198
199 27
10 200
188 201
202 66
203 100
204 47
205 115
206 74
207 58
108 208
103 149
108 209
115 210
211 47
166 212
144 213
214 140
215 213
216 176
217 86
218 47
182 219
218 220
221 131
210 222
182 223
182 224
225 212
114 226
100 227
228 47
135 229
113 230
54 42
231 211
201 232
103 98
233 113
53 234
235 161
213 236
237 165
238 27
239 108
213 240
215 240
17 241
128 242
215 243
244 220
245 219
246 17
