#qgen
64
13
24
17
19
20
22
16
14
22
17
18
16
18
20
19
19
12
16
18
20
18
17
21
17
17
21
22
24
19
17
17
15
21
17
15
19
21
14
21
20
17
15
17
19
20
21
22
20
22
19
20
17
16
17
16
13
14
22
21
22
17
24
21
21
64
1 0
1 2
3 2
4 2
4 5
6 2
7 6
2 8
9 2
4 10
10 11
12 5
5 13
1 14
8 15
16 4
17 9
18 17
10 19
8 20
21 16
22 16
20 23
6 24
25 17
26 16
27 4
10 28
29 7
5 30
31 17
22 32
33 18
18 8
34 20
35 10
19 36
37 20
38 17
39 23
40 2
16 41
42 7
18 43
17 44
45 34
46 30
47 2
48 46
49 17
22 50
22 51
52 47
13 53
42 54
55 34
56 47
57 53
58 54
59 5
4 60
33 61
62 56
47 63
