#qgen
126
13
24
17
19
20
22
16
14
22
17
18
16
18
20
19
19
12
16
18
20
18
17
21
17
17
21
22
24
19
17
17
15
21
17
15
19
21
14
21
20
17
15
17
19
20
21
22
20
22
19
20
17
16
17
16
13
14
22
21
22
17
24
21
21
18
16
25
22
13
18
20
15
24
20
17
20
21
20
16
18
23
7
20
18
15
19
16
19
19
22
18
20
17
17
19
22
22
13
21
21
20
21
23
16
16
19
19
21
17
20
24
17
18
18
15
24
20
21
23
16
16
20
18
18
18
17
128
1 0
1 2
3 2
4 2
4 5
6 2
7 6
2 8
9 2
4 10
10 11
12 5
5 13
1 14
8 15
16 4
17 9
18 17
10 19
8 20
21 16
22 16
20 23
6 24
25 17
26 16
27 4
10 28
29 7
5 30
31 17
22 32
33 18
18 8
34 20
35 10
19 36
37 20
38 17
39 23
40 2
16 41
42 7
18 43
17 44
45 34
46 30
47 2
48 46
49 17
22 50
22 51
52 47
13 53
42 54
55 34
56 47
57 53
58 54
59 5
4 60
33 61
62 56
47 63
64 50
46 65
2 66
22 35
17 67
40 68
20 8
69 19
59 70
71 22
72 54
21 73
74 16
75 46
28 76
77 76
78 69
66 79
80 44
66 81
7 82
83 11
84 37
75 85
86 2
27 87
88 86
7 89
90 68
91 75
92 60
93 47
94 46
95 63
96 75
58 97
98 21
2 99
89 100
101 16
40 102
103 64
47 104
54 105
23 106
77 107
108 54
109 12
64 110
111 2
112 108
113 75
19 114
46 115
75 116
23 117
118 78
119 75
120 42
121 54
122 59
5 123
119 124
125 117
