#qgen
126
20
18
13
15
18
21
17
16
18
18
19
20
17
13
16
19
16
20
15
19
14
19
19
19
22
18
22
18
16
21
20
17
17
22
24
16
15
23
19
18
19
23
15
21
19
20
17
16
21
17
19
19
15
16
20
23
21
23
21
19
20
16
16
19
22
19
20
16
16
19
16
19
22
19
20
17
17
16
23
17
16
16
21
20
21
19
18
18
17
21
21
16
19
16
18
18
22
16
16
21
15
19
16
23
21
18
24
16
17
20
20
21
17
16
21
15
14
16
15
17
15
18
19
22
22
18
128
1 0
2 1
3 2
4 1
5 2
6 5
6 7
8 5
5 9
9 10
9 11
12 2
7 13
7 14
15 0
7 16
8 17
11 18
19 12
5 20
21 2
7 22
23 19
24 20
14 25
6 26
22 27
28 5
29 9
2 30
31 14
31 32
33 28
34 5
35 7
36 12
37 35
38 2
39 30
40 18
41 38
29 42
43 26
26 44
45 11
46 26
40 47
48 28
7 49
24 50
51 40
13 52
35 53
37 54
55 7
14 56
49 57
58 49
59 22
7 60
61 52
62 47
6 63
64 47
52 65
66 15
67 2
68 56
69 18
57 70
71 20
18 72
41 73
74 66
57 75
76 56
33 45
50 77
29 78
79 45
80 7
81 14
61 82
61 83
84 71
72 85
83 86
60 87
66 88
89 27
90 71
91 54
92 8
79 93
94 33
88 95
11 96
37 97
76 98
99 31
26 100
11 101
58 102
85 103
101 104
37 105
106 64
107 42
108 3
109 105
106 110
111 13
112 18
113 83
114 99
2 115
71 116
98 117
85 118
38 91
18 69
60 119
116 120
121 26
44 122
42 123
19 124
56 125
