#qgen
119
19
17
16
20
20
19
21
18
18
17
16
16
22
16
18
15
22
18
19
15
20
17
25
18
23
19
19
17
18
20
19
21
21
20
19
20
22
18
21
21
19
18
18
18
19
16
18
21
19
23
13
20
20
20
19
13
18
21
18
20
18
18
23
23
21
20
17
21
15
18
19
21
16
20
11
20
20
22
16
22
20
18
20
22
19
15
20
21
20
15
18
16
25
23
22
21
20
20
20
23
18
17
24
18
19
18
20
15
18
18
15
18
14
18
22
20
21
15
14
128
0 1
1 2
2 3
3 4
3 5
6 2
6 7
8 7
9 8
10 9
8 11
12 8
10 13
14 13
8 12
15 13
16 1
17 11
18 17
19 12
20 8
21 9
22 7
23 8
24 9
25 9
26 10
8 27
16 28
29 18
30 7
9 31
27 32
20 33
8 34
18 35
9 36
25 37
38 15
39 8
25 40
41 30
42 28
43 20
44 30
5 45
46 18
31 47
48 27
20 49
14 50
8 51
3 2
52 20
18 53
54 18
52 55
51 56
57 36
30 58
33 59
52 49
54 60
25 61
62 25
63 62
7 64
65 51
52 66
41 67
68 66
40 69
70 27
56 71
72 8
12 73
60 74
75 56
74 76
77 44
60 17
78 27
79 54
18 80
81 68
82 6
83 61
67 77
84 74
61 25
27 85
86 49
6 87
15 52
88 80
89 51
90 13
91 86
17 92
86 93
94 54
13 95
96 49
97 88
98 88
77 58
8 99
100 66
17 101
102 101
103 9
104 51
80 43
77 105
69 106
18 107
108 78
40 56
96 109
68 110
111 68
112 27
113 8
114 71
115 52
116 110
9 117
118 67
