#qgen
62
19
17
16
20
20
19
21
18
18
17
16
16
22
16
18
15
22
18
19
15
20
17
25
18
23
19
19
17
18
20
19
21
21
20
19
20
22
18
21
21
19
18
18
18
19
16
18
21
19
23
13
20
20
20
19
13
18
21
18
20
18
18
64
0 1
1 2
2 3
3 4
3 5
6 2
6 7
8 7
9 8
10 9
8 11
12 8
10 13
14 13
8 12
15 13
16 1
17 11
18 17
19 12
20 8
21 9
22 7
23 8
24 9
25 9
26 10
8 27
16 28
29 18
30 7
9 31
27 32
20 33
8 34
18 35
9 36
25 37
38 15
39 8
25 40
41 30
42 28
43 20
44 30
5 45
46 18
31 47
48 27
20 49
14 50
8 51
3 2
52 20
18 53
54 18
52 55
51 56
57 36
30 58
33 59
52 49
54 60
25 61
