#qgen
234
19
17
16
20
20
19
21
18
18
17
16
16
22
16
18
15
22
18
19
15
20
17
25
18
23
19
19
17
18
20
19
21
21
20
19
20
22
18
21
21
19
18
18
18
19
16
18
21
19
23
13
20
20
20
19
13
18
21
18
20
18
18
23
23
21
20
17
21
15
18
19
21
16
20
11
20
20
22
16
22
20
18
20
22
19
15
20
21
20
15
18
16
25
23
22
21
20
20
20
23
18
17
24
18
19
18
20
15
18
18
15
18
14
18
22
20
21
15
14
19
20
17
20
25
20
20
22
15
22
16
21
13
30
15
11
19
18
15
17
21
22
22
18
22
15
21
16
16
21
18
20
18
19
22
16
20
22
19
15
21
16
15
18
17
17
21
15
20
20
22
18
15
20
16
19
22
18
21
21
20
19
13
18
15
18
22
19
16
13
18
19
14
24
16
17
21
20
21
25
22
18
19
18
21
22
19
21
19
21
20
17
22
18
22
13
19
17
22
20
14
18
19
18
15
19
17
16
20
21
18
19
16
15
16
256
0 1
1 2
2 3
3 4
3 5
6 2
6 7
8 7
9 8
10 9
8 11
12 8
10 13
14 13
8 12
15 13
16 1
17 11
18 17
19 12
20 8
21 9
22 7
23 8
24 9
25 9
26 10
8 27
16 28
29 18
30 7
9 31
27 32
20 33
8 34
18 35
9 36
25 37
38 15
39 8
25 40
41 30
42 28
43 20
44 30
5 45
46 18
31 47
48 27
20 49
14 50
8 51
3 2
52 20
18 53
54 18
52 55
51 56
57 36
30 58
33 59
52 49
54 60
25 61
62 25
63 62
7 64
65 51
52 66
41 67
68 66
40 69
70 27
56 71
72 8
12 73
60 74
75 56
74 76
77 44
60 17
78 27
79 54
18 80
81 68
82 6
83 61
67 77
84 74
61 25
27 85
86 49
6 87
15 52
88 80
89 51
90 13
91 86
17 92
86 93
94 54
13 95
96 49
97 88
98 88
77 58
8 99
100 66
17 101
102 101
103 9
104 51
80 43
77 105
69 106
18 107
108 78
40 56
96 109
68 110
111 68
112 27
113 8
114 71
115 52
116 110
9 117
118 67
101 119
35 120
121 60
122 52
123 54
124 96
31 125
33 126
127 51
128 40
104 129
130 66
41 131
132 126
133 118
134 79
86 135
71 136
137 97
138 56
114 139
140 93
141 139
66 142
143 137
8 144
8 145
146 56
147 146
17 148
136 149
150 136
151 62
60 152
153 51
120 154
33 81
155 78
6 156
83 157
124 158
159 137
8 160
161 8
162 131
142 163
97 110
164 74
68 165
166 68
136 167
168 47
18 169
135 170
104 171
9 121
141 172
119 173
132 68
174 143
140 175
176 56
177 132
178 33
179 115
180 5
181 171
182 147
93 183
184 174
68 185
61 186
152 187
188 72
67 189
190 119
59 191
192 186
15 193
136 194
195 77
196 176
197 178
96 198
199 140
200 113
201 114
113 202
54 203
193 204
80 130
8 205
206 55
207 25
49 115
179 208
28 209
210 25
211 146
212 139
213 13
214 9
205 215
192 193
216 90
217 66
109 218
219 152
64 101
171 129
220 83
144 221
103 222
223 66
224 46
160 51
188 196
168 225
171 226
227 13
155 228
84 27
101 17
210 229
230 60
66 231
175 232
233 86
