#qgen
242
20
14
22
19
16
17
20
22
20
22
19
19
20
18
21
20
23
19
21
19
19
20
21
14
18
18
15
21
21
17
22
16
18
19
29
18
13
17
16
19
18
17
20
18
15
13
16
15
18
20
21
19
23
19
24
16
15
19
18
18
22
19
17
17
18
20
15
22
18
18
23
16
13
15
17
14
18
17
18
13
18
15
21
19
22
21
16
18
18
21
21
22
13
20
18
21
19
19
20
17
19
18
18
16
19
16
19
21
23
18
15
17
17
23
18
21
19
17
19
22
22
21
19
27
19
18
21
21
20
21
13
17
18
20
22
20
18
17
17
13
17
17
17
25
21
17
19
18
19
22
20
22
22
21
23
17
22
20
18
17
15
21
17
22
18
21
19
18
20
15
20
22
18
17
12
22
17
21
17
19
21
23
19
15
19
22
14
15
19
18
22
20
17
22
20
16
18
19
15
16
17
23
19
20
20
20
21
18
21
17
15
17
20
17
18
16
18
23
22
19
17
23
20
19
21
22
26
22
19
22
21
18
23
20
17
23
19
22
16
17
21
18
256
0 1
2 1
3 2
4 2
5 4
4 6
4 7
8 2
0 9
10 9
11 5
5 12
12 13
6 14
4 15
16 2
17 4
18 14
14 19
4 20
21 14
22 14
23 22
24 14
13 25
26 19
19 27
22 28
24 29
30 22
4 1
31 0
32 22
33 27
34 22
22 35
14 36
8 37
38 36
39 18
40 8
41 19
37 42
43 4
37 44
45 3
46 11
47 4
48 40
49 40
14 50
36 51
52 27
14 53
31 10
54 53
53 55
53 56
57 50
53 58
59 47
53 60
53 61
62 22
63 52
48 64
65 61
66 64
53 67
68 54
40 69
57 70
24 71
72 22
66 73
74 4
27 75
14 74
36 14
76 18
73 77
40 78
61 79
80 49
53 81
82 69
83 38
84 40
53 85
86 77
87 86
88 87
89 53
73 90
40 91
22 30
92 36
33 93
16 94
85 95
95 96
97 53
73 98
40 99
100 70
65 101
46 102
103 87
104 73
53 105
98 106
107 67
108 73
77 109
103 110
111 22
58 112
47 113
114 53
115 106
22 116
117 53
118 105
77 119
24 120
121 36
109 87
53 122
53 123
95 124
125 36
53 126
49 127
98 128
73 129
106 130
131 53
96 132
133 87
134 133
135 22
136 86
80 137
138 96
53 139
140 76
123 141
142 100
100 143
53 144
96 95
122 145
146 90
88 147
73 148
149 114
119 150
151 48
152 22
153 33
153 154
53 155
156 73
53 157
20 158
159 151
22 160
127 73
119 161
125 162
75 163
149 136
164 68
164 165
91 166
115 167
168 86
75 169
85 73
53 170
118 171
172 22
79 18
173 61
174 125
175 88
22 176
177 85
127 178
48 179
100 180
126 181
76 182
183 180
184 162
185 85
170 186
187 176
188 162
131 189
190 133
191 64
192 91
193 22
194 61
18 195
196 143
150 197
198 87
40 199
200 194
201 35
53 202
12 71
82 109
203 174
109 204
90 205
74 206
207 53
128 208
209 190
210 187
211 204
191 212
164 213
214 89
215 184
159 216
71 217
218 115
219 91
133 220
4 221
222 110
223 191
22 224
225 54
140 226
227 110
80 228
229 137
230 133
122 231
147 230
232 217
233 87
53 234
90 235
164 236
237 85
230 238
239 143
200 61
226 240
119 241
