#qgen
229
72
151
397
464
428
505
418
33
244
13
421
481
445
264
384
267
299
457
186
197
177
491
435
463
269
394
471
476
479
403
478
483
219
229
81
307
143
405
150
473
443
99
485
267
27
448
463
310
414
107
170
331
194
390
499
17
380
450
57
97
52
305
105
291
178
19
297
26
433
296
303
65
253
71
286
344
407
38
3
192
504
498
45
33
345
335
80
511
296
304
264
466
263
455
96
112
141
346
451
449
436
156
490
340
403
148
166
365
314
193
230
453
378
57
342
270
264
91
8
235
76
270
333
470
177
106
83
160
323
146
264
173
41
174
474
308
274
161
178
196
42
427
237
320
234
332
185
433
258
261
126
148
223
196
202
250
444
172
244
254
142
355
192
430
132
219
254
378
89
343
109
460
81
390
467
11
175
509
75
389
449
202
169
443
272
53
65
28
467
127
122
198
109
20
142
72
451
317
104
150
270
155
466
273
114
361
49
40
335
3
253
179
308
481
465
59
251
150
318
206
465
223
472
474
11
129
25
65
237
256
0 1
0 2
2 3
4 3
3 5
6 3
3 7
8 3
9 3
10 4
10 11
12 10
12 13
14 3
10 15
16 6
17 1
15 18
10 19
13 20
12 21
22 21
23 19
24 23
21 25
26 25
27 3
28 24
17 29
30 25
5 31
32 26
5 33
34 26
26 35
25 36
21 37
38 37
39 10
34 40
29 41
42 38
31 40
43 24
4 44
44 45
34 46
10 47
48 33
49 41
31 50
51 1
52 44
23 53
54 53
55 33
23 56
57 7
58 26
41 59
49 60
61 30
62 31
55 63
64 17
16 65
34 66
67 37
68 15
38 69
29 70
48 71
72 35
70 73
17 74
75 37
73 76
64 77
42 78
45 79
52 80
13 81
46 82
42 83
84 34
49 85
15 86
61 87
54 88
89 40
90 36
91 41
84 92
93 82
94 36
17 95
96 1
85 97
70 98
99 18
100 44
12 75
84 101
96 102
17 6
100 103
48 104
103 105
106 84
10 107
108 62
109 49
17 110
23 111
112 111
55 113
86 114
17 115
24 72
116 41
117 68
68 118
119 100
120 57
121 49
31 122
74 123
124 50
125 17
126 36
72 127
72 114
41 128
129 47
64 130
44 131
45 46
132 124
133 40
24 134
135 130
136 115
137 83
138 15
10 139
140 85
141 76
142 105
143 98
144 99
22 145
146 36
147 36
148 139
149 104
150 97
29 151
42 152
153 19
38 154
155 88
96 156
157 122
158 139
0 159
160 43
38 161
162 54
163 36
91 164
131 78
34 165
71 166
21 167
39 168
91 74
111 122
169 128
170 34
171 65
172 79
125 49
104 103
173 114
41 83
57 85
174 63
72 175
176 106
177 77
167 111
49 36
178 20
179 82
180 24
21 164
181 131
64 182
76 183
184 179
167 185
186 166
34 187
64 188
186 189
78 128
190 142
125 191
37 192
193 189
21 189
194 123
54 175
130 144
195 72
196 100
15 99
197 139
189 198
126 199
37 200
116 201
202 175
203 49
204 23
205 201
206 69
207 166
68 74
152 208
209 163
49 210
132 165
39 1
114 211
132 212
84 213
214 79
157 74
215 124
77 216
217 88
62 218
134 219
220 31
136 221
64 41
197 36
222 85
223 35
224 177
225 124
226 164
152 162
190 227
228 189
