#qgen
62
120
161
418
306
268
151
166
378
433
369
229
49
120
388
67
229
228
304
71
202
482
427
269
393
334
268
19
234
267
348
87
365
484
105
144
322
338
2
76
36
117
272
166
383
7
148
273
328
255
231
114
160
298
365
158
472
173
45
136
465
450
214
64
1 0
1 2
2 3
1 4
2 5
6 3
1 7
6 8
7 9
2 10
11 10
12 11
2 13
14 8
15 11
16 15
17 2
18 10
16 19
20 8
4 21
22 18
23 18
22 24
25 5
13 26
23 27
20 28
29 19
23 30
31 25
23 32
12 33
15 34
27 35
24 36
32 37
31 38
16 39
40 24
38 41
16 37
24 42
43 41
44 39
16 40
42 45
45 46
31 47
36 48
15 49
38 50
51 29
1 52
53 35
54 35
55 19
27 56
57 21
56 58
18 59
16 55
36 60
61 28
