#qgen
116
120
161
418
306
268
151
166
378
433
369
229
49
120
388
67
229
228
304
71
202
482
427
269
393
334
268
19
234
267
348
87
365
484
105
144
322
338
2
76
36
117
272
166
383
7
148
273
328
255
231
114
160
298
365
158
472
173
45
136
465
450
214
74
225
493
330
190
415
82
237
237
428
291
500
300
109
170
51
451
14
440
67
337
31
176
298
496
86
455
251
395
166
446
291
297
297
152
65
170
232
106
512
337
486
288
50
428
472
470
79
367
275
208
216
137
283
128
1 0
1 2
2 3
1 4
2 5
6 3
1 7
6 8
7 9
2 10
11 10
12 11
2 13
14 8
15 11
16 15
17 2
18 10
16 19
20 8
4 21
22 18
23 18
22 24
25 5
13 26
23 27
20 28
29 19
23 30
31 25
23 32
12 33
15 34
27 35
24 36
32 37
31 38
16 39
40 24
38 41
16 37
24 42
43 41
44 39
16 40
42 45
45 46
31 47
36 48
15 49
38 50
51 29
1 52
53 35
54 35
55 19
27 56
57 21
56 58
18 59
16 55
36 60
61 28
31 62
31 24
11 60
26 63
16 51
64 27
65 6
66 13
67 47
38 68
44 13
44 69
70 56
71 8
44 72
73 36
74 54
64 75
23 76
77 26
78 68
79 2
80 8
18 60
81 36
31 82
18 83
84 63
85 49
73 86
87 20
16 60
22 88
31 55
89 48
39 90
91 78
56 92
55 93
94 56
24 39
95 76
31 96
31 16
81 97
98 2
74 99
66 100
91 101
11 102
9 103
84 104
14 105
106 15
6 107
108 63
109 54
24 110
38 111
112 20
13 50
113 73
114 39
38 115
