#qgen
128
250
378
58
109
382
314
369
478
131
319
38
319
126
267
491
175
306
384
417
99
225
19
407
169
417
315
259
230
11
226
31
294
477
456
168
29
496
38
430
192
485
233
430
9
507
236
113
436
205
176
237
184
127
325
421
261
76
433
174
106
346
222
134
474
344
496
203
122
327
287
140
38
269
432
334
128
302
8
409
48
399
268
256
323
446
121
424
84
465
492
243
144
344
24
149
50
279
210
148
10
165
41
172
130
297
25
27
28
241
11
336
441
413
426
284
246
124
255
311
196
356
116
210
314
407
477
440
289
128
0 1
0 2
3 2
3 4
4 5
3 6
3 7
3 8
9 8
3 10
3 11
10 12
13 12
4 14
9 15
16 5
3 17
11 18
3 19
3 20
21 5
22 5
23 5
3 24
12 25
26 23
27 2
15 28
3 29
28 30
2 31
8 32
0 33
22 34
3 35
36 33
37 33
22 38
39 12
39 40
39 41
42 31
43 32
39 44
45 2
46 12
11 47
10 48
46 49
22 50
46 20
11 51
52 33
53 33
15 54
55 12
56 33
57 22
54 58
59 43
15 60
56 61
3 62
16 63
64 33
65 8
66 10
67 33
46 68
69 33
30 70
71 43
11 72
73 8
74 38
75 12
76 33
77 60
32 78
79 31
80 20
65 81
82 49
80 83
39 84
80 85
86 15
12 87
88 31
11 89
80 90
56 91
92 5
90 93
90 94
95 54
9 96
11 97
9 98
81 99
100 63
54 101
50 102
103 95
77 104
8 105
3 106
11 107
102 108
109 46
57 110
20 111
112 29
113 12
15 114
115 93
9 116
43 117
118 102
119 54
120 63
121 102
11 122
123 78
102 124
125 6
126 28
127 114
