#qgen
123
310
209
86
103
359
340
448
352
235
337
485
241
45
272
314
58
478
338
219
415
397
114
229
248
103
211
473
36
399
512
227
302
170
444
70
226
358
328
148
222
132
270
353
425
395
312
202
342
460
185
322
475
59
395
400
478
370
201
126
258
142
398
37
314
479
99
456
206
462
407
204
186
510
355
502
87
81
52
504
480
427
390
486
491
510
473
305
104
135
81
418
93
297
137
422
497
151
301
264
91
189
446
205
382
33
74
477
420
127
487
337
333
118
51
350
484
46
247
158
474
321
469
84
128
0 1
0 2
0 3
0 4
2 5
6 1
7 4
2 8
9 7
7 10
11 2
12 9
8 13
11 14
7 15
16 14
16 17
18 8
19 8
5 20
21 8
8 22
15 23
16 24
25 5
26 6
27 12
28 2
29 26
8 30
19 31
27 32
33 13
34 20
35 29
27 36
26 37
10 38
32 39
40 12
35 41
42 36
43 5
44 13
45 27
46 21
47 12
28 48
41 49
50 35
35 51
52 13
53 51
54 22
47 55
8 56
32 57
58 28
10 59
29 60
39 61
41 62
63 14
64 61
65 13
2 66
44 67
55 68
69 20
32 70
0 71
70 72
20 73
74 7
75 23
55 76
37 77
39 78
79 15
28 56
12 80
64 81
82 41
83 8
9 84
85 36
20 86
52 87
88 66
34 30
79 89
36 90
91 78
92 14
93 35
11 94
18 95
93 96
75 97
36 98
99 37
77 100
35 101
102 56
103 90
104 56
29 105
106 35
107 103
40 70
108 60
64 10
16 109
42 6
110 20
27 111
45 112
113 36
114 79
26 115
65 116
76 108
61 117
59 118
119 98
106 120
121 67
114 122
