#qgen
248
112
188
223
194
476
355
50
306
328
209
109
261
18
210
335
229
473
331
222
263
344
53
83
247
342
222
496
510
214
2
151
111
427
65
115
151
283
127
81
222
291
204
355
103
484
176
268
114
474
161
511
414
3
279
100
296
305
184
52
19
83
389
236
390
460
382
316
276
120
98
265
150
335
179
93
91
460
160
126
391
76
121
400
258
8
454
283
79
66
213
406
136
177
368
273
453
506
379
396
19
152
446
118
167
51
169
83
491
337
505
21
254
503
410
141
275
220
56
268
41
266
384
399
441
300
466
136
506
287
480
294
195
240
507
440
170
244
391
327
25
433
435
475
50
11
337
389
52
83
227
95
205
383
149
296
254
276
368
146
74
352
276
65
184
46
372
157
439
465
95
330
15
25
207
49
346
38
420
322
207
344
508
436
110
171
457
277
370
352
301
353
370
197
146
52
299
509
433
120
50
48
261
229
298
488
471
459
169
17
269
504
17
84
76
234
70
489
56
17
45
502
399
302
368
392
422
248
271
455
142
275
265
384
196
328
289
235
472
94
202
250
342
409
223
365
108
330
8
256
1 0
2 0
3 2
4 0
2 5
6 0
7 2
8 2
9 2
7 10
8 11
12 4
13 2
14 0
15 3
10 16
3 17
14 18
14 19
20 3
15 21
4 22
23 20
21 24
11 25
26 16
27 7
28 21
29 21
30 24
25 31
32 30
8 33
28 34
35 2
20 36
37 33
20 38
39 37
40 13
41 13
42 37
43 33
22 44
45 40
46 43
47 0
48 1
49 34
39 50
51 12
52 16
53 46
54 6
55 12
56 14
41 57
25 58
2 59
32 60
61 16
62 54
63 31
64 33
46 65
66 38
7 67
43 68
8 69
70 2
71 63
28 72
57 73
46 74
75 62
76 50
46 77
78 67
55 79
80 19
46 81
82 74
43 83
40 84
82 85
56 86
53 87
88 55
89 8
90 57
91 14
30 92
93 48
52 94
74 95
96 22
12 97
98 81
99 82
33 19
100 87
76 101
102 53
73 103
43 104
43 105
106 41
107 2
108 33
15 109
29 110
111 95
2 112
113 85
114 38
114 115
116 49
117 110
76 118
119 58
74 120
95 121
104 122
20 123
124 44
125 75
48 126
127 55
57 128
35 129
82 130
45 131
7 132
133 28
12 120
134 58
135 82
61 136
64 137
127 138
139 80
140 105
111 141
142 83
143 73
17 144
87 145
139 146
11 147
148 40
149 70
150 103
11 151
47 152
153 127
61 119
154 142
39 155
137 156
58 157
76 158
83 159
160 119
84 161
162 119
134 163
164 0
165 58
47 166
167 80
168 48
169 149
41 170
171 18
172 82
173 130
174 38
17 147
124 175
45 176
59 177
37 178
170 179
74 180
181 92
144 182
154 183
184 79
185 6
186 133
187 157
188 95
46 189
190 108
12 191
191 192
75 193
194 12
70 195
196 133
107 197
198 129
112 199
200 153
201 150
21 14
202 105
203 194
204 33
45 205
46 206
207 104
208 82
39 209
189 210
211 192
204 212
213 157
75 214
215 212
99 216
41 217
218 108
156 219
167 220
122 221
222 157
223 40
135 224
106 19
194 225
226 37
227 164
228 99
215 229
230 115
114 231
106 178
232 108
233 150
218 158
234 162
40 178
27 235
236 209
20 237
238 11
204 239
201 240
94 241
205 242
72 243
143 244
83 245
246 6
90 247
