#qgen
65
17
134
496
215
228
425
474
117
275
65
333
427
448
340
338
446
274
299
189
282
60
303
126
427
250
149
16
282
164
325
80
441
96
263
52
51
245
59
48
172
207
4
270
333
267
98
225
456
456
443
235
165
204
389
56
245
366
233
276
174
285
443
303
21
76
64
0 1
2 0
3 1
4 1
5 3
4 6
7 6
8 1
7 9
4 10
4 11
12 1
5 13
9 14
15 6
7 16
17 15
9 18
19 9
4 20
21 7
22 20
3 23
24 16
25 22
26 23
27 3
8 28
1 29
8 30
31 11
32 9
11 33
34 6
35 16
3 36
33 37
38 7
6 39
27 40
16 41
11 42
31 43
44 25
39 45
44 46
47 42
48 36
24 49
50 23
46 51
52 42
24 53
51 54
31 55
20 56
57 49
35 58
35 59
60 52
61 50
62 1
63 10
64 11
