#qgen
64
500
493
192
195
487
295
170
460
348
316
158
408
286
188
198
460
87
360
297
159
18
389
397
491
263
7
447
346
70
218
470
283
124
332
29
313
182
356
115
511
46
264
17
229
257
107
22
393
5
310
186
288
475
332
454
486
337
59
506
293
400
83
237
35
64
0 1
0 2
2 3
0 4
4 5
6 4
7 3
3 8
9 5
10 3
11 7
6 12
10 13
14 13
15 3
16 10
17 16
18 10
19 10
20 16
1 21
20 22
23 10
24 3
2 9
14 25
26 22
27 22
28 11
29 10
17 30
10 31
32 16
33 10
34 10
15 35
5 36
37 30
38 24
39 29
14 40
41 3
42 10
43 33
43 44
14 45
14 46
44 47
48 26
28 49
38 50
30 51
28 52
10 53
39 54
55 29
35 56
57 34
22 58
55 59
60 50
61 56
61 62
16 63
