#qgen
242
500
493
192
195
487
295
170
460
348
316
158
408
286
188
198
460
87
360
297
159
18
389
397
491
263
7
447
346
70
218
470
283
124
332
29
313
182
356
115
511
46
264
17
229
257
107
22
393
5
310
186
288
475
332
454
486
337
59
506
293
400
83
237
35
457
11
373
176
183
164
74
176
250
209
427
329
228
447
430
205
383
15
217
219
87
496
357
260
33
7
465
76
94
444
235
268
187
291
487
234
53
338
210
493
142
46
442
121
484
270
270
247
150
114
394
475
411
465
382
28
139
397
412
509
52
75
125
148
103
134
323
437
36
33
76
250
287
246
460
275
395
33
481
379
229
389
170
297
156
21
243
489
280
244
38
468
380
49
56
286
447
365
212
371
411
154
64
231
283
105
75
384
163
375
327
132
346
363
317
106
401
27
267
85
194
418
99
352
119
114
367
388
352
305
171
326
53
28
401
373
88
8
466
48
428
203
180
368
401
283
19
344
250
417
21
113
342
495
346
465
331
410
251
63
7
418
134
378
42
156
22
487
188
98
302
39
461
422
459
391
322
188
256
0 1
0 2
2 3
0 4
4 5
6 4
7 3
3 8
9 5
10 3
11 7
6 12
10 13
14 13
15 3
16 10
17 16
18 10
19 10
20 16
1 21
20 22
23 10
24 3
2 9
14 25
26 22
27 22
28 11
29 10
17 30
10 31
32 16
33 10
34 10
15 35
5 36
37 30
38 24
39 29
14 40
41 3
42 10
43 33
43 44
14 45
14 46
44 47
48 26
28 49
38 50
30 51
28 52
10 53
39 54
55 29
35 56
57 34
22 58
55 59
60 50
61 56
61 62
16 63
8 64
16 65
66 44
14 67
68 10
16 69
61 70
71 29
72 20
10 73
15 74
20 75
76 28
37 77
13 78
79 65
72 80
69 81
39 82
83 37
84 74
85 84
72 86
87 47
88 51
15 89
35 90
28 91
92 89
37 80
48 93
94 3
95 51
89 96
97 16
98 56
99 14
100 10
87 101
102 43
15 103
101 104
58 105
106 50
107 48
108 69
30 109
37 110
111 51
112 69
113 70
114 40
70 115
55 116
83 117
118 12
119 63
120 114
121 43
122 60
39 123
124 80
125 62
85 126
74 127
80 128
129 30
85 130
85 131
10 65
132 124
133 91
134 133
62 135
25 136
54 137
138 10
54 115
81 139
140 59
122 141
33 100
89 142
69 143
144 83
56 69
145 74
146 20
147 51
148 109
85 149
150 80
151 62
16 152
44 96
151 153
97 154
155 62
156 91
144 56
157 70
158 89
90 19
159 70
14 160
161 44
156 122
20 162
87 163
164 60
83 165
77 166
87 167
41 168
156 169
170 30
88 171
172 78
173 50
174 153
175 50
176 155
177 76
178 116
171 179
114 180
181 115
182 107
183 13
125 58
174 184
87 185
173 186
56 10
174 187
188 178
147 54
133 189
109 13
159 190
14 191
192 102
193 56
194 115
152 195
48 196
197 154
198 58
131 199
196 200
201 34
174 202
173 203
107 204
103 205
156 206
207 44
44 208
209 71
51 210
211 89
212 58
213 152
74 214
215 62
128 216
63 108
217 114
218 58
219 71
74 220
221 69
189 222
223 133
198 224
136 225
174 226
147 227
193 228
88 229
230 144
223 231
232 60
91 233
121 234
180 235
236 41
168 237
238 216
239 106
240 207
85 241
