#qgen
121
420
244
67
86
173
167
266
400
447
16
266
123
38
474
115
105
263
134
58
230
510
335
152
85
474
268
460
368
329
40
41
368
296
484
52
76
376
95
8
394
443
427
466
325
408
503
169
341
81
99
305
431
312
448
292
323
65
256
93
205
45
17
151
152
402
407
8
250
272
299
333
427
409
107
201
392
169
247
280
436
184
172
262
105
235
284
83
84
506
353
84
498
232
448
509
370
235
89
21
407
269
202
59
379
512
393
161
363
471
284
379
146
158
435
427
192
263
424
369
185
412
128
1 0
1 2
3 2
3 4
4 5
6 4
7 5
7 8
9 8
7 10
6 11
4 12
13 11
14 12
5 15
16 8
17 10
18 12
8 19
14 20
21 4
22 20
10 23
24 5
14 25
26 14
24 27
28 8
17 29
24 30
31 29
32 29
31 33
34 11
6 35
36 11
32 37
38 25
6 39
40 34
41 11
42 21
38 43
7 44
45 14
45 46
47 23
37 48
49 29
50 36
51 23
52 33
35 53
54 40
39 55
56 11
16 57
34 58
59 20
60 48
24 61
62 17
45 63
29 23
33 64
65 52
66 36
25 67
32 68
42 69
70 15
45 71
10 72
73 8
54 74
75 29
76 8
16 77
13 20
51 78
79 70
45 80
81 23
44 82
83 29
84 82
85 57
51 86
45 87
4 88
40 35
89 80
24 90
14 48
24 91
69 92
93 87
94 74
95 13
96 37
40 41
97 30
98 8
51 99
38 100
101 76
90 102
57 44
103 99
8 104
13 105
106 90
107 64
108 38
109 43
110 105
111 37
14 112
59 113
98 114
115 14
108 116
117 90
41 58
13 37
118 12
119 18
120 8
