#qgen
63
42
375
258
437
82
171
161
440
5
342
218
445
409
342
10
98
362
330
408
1
379
377
335
478
312
263
478
90
195
80
417
272
298
42
308
329
184
372
478
229
9
203
477
91
474
283
505
335
97
182
108
254
446
452
456
56
331
511
393
420
281
219
49
64
1 0
2 0
3 2
1 2
4 2
4 5
6 5
6 7
6 8
6 9
10 7
11 7
6 12
6 13
6 14
15 7
11 16
17 13
6 18
7 19
20 7
18 21
6 22
23 8
19 24
25 13
6 26
27 16
27 28
29 17
30 11
23 31
32 14
6 33
29 34
10 35
28 36
37 23
30 38
39 33
31 35
40 23
27 41
39 42
32 43
29 44
45 16
22 46
23 47
19 48
29 49
35 50
51 6
31 52
53 50
40 54
55 53
7 56
57 18
54 58
59 31
30 60
61 33
62 47
