#qgen
62
21
51
40
58
40
15
45
64
15
54
39
45
62
17
54
13
58
26
49
59
31
56
40
61
29
45
1
44
5
52
10
56
57
44
61
55
7
48
61
55
16
58
60
46
25
44
1
24
56
40
25
48
15
1
12
53
35
8
43
20
24
16
256
1 0
2 1
1 3
1 4
5 1
6 0
1 7
8 7
9 1
1 10
2 11
11 12
1 13
14 1
8 15
16 1
14 17
18 1
19 16
16 20
1 21
1 22
17 10
1 23
12 1
24 1
25 1
25 26
27 11
25 28
1 29
2 28
24 27
8 30
20 15
4 31
10 24
31 16
32 1
28 33
24 34
35 28
28 27
34 36
19 4
17 24
37 1
22 1
38 27
1 39
1 40
33 41
8 1
24 35
42 35
20 11
34 43
44 1
24 10
19 12
26 1
19 11
27 35
35 34
34 45
42 10
42 1
35 7
1 46
41 16
7 36
28 35
12 19
29 1
28 26
45 26
26 28
1 47
1 48
19 33
49 1
1 50
16 45
8 36
42 26
16 15
33 28
42 24
27 45
4 19
15 1
42 45
26 35
1 25
34 42
24 42
15 16
51 1
1 52
41 19
26 34
10 43
41 12
53 1
26 17
7 11
1 54
30 8
26 7
1 55
1 38
28 14
27 1
43 17
56 32
1 57
23 1
26 50
34 25
56 58
1 28
0 6
45 59
30 52
1 31
58 32
17 43
20 19
1 43
23 58
28 2
42 28
1 17
27 26
11 1
45 24
1 33
35 1
1 42
11 19
28 7
10 1
59 45
16 41
36 26
31 33
16 31
36 42
19 20
7 28
59 35
24 45
7 27
36 34
45 16
10 26
50 26
36 1
1 49
32 58
28 43
7 21
25 27
42 43
1 19
33 31
58 21
60 1
1 61
35 26
42 17
11 27
45 42
17 45
1 24
25 34
41 11
41 15
45 21
1 53
45 28
36 17
27 50
59 1
15 12
25 8
19 15
7 8
15 41
17 35
28 1
15 8
42 34
45 35
21 7
0 1
27 28
1 58
54 1
35 42
35 27
50 27
8 25
26 42
28 10
8 50
42 14
35 59
43 38
52 1
1 36
27 38
28 45
28 36
1 11
52 7
33 1
16 19
50 21
45 25
34 1
32 52
4 1
1 60
26 45
43 14
1 30
27 17
17 26
2 42
17 14
10 42
1 44
38 43
55 1
15 20
7 35
36 25
11 15
60 2
1 41
12 20
1 32
52 30
25 7
1 56
17 1
28 17
30 22
42 36
10 28
43 28
27 34
17 42
49 47
19 41
