#qgen
33
21
51
20
31
56
24
29
1
61
58
45
39
7
64
57
62
58
56
40
49
61
61
15
54
43
23
40
48
8
54
52
45
21
128
1 0
2 1
1 3
1 4
5 1
0 1
1 6
7 6
8 1
1 9
3 9
9 10
1 11
12 1
7 12
13 1
13 10
1 14
15 10
10 16
1 17
1 18
5 18
1 10
10 1
1 2
19 1
13 12
4 20
11 21
1 16
22 1
9 15
23 1
24 4
24 1
14 1
6 11
17 1
15 16
11 7
12 21
10 15
21 12
25 1
15 3
1 26
1 21
15 9
1 12
1 25
12 13
1 27
21 6
24 20
2 24
21 11
28 1
29 1
3 16
1 8
24 2
9 16
23 11
11 23
3 1
7 1
4 1
1 5
4 13
18 1
10 9
3 10
1 30
13 7
12 7
7 11
1 7
31 0
20 4
1 15
1 22
9 3
15 1
21 7
16 3
10 13
6 21
7 21
16 1
6 1
0 31
7 13
1 20
20 24
18 5
27 1
1 23
1 24
13 4
11 6
21 1
3 15
20 1
4 24
30 1
1 19
26 1
11 1
1 29
1 28
16 9
10 3
16 15
1 13
6 7
16 10
9 1
9 32
32 9
32 10
32 6
32 16
2 32
32 3
32 15
15 32
3 32
