#qgen
65
24
41
28
60
13
34
48
33
3
51
39
42
10
45
1
14
2
38
52
51
27
1
33
36
22
37
17
25
14
10
57
36
61
32
53
3
28
29
54
36
18
11
46
57
45
10
54
26
17
55
32
47
50
35
34
18
48
57
14
15
16
36
20
29
49
256
0 1
1 2
1 3
4 1
5 4
6 4
7 4
4 8
9 4
10 1
11 5
12 8
4 13
10 13
4 14
15 4
4 16
14 16
17 1
18 13
19 10
9 20
21 4
4 22
4 5
23 4
24 0
1 25
23 26
0 27
1 28
26 1
4 20
4 29
30 16
1 0
4 9
31 6
4 32
10 31
16 33
34 1
35 4
1 17
32 36
26 10
31 4
4 37
10 26
10 4
2 24
5 11
38 4
9 29
25 24
39 9
1 4
29 39
31 10
37 40
41 26
13 18
1 34
4 30
35 42
26 24
4 38
43 1
33 4
44 4
45 18
4 6
46 4
4 47
4 48
49 4
41 47
20 39
50 4
10 41
4 51
8 12
4 42
38 10
4 52
3 24
4 53
4 7
39 35
40 37
4 12
24 43
10 19
4 40
31 38
6 31
28 1
0 24
29 9
51 4
54 4
55 4
35 20
24 25
9 39
1 26
4 31
56 6
39 20
20 42
4 18
2 1
30 4
22 4
16 14
11 4
48 4
38 56
20 35
52 4
30 57
36 32
4 58
47 4
4 44
4 19
4 15
4 45
4 55
17 24
24 17
18 4
1 10
59 4
16 4
13 10
32 4
41 4
4 46
4 35
4 59
12 4
4 50
18 5
29 35
32 51
56 58
14 4
34 24
20 29
29 20
11 20
35 9
42 35
4 54
42 20
58 56
4 49
57 30
4 60
35 29
6 56
61 4
38 31
27 0
28 24
58 4
20 4
4 61
41 10
24 10
62 4
3 1
42 29
56 38
26 41
16 30
51 32
4 57
42 4
5 18
24 26
4 56
4 62
10 24
4 36
39 29
20 9
56 4
33 16
26 23
60 4
4 41
4 10
4 63
57 4
24 2
10 38
24 28
19 4
37 4
39 4
24 34
8 4
4 39
9 35
24 3
42 39
53 4
4 33
45 4
25 1
50 44
36 4
4 11
18 45
29 42
1 43
29 4
4 21
35 39
4 23
11 7
13 4
7 11
39 42
40 4
43 24
20 11
63 4
44 50
47 41
64 47
64 54
37 64
64 52
46 64
13 64
64 30
64 5
58 64
64 32
64 45
45 64
33 64
64 18
64 46
64 36
64 40
15 64
57 64
64 41
64 51
6 64
50 64
39 64
