#qgen
38
12
49
4
10
56
60
13
14
50
58
7
56
13
38
38
25
36
64
6
1
1
12
44
62
1
14
56
16
11
15
45
23
41
38
53
39
25
3
128
0 1
0 2
2 3
4 0
0 4
3 2
0 5
2 6
7 0
1 0
2 8
9 1
8 10
2 11
12 2
3 5
13 2
14 3
2 13
8 2
5 0
15 2
10 2
0 16
2 17
6 18
19 1
20 0
21 8
16 0
11 2
22 9
1 9
0 23
0 24
2 25
9 19
23 0
18 8
19 22
2 21
2 14
2 26
27 0
8 25
25 13
28 8
2 0
3 14
0 27
9 5
9 22
29 2
0 20
12 26
19 9
8 21
0 22
26 27
21 2
2 28
28 2
2 12
30 2
6 2
2 29
5 9
2 31
18 2
25 2
2 30
12 25
8 28
31 2
13 25
2 10
17 2
18 6
2 18
30 14
5 3
27 26
8 18
0 19
0 7
3 26
14 30
25 8
14 2
26 12
22 0
10 8
1 19
26 3
19 0
22 19
25 12
26 2
24 0
2 15
2 32
32 28
32 2
28 32
6 32
10 32
32 10
32 6
33 32
32 33
32 34
34 32
34 5
5 34
5 35
35 5
35 19
19 35
19 36
36 30
34 36
14 36
36 19
30 36
36 14
36 34
37 36
36 37
