#qgen
59
26
22
57
35
25
35
37
58
45
47
9
41
51
12
21
59
35
49
37
29
51
43
39
50
52
9
42
15
22
55
14
35
5
35
16
38
1
9
29
18
2
33
32
33
43
9
63
5
10
12
55
30
11
8
35
35
51
24
48
256
1 0
1 2
3 1
1 4
5 1
4 6
1 7
8 1
8 9
10 1
11 8
10 12
13 5
6 1
1 14
15 9
12 9
16 13
1 17
1 10
8 18
19 15
11 20
3 13
19 21
22 11
22 23
23 24
4 1
18 25
26 7
27 11
1 24
23 28
23 21
25 16
16 20
0 29
28 30
12 13
21 7
21 23
27 8
24 31
32 31
21 11
14 25
33 17
31 8
15 34
21 24
24 28
10 16
8 14
1 31
9 35
36 27
37 34
38 8
1 39
24 40
19 23
26 15
25 30
25 12
8 24
12 23
1 41
8 30
11 42
43 15
36 16
15 1
28 40
35 9
22 1
25 8
40 28
24 44
18 20
11 21
17 11
27 9
25 45
24 22
13 10
44 1
17 23
36 9
12 25
18 24
9 1
1 46
24 1
31 47
25 13
40 10
42 8
28 15
22 21
24 23
1 48
4 42
26 34
31 38
35 16
32 46
4 44
23 12
21 40
25 32
27 25
1 33
49 1
24 17
24 37
23 15
28 22
8 34
31 28
45 1
30 28
50 34
25 1
36 49
27 40
17 25
9 43
7 1
1 51
45 38
27 31
33 1
52 3
21 31
51 45
43 23
45 16
4 24
53 1
4 36
48 34
34 48
20 4
1 42
39 15
34 32
37 17
4 20
34 4
36 12
54 8
1 13
49 10
11 27
29 0
15 4
35 45
24 9
9 55
1 47
9 48
2 24
27 1
51 14
25 38
28 1
4 51
11 9
9 24
9 28
21 15
44 7
7 55
24 25
31 9
38 24
37 21
31 36
34 36
27 51
9 14
27 4
48 30
30 22
19 24
40 30
30 51
20 16
51 4
10 4
25 17
16 48
55 9
25 23
54 40
21 1
55 26
3 52
13 20
26 1
15 31
34 40
11 31
24 34
30 21
40 22
29 13
15 8
48 17
42 11
56 1
31 30
19 43
44 51
29 16
31 4
30 34
20 12
37 24
1 43
30 19
9 22
19 34
35 38
0 57
18 31
1 27
27 54
46 24
34 15
45 34
21 4
13 40
9 44
43 31
58 1
47 40
11 25
51 10
42 16
25 39
15 22
49 12
36 10
31 14
37 51
17 30
48 9
34 11
30 8
13 12
45 51
19 28
1 58
34 43
