#qgen
75
38
23
14
23
27
35
48
34
44
54
60
15
21
42
20
10
16
11
62
3
47
2
60
5
34
17
27
51
60
45
11
61
11
34
47
17
64
26
61
10
11
19
41
22
13
26
51
18
60
17
34
56
45
54
60
32
36
20
9
24
11
32
59
52
53
5
54
52
7
60
7
54
54
37
63
256
1 0
1 2
2 3
4 2
5 2
6 2
2 7
8 2
2 9
3 10
7 8
11 2
1 12
2 13
14 2
10 7
2 15
1 16
17 1
18 1
14 4
19 2
20 14
16 21
2 22
2 23
7 2
1 24
23 25
2 5
7 19
2 26
3 2
1 27
20 25
2 14
7 28
29 2
21 24
12 1
2 30
19 8
23 31
2 32
1 17
33 2
27 1
28 2
34 2
2 35
36 2
2 21
31 23
35 2
2 6
2 34
35 13
25 23
2 37
10 38
2 19
39 1
38 40
28 7
41 1
24 33
38 34
25 41
2 25
34 14
1 42
43 2
4 10
37 40
44 11
5 15
45 2
40 37
46 1
34 38
2 47
22 4
2 48
20 1
2 40
10 2
15 2
1 39
2 49
21 16
10 20
10 3
31 41
8 7
2 43
2 1
4 3
2 31
0 1
25 31
1 20
1 50
23 2
7 10
1 51
2 4
30 2
38 2
52 1
53 2
13 2
9 2
54 1
4 22
15 5
26 2
1 52
50 1
55 2
47 2
47 38
42 1
1 56
57 26
31 25
40 2
1 58
22 2
10 4
1 59
21 2
8 19
58 1
14 20
60 2
59 1
61 57
13 35
49 2
2 45
2 62
41 25
7 21
61 2
57 2
2 44
14 34
4 14
25 2
2 55
57 61
32 2
2 61
1 46
2 57
2 28
31 2
44 2
38 7
57 35
62 2
1 18
21 7
3 4
24 21
40 38
60 3
14 38
20 10
38 47
26 57
35 57
25 20
3 60
2 36
2 10
11 44
56 1
23 41
2 33
2 8
38 14
5 34
4 48
38 10
33 24
34 5
16 1
2 60
2 53
51 1
7 38
2 63
9 47
1 54
24 1
47 9
63 2
41 31
48 2
37 2
41 23
2 11
2 38
2 29
1 41
48 4
19 7
19 64
8 64
64 8
64 19
19 65
7 65
8 65
65 64
65 7
65 8
65 19
64 65
66 65
66 8
19 66
64 66
65 66
8 66
66 19
66 64
7 66
66 7
67 66
66 67
66 68
68 66
68 69
69 68
70 69
62 70
69 70
70 62
70 71
71 70
72 71
71 72
71 73
73 71
70 73
69 73
73 69
73 70
73 74
74 61
74 73
74 7
74 37
37 74
