#qgen
43
38
23
14
23
32
19
45
34
11
60
27
51
51
56
34
16
27
60
60
47
62
36
41
24
11
26
11
10
9
21
45
42
20
64
46
13
34
62
24
52
38
29
13
128
1 0
1 2
2 1
2 3
4 2
2 4
5 1
2 6
7 1
8 2
9 2
2 10
1 11
1 12
12 1
10 2
11 1
1 13
1 14
1 15
16 2
17 1
18 10
10 18
15 1
1 19
2 8
1 20
10 3
13 1
2 9
1 21
22 1
1 23
18 2
1 17
2 18
24 1
25 2
1 24
1 5
6 2
26 2
27 1
1 28
29 1
1 29
21 1
30 1
28 1
2 16
20 1
3 10
19 1
1 22
23 1
31 2
3 2
1 30
2 25
1 7
1 27
0 1
14 1
2 26
2 31
2 32
32 2
10 32
32 10
19 32
32 19
32 33
33 32
33 26
26 33
33 34
26 34
34 33
34 26
32 34
34 32
35 34
32 35
35 32
34 35
35 36
36 34
36 32
34 36
36 35
32 36
32 37
37 32
37 36
36 37
36 38
38 35
38 36
35 38
39 35
39 36
36 39
35 39
32 39
39 32
40 39
33 40
40 33
34 40
40 34
39 40
41 39
32 41
36 41
41 32
41 36
39 41
41 42
42 36
39 42
42 33
42 41
42 39
32 42
33 42
42 35
35 42
