#qgen
42
36
76
199
232
1
167
168
2
164
173
30
215
237
135
71
78
112
215
14
60
56
127
213
61
146
132
166
79
229
2
76
180
44
150
122
139
203
227
219
209
238
135
128
0 1
0 2
2 3
3 4
5 2
3 6
7 1
8 2
2 7
3 9
7 10
11 8
12 10
1 3
13 2
14 1
0 10
15 6
16 1
3 17
3 18
0 19
20 10
0 21
16 8
0 22
23 0
12 14
3 24
23 11
5 1
13 10
25 1
25 10
26 7
16 5
3 27
0 7
12 1
20 11
14 5
28 20
25 7
3 29
1 10
0 26
20 8
26 1
28 8
16 28
5 25
2 1
16 25
20 2
28 1
5 7
3 30
2 10
12 3
16 13
30 22
3 31
5 11
20 1
11 2
26 2
26 10
25 11
3 15
20 13
8 13
25 2
25 32
25 33
32 33
32 34
33 34
25 34
25 35
33 35
34 35
32 35
35 21
35 36
32 36
34 36
36 37
25 37
34 37
32 37
33 36
33 37
35 37
25 36
36 38
5 38
32 38
25 38
37 38
34 38
35 38
33 38
33 39
38 39
32 39
25 39
37 39
34 39
36 39
39 40
35 40
34 40
25 40
32 40
36 40
38 40
33 40
37 40
40 41
34 41
36 41
35 41
37 41
38 41
33 41
32 41
25 41
39 41
