#qgen
32
69
202
133
167
166
89
137
78
198
85
204
165
8
4
173
63
242
32
170
52
221
56
56
114
217
74
248
166
208
228
86
72
128
0 1
0 2
1 3
0 4
1 5
6 5
7 1
8 1
8 9
8 10
0 11
1 12
13 10
1 14
8 15
0 16
17 15
3 18
0 15
0 5
19 18
20 9
18 20
3 12
8 19
1 20
21 17
19 10
13 1
1 16
0 9
0 22
23 11
17 18
24 7
0 8
16 25
0 26
24 18
13 24
24 27
0 28
0 20
19 27
17 7
14 29
0 30
3 16
0 21
0 14
8 18
0 17
13 15
7 27
10 15
1 27
13 27
21 7
19 15
19 24
13 18
24 17
24 21
1 11
13 30
7 31
8 27
8 17
8 13
16 2
0 7
8 24
5 29
21 1
4 11
16 29
29 27
13 7
0 12
0 18
18 10
21 12
19 1
0 25
19 21
21 15
2 14
23 12
0 3
0 27
23 10
17 27
21 18
19 7
23 28
21 11
23 15
8 7
21 28
0 13
14 31
0 23
14 30
0 10
3 11
0 29
18 23
7 30
18 12
21 27
21 10
18 27
13 31
19 13
0 31
3 28
8 21
17 1
19 23
13 21
0 19
2 27
13 17
0 24
19 17
15 27
0 6
24 15
