#qgen
62
125
189
29
163
119
24
63
243
161
121
118
244
18
55
21
167
2
194
72
210
184
204
60
18
10
240
186
228
214
86
228
28
127
202
91
173
68
17
106
236
116
14
35
147
79
79
116
244
250
48
132
166
134
133
18
84
49
19
213
192
118
53
256
0 1
0 2
2 3
3 4
5 4
2 6
3 7
3 8
9 8
10 3
3 11
9 12
13 12
14 4
15 9
5 16
3 17
18 11
3 19
20 3
5 21
22 4
5 23
2 24
12 14
25 23
2 7
26 14
2 27
23 28
0 29
6 11
0 30
31 14
2 32
33 26
33 31
22 14
9 27
34 30
32 35
18 36
20 37
38 30
0 15
9 39
25 6
40 5
38 41
13 19
12 42
6 39
23 43
44 22
10 33
42 7
20 44
45 12
38 46
31 27
9 47
48 39
2 28
9 31
15 22
4 43
38 4
25 14
29 24
15 49
13 35
22 38
5 41
50 3
42 17
5 42
13 20
38 31
13 28
39 12
9 49
30 51
38 19
46 50
15 41
44 42
26 5
42 4
39 11
4 19
40 52
22 47
2 47
44 50
47 42
19 28
25 2
47 3
15 2
31 32
40 20
15 31
32 14
31 42
22 23
2 12
0 34
3 16
53 38
13 54
15 35
5 43
53 8
4 41
47 4
55 27
2 51
12 19
44 38
13 40
15 32
40 32
44 2
18 39
30 56
2 35
57 5
40 49
13 5
10 58
28 49
48 32
33 32
25 8
29 21
39 14
40 10
44 23
44 18
46 6
2 22
2 9
13 41
44 11
14 7
29 16
2 36
10 15
40 43
50 59
40 28
13 57
31 59
44 33
0 60
31 19
57 39
33 6
48 16
2 26
20 15
9 42
40 57
31 11
15 58
22 17
33 52
44 32
8 43
13 38
2 17
33 11
44 15
14 28
23 59
40 27
53 61
25 40
2 16
39 43
25 35
34 29
11 59
15 50
48 22
52 11
39 3
25 17
19 17
25 22
40 22
2 39
40 60
47 17
13 39
13 22
60 4
29 8
9 41
12 59
33 24
25 9
25 41
12 5
41 28
42 11
50 42
37 26
2 23
53 51
25 20
29 61
29 39
56 46
9 23
13 47
10 9
13 49
50 52
34 53
2 41
20 38
60 41
53 49
5 35
38 11
13 16
10 44
40 19
23 41
38 23
9 24
44 47
12 61
42 14
25 39
25 31
13 24
13 60
29 54
18 12
2 19
23 16
18 4
0 10
32 47
18 47
26 9
6 23
43 17
27 4
30 8
5 17
2 38
39 7
33 12
