#qgen
32
250
247
96
98
195
251
231
174
115
172
249
191
143
185
176
85
244
213
244
143
200
43
217
216
37
183
142
158
208
10
62
210
128
0 1
0 2
2 3
0 4
5 4
5 6
4 7
1 8
8 5
9 2
10 2
11 2
12 4
13 11
14 0
8 3
15 12
15 2
14 2
11 16
0 17
14 18
3 19
1 6
0 12
15 4
20 12
21 11
22 2
2 4
8 6
1 18
11 4
14 1
21 1
16 3
0 15
14 15
8 23
11 12
16 2
0 8
1 11
20 11
20 23
24 2
8 2
14 23
23 6
7 6
10 8
18 6
8 4
0 11
8 18
10 4
16 6
11 5
25 2
26 12
16 9
14 12
0 6
15 1
0 9
2 27
14 6
1 5
1 7
2 12
15 19
5 3
28 2
1 19
2 6
13 2
18 3
23 4
1 12
12 23
15 23
15 11
26 3
13 3
14 16
0 19
14 11
16 5
15 6
1 16
3 23
29 2
29 25
12 3
18 5
0 5
11 6
15 16
2 23
20 8
1 2
0 16
18 12
4 6
2 5
30 20
8 12
14 5
5 12
28 8
3 6
9 3
7 19
22 8
9 18
11 3
26 8
8 7
10 11
1 4
15 8
16 18
3 7
16 8
31 2
10 14
11 8
22 10
