#qgen
76
250
247
96
98
85
231
244
158
191
249
141
217
230
195
143
36
174
185
142
43
213
176
21
143
251
115
244
62
244
118
216
79
200
248
172
39
28
203
199
203
210
99
94
1
108
60
37
121
4
55
82
226
249
158
10
159
218
208
254
183
106
12
114
125
255
64
70
217
201
19
87
135
46
113
187
56
256
0 1
0 2
2 3
0 3
4 3
4 5
6 3
2 7
8 3
9 2
3 10
11 2
12 3
9 13
1 14
3 15
13 16
17 2
18 2
19 8
0 20
21 13
3 22
1 13
0 23
24 3
25 16
25 14
3 26
25 2
16 5
27 1
28 3
2 6
2 23
29 3
1 16
23 30
6 24
16 14
3 5
0 8
2 5
31 15
32 30
33 2
3 16
32 25
30 5
23 5
11 21
6 5
31 3
1 3
8 34
4 13
25 5
4 25
3 35
25 23
36 12
28 25
0 5
34 2
0 28
28 2
34 6
4 1
1 24
8 2
33 37
38 3
3 39
1 5
2 24
40 2
41 3
42 3
1 28
28 24
36 33
24 23
25 3
23 3
31 42
0 14
33 23
4 24
6 23
21 1
43 3
3 37
41 44
45 3
4 14
0 24
28 5
36 42
46 2
8 23
1 8
21 0
33 25
47 3
2 13
43 42
21 6
4 6
48 3
9 21
3 49
50 3
4 8
9 25
41 12
51 3
9 23
13 5
18 21
1 23
8 28
41 51
52 3
8 13
3 53
18 23
8 24
21 23
11 25
25 13
54 2
21 30
19 33
0 34
45 55
25 24
0 13
21 5
21 2
33 3
1 6
18 3
23 14
8 5
41 36
3 56
21 28
8 25
24 13
4 30
9 8
32 2
55 3
32 35
21 14
30 13
24 5
19 1
3 30
0 6
25 30
25 6
33 22
17 3
8 6
21 25
4 2
32 8
1 25
36 3
44 33
57 2
21 34
21 4
18 25
11 9
35 22
3 58
54 59
3 14
32 23
21 8
60 3
51 36
44 3
43 36
28 6
33 30
61 53
27 32
28 34
21 24
0 4
62 3
62 55
4 28
41 42
1 2
36 44
0 25
3 61
33 58
59 2
46 33
3 63
23 13
4 23
57 25
33 61
34 3
2 30
17 8
17 64
17 65
12 64
64 63
11 65
18 65
9 65
64 56
57 65
34 64
66 34
45 66
36 66
41 66
41 67
66 12
44 66
66 67
66 68
66 69
69 12
41 69
36 69
41 68
41 70
70 66
41 71
71 69
70 71
70 51
71 36
71 72
41 72
71 73
72 51
72 74
41 74
41 75
74 75
75 36
72 75
75 51
74 36
70 75
