#qgen
32
95
40
241
26
34
211
27
31
188
30
140
65
149
85
183
153
253
91
231
52
39
127
27
160
168
92
201
127
238
224
150
84
128
0 1
0 2
0 3
1 4
0 5
6 3
6 7
8 6
8 3
0 9
0 10
11 5
12 5
7 13
0 14
11 15
16 15
0 17
18 5
0 19
8 20
21 9
6 17
22 4
12 13
6 10
18 13
23 14
12 24
22 9
2 4
12 17
18 15
7 11
3 17
2 10
0 13
8 2
0 21
14 7
19 5
0 25
1 26
19 25
18 11
2 20
21 13
10 15
27 4
28 2
13 15
16 29
28 14
2 15
3 13
8 10
18 9
0 26
27 5
5 17
15 9
8 9
0 15
28 7
0 30
28 5
22 11
2 14
9 17
12 20
28 10
0 22
22 15
22 14
27 20
8 16
27 25
13 31
3 11
4 9
19 30
26 19
2 19
22 13
1 19
6 5
7 4
23 13
7 5
14 10
0 31
0 28
10 4
10 3
8 14
10 5
11 9
3 15
8 22
22 3
21 18
3 4
4 5
14 13
0 12
14 3
18 4
0 16
20 25
22 7
13 4
16 17
7 9
21 7
21 10
8 31
16 18
28 27
5 15
18 3
14 11
8 7
14 4
0 6
13 17
19 15
6 13
21 5
