#qgen
63
49
111
105
226
180
119
20
171
33
33
169
251
228
190
210
2
2
19
40
33
10
116
41
128
159
192
213
153
195
164
24
192
204
205
168
14
136
33
213
111
78
26
234
35
232
41
210
194
49
244
164
14
43
151
148
46
199
14
77
101
48
203
136
256
1 0
2 0
0 3
4 3
4 5
4 6
7 5
2 3
4 7
2 8
4 9
4 10
11 9
12 10
13 9
14 10
5 15
7 12
16 10
4 17
14 15
14 18
10 19
20 17
11 21
7 16
22 15
22 14
11 6
23 16
24 12
25 17
26 14
13 14
12 27
4 28
20 29
7 30
31 5
11 5
21 9
13 32
27 10
14 5
9 33
34 33
26 35
23 15
23 12
21 14
28 18
36 5
37 6
4 38
39 3
23 40
41 13
23 42
11 25
22 43
36 15
44 31
14 33
45 3
13 18
46 32
6 32
47 5
5 48
11 13
11 19
23 14
27 32
41 21
36 18
4 32
21 29
25 13
49 18
8 3
38 31
9 6
38 6
4 50
38 9
28 7
29 49
23 32
38 51
41 5
12 32
21 13
52 0
42 27
53 14
38 13
22 35
33 19
26 17
36 27
36 35
31 46
40 6
40 22
42 16
31 25
53 23
4 54
5 29
9 32
5 49
44 55
28 13
17 10
56 0
36 22
17 33
41 30
11 49
30 15
53 40
25 22
43 30
41 57
16 14
7 36
11 35
58 3
28 30
35 32
36 29
22 27
28 22
44 59
42 10
5 10
23 25
51 49
7 22
41 29
7 17
31 10
26 47
40 19
22 19
28 26
60 8
4 48
59 18
38 17
25 16
59 16
29 6
53 9
26 13
49 19
16 57
24 31
37 19
7 11
47 17
59 12
33 55
35 6
23 10
5 27
26 9
57 48
4 40
16 33
31 27
10 55
26 41
17 18
42 33
11 10
58 8
4 34
16 12
28 55
42 19
31 59
7 41
25 36
4 51
20 30
20 9
23 17
28 9
59 32
25 41
29 35
42 6
23 18
38 40
47 16
23 33
14 6
43 15
26 40
21 43
37 5
58 61
11 31
23 21
33 35
36 21
33 49
36 48
46 55
25 19
40 15
28 41
29 33
17 5
31 51
44 11
36 13
11 55
20 41
7 9
8 0
12 35
13 49
38 18
9 14
49 32
7 55
25 14
9 15
40 47
58 56
13 22
38 59
11 27
62 52
26 30
40 42
31 42
21 35
35 49
13 43
2 56
21 30
22 5
20 5
28 14
36 16
33 18
25 29
4 18
38 25
25 33
13 33
4 57
9 43
