#query
32
K
C
A
Y
F
S
M
I
K
T
M
V
D
S
L
N
D
K
T
S
V
L
E
M
W
L
A
A
L
R
I
M
128
1 0
2 0
3 2
4 0
5 0
3 6
5 7
3 8
9 0
10 9
2 11
7 11
5 11
5 4
12 11
10 13
14 0
5 15
2 15
2 16
4 17
18 13
19 7
10 20
4 7
21 7
22 16
23 21
12 15
9 21
24 0
3 11
17 15
18 22
4 13
6 24
11 25
20 16
26 25
11 0
17 20
5 27
6 15
6 11
20 27
9 28
17 7
23 10
7 26
10 15
27 18
1 19
17 3
20 7
18 24
16 29
7 8
16 0
17 0
16 8
2 7
7 18
26 30
6 13
3 15
31 29
7 16
2 6
2 24
2 18
24 31
19 16
31 30
10 0
19 18
4 12
19 8
11 29
21 28
26 0
29 30
18 12
1 31
27 7
5 3
23 9
13 16
4 27
20 24
16 30
3 13
12 0
13 15
9 27
10 4
1 2
20 31
6 12
16 26
7 31
5 6
28 31
4 21
17 6
31 8
17 24
24 29
3 27
6 0
7 12
18 6
13 12
17 1
8 11
27 24
10 5
15 0
5 21
20 0
8 29
22 30
9 4
18 8
2 27
4 20
9 13
13 11
24 30
