#query
121
G
T
M
K
L
F
G
W
L
L
T
E
D
A
L
L
G
R
A
S
T
E
E
A
V
L
L
D
E
L
I
H
V
Q
K
F
S
A
T
E
A
M
V
E
D
N
L
I
A
L
Q
L
N
T
R
C
P
L
T
H
A
N
S
I
R
I
L
H
L
Y
M
Q
M
D
S
T
I
E
D
A
G
L
T
R
C
V
V
A
G
G
P
T
W
S
T
L
L
P
R
N
P
L
D
T
S
R
K
M
R
G
L
T
V
Q
T
Y
S
L
R
A
R
256
0 1
1 2
3 1
4 0
1 5
6 1
6 7
8 5
9 0
10 0
7 11
6 12
3 13
14 1
15 11
13 16
17 11
8 18
19 11
10 20
21 19
22 20
23 2
24 20
15 25
23 5
0 3
15 24
26 12
27 11
28 14
2 16
29 9
30 6
31 2
32 29
8 33
34 25
35 27
21 36
37 34
38 9
17 39
8 30
35 40
41 4
14 2
42 7
27 4
7 43
44 27
40 45
26 17
23 4
12 46
47 4
46 48
49 2
24 50
51 41
52 26
5 53
24 54
55 40
11 56
23 57
58 27
8 55
59 44
60 11
1 61
25 62
47 20
56 43
63 27
35 63
64 22
23 65
66 2
16 67
68 52
68 69
70 66
71 22
72 35
68 36
73 62
44 11
74 69
5 31
32 75
8 76
47 38
77 63
12 78
55 63
60 79
17 46
47 80
36 27
74 46
5 81
78 82
82 37
66 37
83 82
84 30
85 84
19 40
51 86
52 56
6 14
65 87
88 50
54 9
71 54
0 28
89 25
50 47
29 63
22 86
90 1
91 9
77 92
55 79
93 25
24 29
86 55
94 63
40 4
35 52
18 95
35 60
64 71
42 9
35 96
97 52
64 88
84 55
70 14
14 5
70 98
17 99
56 99
45 20
100 94
75 45
25 101
84 24
102 53
90 103
104 92
39 105
106 92
20 0
107 34
13 102
7 56
80 41
80 29
18 108
66 30
109 81
110 62
89 81
94 48
24 30
16 111
89 57
87 81
26 90
42 40
102 112
11 48
103 96
23 28
58 92
4 92
8 73
14 103
104 63
5 16
108 113
45 26
16 81
79 20
26 46
96 98
93 22
42 52
66 14
81 57
79 11
100 105
45 17
15 92
81 114
91 104
29 104
115 75
30 5
45 46
72 85
36 41
8 57
116 68
23 14
13 103
114 18
55 92
91 77
43 78
69 36
40 10
53 95
90 13
60 40
109 57
66 117
24 64
57 95
66 84
111 101
68 38
118 60
74 15
93 65
77 104
118 119
73 108
107 117
69 52
2 37
45 6
5 103
42 11
3 17
6 90
24 14
103 78
49 67
55 4
33 113
99 39
2 111
70 1
29 60
80 91
1 13
75 11
74 48
96 99
117 76
52 4
7 78
120 25
