#query
64
T
P
R
E
K
A
E
E
I
G
R
K
L
G
K
P
G
D
V
L
D
W
E
F
A
Y
E
I
I
L
F
A
I
N
V
P
A
I
Q
K
V
L
A
L
H
L
D
S
A
V
S
P
S
A
V
I
L
K
W
I
I
L
L
P
256
1 0
0 2
3 2
0 3
1 4
5 2
6 0
0 7
2 8
4 9
4 10
1 11
0 12
5 13
14 8
7 2
15 2
16 12
7 8
0 4
17 9
1 18
7 19
6 20
16 21
4 22
7 23
11 24
18 25
11 4
0 26
27 8
14 28
18 10
7 29
20 26
30 5
0 18
29 31
2 12
13 32
29 33
29 8
19 8
18 34
19 2
13 35
25 21
18 36
6 37
18 38
39 21
19 30
25 40
41 37
18 42
34 37
18 3
43 5
24 32
19 14
32 44
28 40
45 12
25 37
46 3
45 47
11 17
46 33
7 46
3 10
1 7
7 48
26 12
11 26
29 28
49 42
29 47
6 50
4 42
51 43
25 8
49 37
52 23
30 15
5 35
53 8
23 51
48 12
53 54
31 48
25 50
7 31
49 23
7 55
7 45
56 36
42 56
8 34
43 34
16 32
7 44
7 32
49 18
32 57
12 21
0 24
58 53
19 45
18 16
54 21
26 32
4 20
58 57
22 36
20 9
59 51
13 39
58 39
7 21
16 24
15 35
29 53
38 56
30 53
30 21
60 15
60 13
36 10
61 39
24 21
42 17
56 37
11 38
5 48
10 40
22 56
47 8
49 3
23 10
11 20
29 34
16 50
18 56
11 37
62 27
38 36
30 39
63 31
60 2
25 28
45 52
11 18
27 2
59 52
26 50
58 47
51 40
25 59
15 47
37 32
13 2
0 55
1 41
38 26
15 21
46 14
62 5
20 56
3 52
32 21
29 45
6 57
49 44
54 55
58 44
63 51
25 45
6 4
10 63
35 8
34 55
47 54
0 21
3 23
48 2
4 23
7 50
39 47
18 4
5 27
7 63
60 5
62 8
52 34
55 26
22 9
60 39
18 59
2 50
40 34
19 35
16 44
48 8
34 12
63 40
48 53
59 12
48 13
23 55
13 47
43 8
11 42
55 16
30 35
8 21
7 28
29 21
58 13
46 21
25 2
59 7
17 36
29 51
62 30
19 61
15 32
3 8
59 34
12 57
41 59
58 21
24 57
31 54
6 49
53 35
3 40
61 21
14 45
19 47
42 22
28 3
28 52
51 27
20 23
27 61
25 3
5 54
33 35
11 44
42 36
18 37
59 37
60 61
4 56
48 34
