#qgen
68
154
151
127
134
180
231
123
139
200
141
164
140
148
189
142
142
146
142
151
140
155
165
160
160
129
157
121
111
178
187
129
158
130
150
125
125
145
139
135
153
170
184
139
163
142
133
145
192
154
174
159
158
132
86
133
136
130
171
167
134
175
174
163
160
134
151
133
149
256
0 1
2 1
1 3
1 4
3 5
6 1
1 6
5 7
2 8
7 5
9 7
1 10
1 11
1 12
13 1
14 1
2 15
4 16
1 7
5 17
18 1
19 15
20 18
21 1
1 22
1 23
19 2
24 1
25 1
16 26
27 19
28 1
15 19
1 13
20 5
29 5
5 3
15 17
8 2
30 1
6 5
16 2
31 1
22 17
18 4
32 19
33 1
1 34
5 6
17 1
35 22
29 18
22 1
19 27
15 1
36 1
1 37
25 16
2 38
4 1
5 8
39 1
8 18
40 1
4 18
41 1
1 42
1 43
1 31
8 5
42 1
19 20
1 5
17 35
8 22
17 22
22 8
1 30
1 32
44 1
23 1
1 36
32 1
5 11
22 45
17 2
22 18
35 26
27 1
11 1
46 1
1 47
18 15
1 40
5 1
3 1
5 21
5 19
2 43
18 36
20 1
36 18
7 9
26 2
11 5
2 19
45 1
34 1
2 17
48 1
16 25
32 18
49 1
1 20
2 26
50 1
5 51
52 1
53 1
35 32
14 6
27 12
1 18
15 2
32 22
54 1
19 22
5 22
1 28
51 1
8 1
55 1
1 56
1 21
19 32
22 35
19 5
1 54
10 1
1 44
12 5
1 57
1 33
1 50
1 35
35 2
29 1
26 18
18 26
27 6
18 20
5 20
22 2
18 29
1 51
2 22
58 1
1 0
1 15
43 1
9 1
59 2
18 8
18 5
36 5
5 29
5 36
1 2
22 19
27 22
60 1
4 43
1 17
2 16
5 57
57 1
26 35
1 61
1 46
26 16
15 18
1 9
56 1
1 25
1 55
5 18
6 27
62 1
5 12
15 35
15 32
22 27
1 49
2 59
43 4
18 22
1 26
1 45
1 63
45 22
1 62
5 26
2 35
1 60
1 58
1 14
57 5
32 35
1 27
36 22
35 15
17 15
1 8
47 1
1 52
1 29
32 15
12 27
16 4
26 1
43 2
12 1
61 1
6 14
35 17
18 32
22 5
20 19
22 36
26 5
17 5
1 24
1 41
37 1
1 39
7 1
63 1
22 32
1 48
38 2
21 5
1 53
51 5
35 1
64 35
64 32
32 64
35 64
35 65
22 65
65 22
65 35
65 66
66 65
67 66
66 67
