#qgen
84
134
176
160
163
164
131
194
171
176
177
136
106
155
152
149
127
140
159
178
131
162
127
132
111
142
136
198
172
182
131
128
154
175
139
149
118
168
169
163
177
165
142
36
114
176
128
181
142
135
168
145
140
138
149
118
168
157
129
137
181
135
139
120
217
119
163
122
205
169
137
152
135
160
166
117
156
142
190
120
198
118
145
132
137
256
1 0
2 1
3 2
3 4
5 4
3 6
7 4
4 8
9 5
4 10
6 3
4 11
12 3
13 4
14 5
5 14
15 4
16 4
15 17
18 7
19 5
20 5
5 21
22 3
23 19
24 4
4 25
26 16
1 27
28 1
7 18
29 3
5 30
5 31
10 4
4 19
8 16
3 32
23 33
5 34
5 20
3 26
3 35
36 16
37 5
38 1
5 39
4 40
5 41
42 4
27 3
29 4
4 29
1 43
19 23
32 3
44 4
45 3
46 3
5 37
47 3
48 2
33 22
49 29
44 5
4 17
4 23
50 4
19 4
4 13
3 51
3 52
5 53
4 54
2 3
4 24
17 4
15 11
40 16
27 1
26 3
3 49
5 44
7 15
3 45
4 44
1 38
11 15
55 5
56 3
4 18
1 28
4 15
4 3
50 44
3 57
30 5
4 5
16 8
3 56
15 7
44 50
4 58
33 3
4 16
25 4
34 5
22 33
3 59
18 4
29 49
11 4
5 60
36 4
3 22
39 5
29 42
61 3
4 42
5 55
5 62
16 26
5 9
40 42
54 63
8 4
1 2
58 4
23 29
16 36
60 5
4 50
53 5
0 1
29 22
63 54
51 3
35 3
16 40
5 19
29 23
40 4
63 1
3 27
54 58
3 33
58 54
17 15
4 36
49 3
3 46
42 40
43 1
22 29
42 29
40 36
3 61
33 23
4 7
1 63
23 4
3 12
54 4
3 47
3 29
59 3
57 3
62 5
31 5
36 40
52 3
21 5
41 5
2 48
48 64
64 48
65 64
64 65
64 66
66 64
66 67
67 66
67 68
68 67
68 69
36 69
40 69
69 16
69 40
69 8
69 36
69 68
8 69
26 69
16 69
69 26
69 70
70 69
70 71
71 70
71 72
72 71
73 72
72 73
72 74
74 72
11 74
74 50
50 74
44 74
74 11
74 44
74 75
75 74
76 75
54 76
76 54
75 76
76 22
22 76
22 77
77 22
23 77
77 23
23 78
78 29
29 78
78 77
78 22
22 78
78 23
77 78
79 77
22 79
79 22
79 23
77 79
23 79
80 23
23 80
81 23
81 29
29 81
23 81
81 49
49 81
82 49
49 82
29 82
82 29
83 82
83 29
22 83
83 22
83 78
29 83
