#qgen
57
134
176
160
163
164
168
217
139
132
131
142
194
155
139
168
198
181
181
175
118
129
114
140
135
128
138
152
172
182
163
136
157
149
141
171
138
139
123
247
163
143
160
157
140
165
163
219
145
146
168
158
131
177
151
141
179
170
128
1 0
2 1
3 2
3 4
4 5
6 1
7 3
3 8
4 9
3 10
3 11
12 3
3 13
14 3
7 8
15 3
16 3
17 3
9 8
9 4
5 4
18 3
19 3
3 20
9 14
3 15
3 7
8 7
1 2
1 21
22 3
2 23
13 3
24 3
3 18
3 25
4 26
27 1
8 9
11 3
4 3
2 3
28 1
26 4
10 3
1 29
20 3
3 24
3 22
3 27
3 9
3 16
3 14
1 28
30 4
3 12
31 3
23 2
29 1
8 3
3 17
1 6
14 9
0 1
4 30
3 31
9 3
25 3
27 3
3 19
21 1
1 27
27 32
32 27
33 32
32 33
34 32
32 34
32 35
35 32
36 35
35 36
35 37
37 35
38 37
37 38
39 38
11 39
33 39
39 33
39 11
38 39
40 38
38 40
38 41
41 38
41 42
42 41
42 43
43 42
43 44
44 43
45 44
44 45
46 44
44 46
44 47
47 44
48 47
46 48
47 48
48 46
48 49
49 48
50 49
49 50
49 51
51 49
52 51
51 52
51 53
53 51
53 54
54 53
54 55
55 54
56 55
49 56
