#qgen
44
108
143
117
111
104
142
141
144
125
139
164
124
162
183
150
167
177
133
154
132
142
143
134
168
185
168
154
146
154
127
159
159
168
139
168
118
123
175
132
118
171
156
144
161
128
0 1
1 2
3 1
4 1
5 1
6 1
1 5
7 2
8 1
9 6
10 1
11 1
1 10
12 1
13 1
2 1
14 9
9 1
1 13
1 15
2 7
16 6
17 1
1 12
6 16
1 18
1 19
1 7
1 20
9 14
1 21
22 21
1 17
1 22
15 1
21 22
23 1
24 1
25 1
1 23
26 1
14 1
1 26
1 0
1 24
6 9
27 1
1 8
28 1
1 3
1 11
1 27
1 16
1 29
22 1
1 14
1 25
18 1
20 1
19 1
7 1
30 1
1 30
14 30
16 1
15 3
3 15
1 6
29 1
31 1
30 14
1 28
1 9
1 4
1 31
21 1
21 32
32 21
6 32
32 6
33 32
32 33
33 16
16 33
16 34
34 16
9 34
34 30
30 34
34 9
35 34
34 35
36 34
34 36
34 37
37 34
6 37
37 6
38 37
34 38
37 38
6 38
38 6
38 34
38 39
39 38
40 39
39 40
41 40
39 41
40 41
41 39
41 42
42 41
21 42
33 42
42 33
42 21
42 14
14 42
14 43
23 43
43 42
30 43
43 23
34 43
38 43
43 14
