#qgen
49
112
132
134
153
190
159
125
160
139
173
135
138
157
186
153
135
130
114
149
152
166
254
128
189
152
147
175
141
161
158
142
145
168
152
166
132
143
172
144
173
152
167
139
119
156
163
168
124
177
128
0 1
2 1
3 1
4 1
5 1
1 6
1 7
8 1
1 9
10 1
6 1
11 1
12 1
0 13
2 14
2 0
1 15
16 2
1 4
1 17
1 18
19 1
1 20
1 21
10 15
22 1
2 7
3 23
7 2
13 0
1 3
24 1
3 8
14 2
1 25
14 1
26 4
27 1
1 27
1 10
1 0
23 2
2 26
20 1
26 2
18 1
17 1
26 27
1 28
26 1
1 29
30 1
1 11
1 16
2 16
1 12
4 26
31 1
26 31
21 1
29 1
1 23
1 19
1 8
23 20
23 1
20 23
8 3
31 26
1 30
15 10
27 26
2 23
9 1
1 5
15 1
26 20
20 26
1 26
1 31
25 1
28 1
7 1
16 1
23 3
1 22
0 2
1 24
1 2
1 14
32 1
1 32
32 13
13 32
33 13
13 33
13 34
34 13
35 34
34 35
36 34
34 36
37 34
34 37
13 37
37 13
38 37
37 38
37 39
39 37
40 39
39 40
41 39
39 41
39 42
42 39
43 42
42 43
44 42
42 44
45 42
42 45
42 46
46 42
46 47
47 46
46 48
48 47
