#qgen
64
125
142
129
151
127
151
164
156
152
151
140
153
174
158
129
130
182
139
155
154
150
122
136
157
151
180
155
137
139
175
145
131
173
121
170
114
190
176
129
177
155
121
122
154
101
160
154
132
142
162
172
151
139
171
132
82
156
130
118
137
151
144
138
155
256
1 0
1 2
1 3
1 4
5 1
6 1
7 2
7 8
9 3
10 1
11 0
2 12
2 13
0 14
3 15
1 16
2 17
2 18
5 18
19 5
20 1
21 8
22 2
2 21
16 23
4 15
3 1
24 1
25 0
1 26
4 27
28 19
13 8
0 29
30 1
1 31
23 2
0 32
1 5
16 1
16 2
33 1
27 16
0 34
35 1
36 2
1 18
19 16
0 37
38 29
5 4
39 2
32 16
1 40
41 38
8 21
36 16
2 22
42 0
28 27
4 5
9 43
44 21
44 1
44 16
1 45
3 46
47 1
1 21
16 44
9 4
16 27
0 48
2 49
18 27
2 26
29 41
44 50
1 51
44 38
43 52
24 18
2 53
16 19
41 44
2 54
2 15
10 50
19 21
21 2
8 13
52 1
1 15
53 2
44 5
44 41
8 20
48 0
1 35
52 24
42 23
16 32
4 46
50 24
44 0
50 1
1 9
55 44
1 28
2 56
29 44
1 33
57 0
40 1
42 44
0 57
8 44
58 1
19 44
26 2
43 23
2 46
16 12
0 55
52 27
2 1
44 42
4 26
54 2
38 0
2 39
59 1
27 52
38 44
32 0
44 52
1 24
9 1
44 37
15 2
44 8
44 19
8 42
21 19
41 0
15 4
27 60
43 9
37 44
35 5
61 0
58 9
0 25
24 52
50 10
50 43
1 30
8 7
49 2
5 35
18 24
23 42
41 29
52 4
27 9
0 11
4 52
52 44
15 1
30 2
2 16
46 58
45 1
55 0
23 16
2 60
5 44
46 4
37 0
46 3
62 1
1 20
51 1
19 1
29 0
0 38
31 1
28 1
61 9
18 44
0 41
3 9
50 4
44 29
1 50
46 1
38 41
27 18
27 1
1 52
21 1
12 16
1 27
8 16
23 28
0 42
14 0
32 2
18 5
1 6
43 0
50 44
60 2
2 32
4 1
30 4
13 2
42 8
44 55
1 47
2 30
52 43
9 61
0 43
28 23
27 28
18 1
16 36
5 19
27 4
0 44
0 1
56 2
1 44
16 8
1 10
1 62
9 58
44 18
23 43
43 50
19 28
9 27
2 23
1 46
8 0
0 61
4 9
20 8
58 46
21 44
1 63
60 27
17 2
1 59
4 30
