#qgen
40
122
146
118
139
202
134
120
133
142
172
151
174
160
128
161
135
111
168
169
234
139
162
30
134
136
135
140
135
92
160
140
162
128
162
113
174
133
159
128
151
128
0 1
2 0
0 2
3 0
4 3
5 0
0 6
0 7
0 8
0 9
0 10
0 11
12 6
13 0
8 0
6 14
9 0
0 15
8 2
4 0
8 1
15 0
16 0
0 17
2 12
0 18
0 19
4 20
21 0
12 2
12 1
22 0
23 0
0 24
0 3
19 0
20 4
1 12
5 20
6 25
3 4
6 12
12 13
12 0
0 23
0 26
14 0
27 0
11 0
0 5
0 25
0 21
28 12
20 0
0 29
29 0
10 0
28 0
0 12
23 12
0 13
30 23
24 0
2 8
23 30
1 8
0 20
28 4
0 27
14 6
25 0
13 12
30 0
0 14
6 0
25 6
17 0
0 16
1 0
27 30
0 30
18 0
0 28
0 22
26 6
31 0
6 26
0 31
12 28
30 27
0 4
20 5
12 23
26 0
4 28
7 0
7 32
32 30
30 32
32 7
32 33
28 33
33 32
33 28
33 34
34 1
1 34
34 33
35 34
35 12
34 35
12 35
35 28
28 35
28 36
36 28
36 37
37 36
38 37
1 38
4 38
38 1
38 28
28 38
38 4
37 38
39 37
37 39
