#qgen
62
127
133
149
126
110
121
134
158
161
148
200
148
195
131
109
140
39
85
128
150
172
147
150
164
162
209
174
177
161
176
159
112
148
144
147
169
163
157
176
150
152
153
178
156
113
121
135
155
165
140
117
148
130
168
158
161
148
173
122
148
162
135
256
0 1
1 2
3 1
4 3
4 5
1 6
2 7
1 8
5 9
5 10
11 3
5 12
1 13
11 14
15 10
1 16
9 17
18 5
15 19
20 19
6 21
5 22
23 14
5 24
25 3
26 4
20 27
22 18
27 15
5 27
3 28
14 29
10 6
30 17
28 6
3 31
23 21
11 32
32 3
25 8
21 3
6 33
34 29
4 19
5 30
20 18
4 20
27 29
35 4
2 1
29 26
36 15
12 5
28 14
37 35
38 10
35 24
39 24
14 5
14 31
4 11
29 9
5 40
13 41
10 4
17 42
15 43
1 44
5 42
35 22
10 22
6 28
4 45
31 6
31 10
10 14
4 29
16 46
6 14
47 6
42 17
5 48
3 21
7 2
32 28
3 10
14 49
21 23
42 29
50 28
43 6
3 43
35 5
46 16
19 15
28 11
6 32
27 5
51 12
35 14
4 49
52 46
1 53
42 5
7 13
29 11
27 20
14 23
29 4
28 3
50 32
29 49
21 6
2 41
43 38
37 5
31 3
54 13
3 4
55 2
49 10
11 10
23 4
26 24
4 28
29 24
6 47
55 13
49 4
56 28
14 4
57 5
28 32
56 4
15 29
39 5
24 19
17 9
27 28
31 47
12 58
27 24
26 29
29 30
28 47
48 24
15 4
1 59
8 25
26 5
3 56
26 51
20 43
5 18
17 24
60 29
3 25
1 3
26 10
5 35
29 31
15 36
14 56
24 49
24 29
6 4
33 3
14 19
22 14
54 59
56 10
43 3
24 26
6 56
53 1
60 17
20 4
5 57
24 18
26 14
14 11
24 48
10 15
24 5
54 2
4 26
31 4
4 31
4 14
17 26
10 56
2 54
40 5
1 0
29 27
4 36
5 17
46 52
18 24
24 57
32 50
11 4
31 29
35 19
58 12
59 54
10 28
18 35
5 37
4 35
61 5
19 35
59 41
22 20
16 1
6 1
28 27
5 29
5 39
8 1
28 56
15 27
10 3
5 26
15 18
35 37
6 31
25 47
49 29
46 0
29 15
47 25
45 4
14 35
36 14
24 17
14 26
41 2
10 11
29 20
5 14
35 18
11 29
28 4
28 10
13 54
34 5
9 29
43 20
10 35
10 19
18 15
3 47
11 22
25 28
19 24
