#qgen
32
127
133
149
126
110
155
161
148
173
200
148
158
134
168
144
161
135
109
117
148
112
209
161
147
131
130
158
153
113
148
39
156
128
0 1
1 2
3 1
4 3
5 3
1 6
1 7
1 8
4 9
4 10
11 2
4 12
1 13
14 12
15 10
16 0
17 9
15 5
15 18
19 18
5 20
15 3
12 21
17 3
2 22
3 10
18 15
14 23
12 19
10 3
24 1
19 10
20 4
17 12
5 21
25 1
15 21
9 12
2 26
20 5
7 1
9 4
24 27
22 2
18 3
15 12
3 4
17 20
3 20
1 28
17 29
12 18
17 4
11 24
0 16
22 8
16 30
21 15
4 29
10 12
3 14
21 6
23 3
29 9
3 17
12 15
12 23
1 30
9 3
15 29
7 26
12 4
3 23
21 5
9 29
27 7
26 2
12 31
10 4
5 15
18 12
3 19
28 1
8 1
19 29
6 1
10 17
15 17
24 22
20 17
12 5
12 1
4 20
12 29
12 14
10 9
15 4
4 17
15 9
24 11
27 2
1 0
1 24
19 3
26 7
20 9
17 15
10 19
3 31
3 9
26 24
29 19
6 21
2 1
1 25
4 15
3 5
12 10
2 11
2 27
9 20
12 9
14 3
16 25
3 21
25 16
7 22
12 20
