#qgen
72
117
167
120
162
166
152
143
224
161
157
171
135
172
127
177
131
119
165
139
187
140
156
89
117
131
168
160
156
134
170
127
167
115
164
145
185
160
146
148
188
173
207
179
128
231
128
136
143
116
148
164
149
153
167
161
149
150
104
141
121
135
167
127
115
87
179
130
148
142
180
152
150
256
0 1
1 2
3 1
4 1
5 4
5 1
6 1
1 7
8 1
1 9
10 4
9 1
11 1
5 12
1 13
14 3
9 15
1 16
17 1
18 1
19 4
1 5
20 1
21 1
1 22
23 15
1 14
15 23
24 1
25 17
1 26
27 1
28 1
1 28
1 29
1 24
30 1
2 1
7 3
1 30
4 12
10 1
4 31
1 10
25 1
14 32
20 33
1 3
1 31
34 1
32 14
15 9
35 1
36 1
37 1
4 38
22 1
12 1
39 1
0 40
1 32
4 21
41 1
12 4
31 4
42 1
33 20
1 27
1 43
44 1
1 42
45 4
31 39
19 39
15 45
46 1
6 34
9 47
4 15
34 6
1 34
13 1
48 1
4 10
39 49
50 12
1 11
51 1
1 49
45 10
52 1
53 1
1 54
31 12
1 52
39 31
1 55
35 45
1 37
1 39
56 1
1 8
33 26
14 1
1 25
47 9
15 4
49 12
49 1
1 47
7 1
4 19
12 50
45 35
1 56
39 5
10 45
57 1
1 58
56 24
1 19
38 1
43 1
33 1
1 17
16 1
1 15
59 1
26 1
1 20
12 58
12 39
4 49
49 4
1 12
5 39
31 1
39 12
60 1
58 12
40 0
28 38
1 36
45 15
39 21
23 1
55 1
4 5
12 49
15 1
61 1
26 20
46 29
24 6
1 45
1 50
1 61
62 1
3 7
63 1
17 25
1 62
1 38
1 60
24 34
1 21
45 54
1 33
46 60
58 1
24 56
60 46
1 35
1 51
12 5
1 6
4 50
1 23
4 39
1 59
21 4
49 39
1 0
4 45
39 4
1 44
38 4
20 26
4 36
1 41
1 18
50 1
29 1
32 1
36 4
1 4
12 31
3 14
1 63
39 19
38 28
1 57
50 4
1 46
1 48
47 1
1 53
26 33
6 24
34 24
54 45
19 1
21 39
45 1
29 46
54 1
54 64
64 54
64 35
35 64
65 35
65 3
35 65
3 65
65 66
66 9
66 7
3 66
7 66
9 66
14 66
66 14
66 3
66 65
67 66
66 67
68 66
66 68
69 66
7 69
66 69
69 7
65 69
69 65
69 70
3 70
70 3
66 70
7 70
70 65
65 70
70 69
70 7
70 66
71 70
70 71
