#qgen
244
1
1
1
1
1
1
1
1
1
1
1
1
1
1
1
1
1
1
1
1
1
1
1
1
1
1
1
1
1
1
1
1
1
1
1
1
1
1
1
1
1
1
1
1
1
1
1
1
1
1
1
1
1
1
1
1
1
1
1
1
1
1
1
1
1
1
1
1
1
1
1
1
1
1
1
1
1
1
1
1
1
1
1
1
1
1
1
1
1
1
1
1
1
1
1
1
1
1
1
1
1
1
1
1
1
1
1
1
1
1
1
1
1
1
1
1
1
1
1
1
1
1
1
1
1
1
1
1
1
1
1
1
1
1
1
1
1
1
1
1
1
1
1
1
1
1
1
1
1
1
1
1
1
1
1
1
1
1
1
1
1
1
1
1
1
1
1
1
1
1
1
1
1
1
1
1
1
1
1
1
1
1
1
1
1
1
1
1
1
1
1
1
1
1
1
1
1
1
1
1
1
1
1
1
1
1
1
1
1
1
1
1
1
1
1
1
1
1
1
1
1
1
1
1
1
1
1
1
1
1
1
1
1
1
1
1
1
1
1
1
1
1
1
1
256
1 0
1 2
1 3
1 4
5 4
5 6
7 5
7 6
8 0
1 9
10 6
2 11
12 11
13 6
6 14
2 15
1 16
1 17
18 9
3 19
10 20
7 21
1 22
23 21
24 16
23 25
26 23
27 14
1 28
17 29
30 27
25 31
30 32
33 11
34 31
30 35
36 6
18 37
38 21
39 9
40 23
41 6
18 42
26 43
44 35
45 31
30 46
47 38
36 48
49 3
50 42
7 43
51 29
45 52
5 53
54 6
55 42
55 56
57 38
47 58
36 59
38 60
61 36
30 62
63 51
64 34
65 20
60 66
67 55
46 68
10 69
29 70
55 71
72 36
73 55
74 37
75 73
27 76
77 14
54 78
30 79
77 80
63 81
62 68
82 69
67 83
84 69
85 54
68 86
38 87
88 36
24 89
90 79
77 91
56 92
68 93
30 90
94 75
59 95
96 93
97 42
71 98
38 99
8 100
1 101
98 102
103 55
104 103
36 105
71 106
77 107
68 108
109 68
48 110
111 31
57 43
112 14
113 106
96 114
115 92
42 116
117 24
118 107
119 19
120 107
64 121
122 91
123 16
27 69
40 124
14 125
126 69
127 106
128 53
129 76
130 107
131 50
132 121
133 107
134 80
135 79
73 136
137 136
137 138
139 107
40 38
54 140
117 141
27 142
24 143
144 91
65 145
146 42
83 147
148 78
23 149
136 150
30 151
152 36
1 153
63 154
43 155
130 83
32 156
92 157
158 150
159 154
160 133
161 142
130 162
163 66
75 156
164 42
68 165
166 74
167 156
92 168
109 164
130 169
170 106
126 171
172 63
173 156
174 156
134 175
176 76
174 177
122 178
179 92
36 69
180 123
181 143
182 76
27 183
184 169
185 156
184 186
187 156
122 188
189 169
190 116
191 175
192 55
149 193
194 53
115 195
196 135
197 138
43 198
199 89
61 200
201 175
138 202
203 42
204 156
91 205
206 107
207 153
206 208
183 209
210 175
211 139
212 143
201 38
156 213
214 118
193 215
156 216
217 83
139 118
130 218
183 219
96 220
169 221
222 137
223 134
224 79
67 225
65 226
227 106
228 138
229 107
230 75
63 231
232 137
233 223
234 140
6 235
158 236
237 139
211 238
239 120
58 240
137 241
242 143
243 205
