#qgen
124
1
1
1
1
1
1
1
1
1
1
1
1
1
1
1
1
1
1
1
1
1
1
1
1
1
1
1
1
1
1
1
1
1
1
1
1
1
1
1
1
1
1
1
1
1
1
1
1
1
1
1
1
1
1
1
1
1
1
1
1
1
1
1
1
1
1
1
1
1
1
1
1
1
1
1
1
1
1
1
1
1
1
1
1
1
1
1
1
1
1
1
1
1
1
1
1
1
1
1
1
1
1
1
1
1
1
1
1
1
1
1
1
1
1
1
1
1
1
1
1
1
1
1
1
128
1 0
1 2
1 3
1 4
5 4
5 6
7 5
7 6
8 0
1 9
10 6
2 11
12 11
13 6
6 14
2 15
1 16
1 17
18 9
3 19
10 20
7 21
1 22
23 21
24 16
23 25
26 23
27 14
1 28
17 29
30 27
25 31
30 32
33 11
34 31
30 35
36 6
18 37
38 21
39 9
40 23
41 6
18 42
26 43
44 35
45 31
30 46
47 38
36 48
49 3
50 42
7 43
51 29
45 52
5 53
54 6
55 42
55 56
57 38
47 58
36 59
38 60
61 36
30 62
63 51
64 34
65 20
60 66
67 55
46 68
10 69
29 70
55 71
72 36
73 55
74 37
75 73
27 76
77 14
54 78
30 79
77 80
63 81
62 68
82 69
67 83
84 69
85 54
68 86
38 87
88 36
24 89
90 79
77 91
56 92
68 93
30 90
94 75
59 95
96 93
97 42
71 98
38 99
8 100
1 101
98 102
103 55
104 103
36 105
71 106
77 107
68 108
109 68
48 110
111 31
57 43
112 14
113 106
96 114
115 92
42 116
117 24
118 107
119 19
120 107
64 121
122 91
123 16
