#qgen
249
1
1
1
1
1
1
1
1
1
1
1
1
1
1
1
1
1
1
1
1
1
1
1
1
1
1
1
1
1
1
1
1
1
1
1
1
1
1
1
1
1
1
1
1
1
1
1
1
1
1
1
1
1
1
1
1
1
1
1
1
1
1
1
1
1
1
1
1
1
1
1
1
1
1
1
1
1
1
1
1
1
1
1
1
1
1
1
1
1
1
1
1
1
1
1
1
1
1
1
1
1
1
1
1
1
1
1
1
1
1
1
1
1
1
1
1
1
1
1
1
1
1
1
1
1
1
1
1
1
1
1
1
1
1
1
1
1
1
1
1
1
1
1
1
1
1
1
1
1
1
1
1
1
1
1
1
1
1
1
1
1
1
1
1
1
1
1
1
1
1
1
1
1
1
1
1
1
1
1
1
1
1
1
1
1
1
1
1
1
1
1
1
1
1
1
1
1
1
1
1
1
1
1
1
1
1
1
1
1
1
1
1
1
1
1
1
1
1
1
1
1
1
1
1
1
1
1
1
1
1
1
1
1
1
1
1
1
1
1
1
1
1
1
1
1
1
1
1
1
256
1 0
2 0
3 2
2 4
3 5
6 0
7 5
8 5
9 6
8 10
11 2
2 12
13 8
2 14
8 15
16 5
9 17
18 5
19 17
2 20
21 15
5 22
7 23
24 7
13 25
26 5
27 5
28 2
25 29
30 22
31 5
19 32
33 10
28 34
35 30
7 36
37 32
25 38
39 25
40 22
41 10
37 42
43 24
44 2
37 45
46 5
9 47
48 22
11 49
50 8
51 24
52 2
53 15
54 37
55 21
56 42
47 57
27 58
59 49
60 43
9 61
60 62
63 22
37 64
65 55
66 15
67 48
53 68
56 69
25 70
19 71
72 7
7 73
55 74
75 8
76 64
77 59
78 25
79 22
3 80
81 37
55 82
83 5
60 84
35 85
37 86
43 87
21 88
72 89
37 90
87 91
91 92
37 93
25 94
95 46
96 22
43 97
98 24
98 99
33 100
101 55
24 102
103 37
64 104
105 100
106 49
49 107
108 75
109 84
75 110
80 111
102 36
112 42
113 87
114 7
87 115
116 24
64 117
118 2
119 5
120 116
116 121
122 5
123 37
29 124
60 125
64 126
127 85
96 128
129 64
130 5
131 42
132 97
133 49
134 5
96 135
124 136
137 63
64 138
97 139
37 140
141 37
8 142
91 143
19 144
145 18
146 63
147 43
148 98
149 66
51 150
99 151
65 152
56 153
8 154
155 107
156 149
157 87
61 158
159 114
26 160
67 161
19 162
163 161
164 150
24 165
124 166
167 145
112 168
39 169
170 92
171 161
172 91
173 111
174 112
124 175
176 138
27 177
178 11
84 174
179 121
75 180
37 181
182 30
183 161
184 43
185 165
186 161
165 187
58 188
108 189
190 14
164 191
192 145
193 8
194 149
169 195
196 161
197 114
102 198
9 199
34 200
91 201
129 202
167 203
26 204
64 205
206 124
83 55
80 207
208 22
203 209
210 189
60 190
30 211
164 212
127 213
29 8
132 137
100 214
215 76
39 216
217 124
218 46
199 219
220 138
216 221
175 222
84 223
124 224
62 225
102 226
168 227
228 189
22 229
230 126
231 220
97 232
30 233
46 234
235 199
49 236
39 237
176 238
135 239
240 72
121 240
37 241
87 242
25 243
244 161
190 245
72 71
246 46
247 5
55 248
