#qgen
124
1
1
1
1
1
1
1
1
1
1
1
1
1
1
1
1
1
1
1
1
1
1
1
1
1
1
1
1
1
1
1
1
1
1
1
1
1
1
1
1
1
1
1
1
1
1
1
1
1
1
1
1
1
1
1
1
1
1
1
1
1
1
1
1
1
1
1
1
1
1
1
1
1
1
1
1
1
1
1
1
1
1
1
1
1
1
1
1
1
1
1
1
1
1
1
1
1
1
1
1
1
1
1
1
1
1
1
1
1
1
1
1
1
1
1
1
1
1
1
1
1
1
1
1
128
0 1
2 1
3 1
3 4
3 5
6 1
7 6
8 1
9 4
6 10
11 5
12 7
13 1
3 14
15 5
16 14
1 17
15 18
19 14
15 20
20 21
22 14
11 23
24 14
14 25
26 2
27 23
18 28
1 29
30 13
31 29
32 8
8 17
17 33
34 5
35 33
36 32
37 5
6 38
39 8
40 29
23 41
42 33
43 33
44 30
45 1
46 29
47 32
43 48
16 49
50 24
45 51
6 52
53 47
54 29
35 55
56 1
24 57
23 58
3 59
60 50
61 18
16 62
63 6
58 64
45 28
65 4
66 47
34 67
13 68
66 69
15 70
47 71
72 55
73 3
29 74
75 61
76 50
77 8
60 78
79 4
47 80
51 81
13 56
43 82
83 13
73 84
47 85
86 51
87 20
53 88
40 89
53 90
80 91
53 92
46 93
32 94
95 60
96 25
86 97
77 98
99 23
14 100
101 51
102 1
16 103
93 104
105 86
89 106
1 107
61 108
109 93
110 68
16 111
112 1
88 13
35 113
95 114
115 76
116 105
11 117
30 118
45 119
77 120
16 121
122 114
16 123
61 102
