#qgen
239
1
1
1
1
1
1
1
1
1
1
1
1
1
1
1
1
1
1
1
1
1
1
1
1
1
1
1
1
1
1
1
1
1
1
1
1
1
1
1
1
1
1
1
1
1
1
1
1
1
1
1
1
1
1
1
1
1
1
1
1
1
1
1
1
1
1
1
1
1
1
1
1
1
1
1
1
1
1
1
1
1
1
1
1
1
1
1
1
1
1
1
1
1
1
1
1
1
1
1
1
1
1
1
1
1
1
1
1
1
1
1
1
1
1
1
1
1
1
1
1
1
1
1
1
1
1
1
1
1
1
1
1
1
1
1
1
1
1
1
1
1
1
1
1
1
1
1
1
1
1
1
1
1
1
1
1
1
1
1
1
1
1
1
1
1
1
1
1
1
1
1
1
1
1
1
1
1
1
1
1
1
1
1
1
1
1
1
1
1
1
1
1
1
1
1
1
1
1
1
1
1
1
1
1
1
1
1
1
1
1
1
1
1
1
1
1
1
1
1
1
1
1
1
1
1
1
1
1
1
1
1
1
1
1
1
1
1
1
1
256
0 1
1 2
3 2
4 3
3 5
6 1
7 2
1 8
1 9
10 7
10 11
1 12
13 1
7 14
15 4
10 16
17 8
15 18
19 1
15 20
21 7
10 22
15 23
24 22
14 25
26 25
27 10
28 2
29 1
9 30
31 29
15 32
15 33
34 27
35 17
36 12
3 37
7 38
39 17
34 9
40 39
41 10
42 10
43 6
34 44
31 45
46 37
47 14
48 30
48 49
7 50
1 51
49 25
46 52
53 50
54 5
55 49
56 27
15 57
58 1
59 49
10 60
33 61
62 23
62 63
4 64
65 49
66 7
67 17
68 17
69 27
17 70
39 71
72 49
32 73
74 27
75 30
76 19
53 77
1 78
79 18
70 80
81 1
82 60
78 64
1 83
73 84
85 56
39 86
14 87
88 63
31 89
34 90
91 25
70 92
93 34
34 94
95 49
48 96
97 65
85 98
99 95
98 100
101 41
102 66
103 43
104 85
105 2
106 78
79 55
107 5
75 1
45 108
109 8
110 87
22 111
10 112
113 76
114 106
115 67
100 116
117 74
118 111
119 30
120 107
91 121
81 122
35 123
124 34
125 22
126 1
17 127
15 128
1 112
129 79
130 105
60 131
56 132
133 111
127 26
134 130
135 126
30 136
53 102
137 1
134 138
139 85
140 14
141 91
142 72
104 143
144 69
145 18
101 146
107 147
8 148
60 149
56 150
151 56
107 152
91 153
61 154
130 155
156 107
62 157
158 70
97 80
132 159
160 136
161 55
162 4
163 135
43 164
37 165
125 38
166 48
34 167
168 136
169 70
137 170
166 60
171 22
172 49
85 173
134 174
3 155
97 163
32 175
70 176
177 164
178 149
176 179
57 180
181 126
182 120
183 127
31 130
34 184
185 103
10 186
187 101
110 180
188 170
189 150
162 190
31 191
192 30
15 193
194 4
107 195
196 182
197 73
198 136
199 47
200 176
106 201
202 55
92 203
204 143
205 136
83 206
207 125
208 135
209 145
210 73
211 79
101 212
213 107
120 214
15 215
126 216
33 217
218 143
219 111
220 3
221 125
150 222
37 223
145 224
168 225
172 170
137 226
35 216
227 108
228 211
15 171
15 229
230 46
117 231
232 190
218 233
234 224
107 235
236 137
162 237
238 201
