#qgen
242
1
1
1
1
1
1
1
1
1
1
1
1
1
1
1
1
1
1
1
1
1
1
1
1
1
1
1
1
1
1
1
1
1
1
1
1
1
1
1
1
1
1
1
1
1
1
1
1
1
1
1
1
1
1
1
1
1
1
1
1
1
1
1
1
1
1
1
1
1
1
1
1
1
1
1
1
1
1
1
1
1
1
1
1
1
1
1
1
1
1
1
1
1
1
1
1
1
1
1
1
1
1
1
1
1
1
1
1
1
1
1
1
1
1
1
1
1
1
1
1
1
1
1
1
1
1
1
1
1
1
1
1
1
1
1
1
1
1
1
1
1
1
1
1
1
1
1
1
1
1
1
1
1
1
1
1
1
1
1
1
1
1
1
1
1
1
1
1
1
1
1
1
1
1
1
1
1
1
1
1
1
1
1
1
1
1
1
1
1
1
1
1
1
1
1
1
1
1
1
1
1
1
1
1
1
1
1
1
1
1
1
1
1
1
1
1
1
1
1
1
1
1
1
1
1
1
1
1
1
1
1
1
1
1
1
1
1
1
1
1
1
1
256
0 1
2 1
3 1
4 1
5 3
5 6
7 6
8 1
9 1
10 9
11 2
12 9
13 8
11 14
10 15
8 16
17 14
8 18
19 1
20 11
21 16
22 14
10 23
24 3
25 19
8 26
27 1
28 9
29 8
1 30
31 1
32 18
33 18
7 34
32 35
36 14
37 1
38 35
39 18
8 40
36 41
42 29
41 43
44 21
25 45
27 46
47 44
48 18
49 1
39 1
50 3
46 51
52 35
25 53
54 1
24 55
44 56
57 3
48 58
32 6
5 59
53 60
46 61
42 62
63 2
64 45
7 65
66 6
44 67
44 68
17 69
40 70
27 71
15 72
73 6
0 74
75 63
76 1
35 77
70 78
79 5
42 80
63 81
60 82
16 1
83 66
36 17
69 84
85 72
86 6
87 78
88 82
89 82
59 90
91 56
92 89
93 33
63 94
6 95
96 1
97 29
98 30
55 99
70 100
101 55
102 61
71 103
42 104
105 65
15 106
107 27
108 71
109 67
8 110
50 111
112 71
98 113
73 114
57 115
116 83
83 117
50 118
119 78
120 76
11 121
122 37
75 123
124 57
125 1
86 126
60 127
128 43
129 6
8 130
131 8
132 72
133 86
134 103
135 1
136 45
137 128
38 138
10 60
139 80
140 47
71 141
142 42
143 30
32 144
117 145
146 1
1 147
148 37
101 149
97 150
53 151
7 152
49 153
127 154
9 114
136 8
155 52
156 58
14 157
158 60
70 159
160 109
161 15
162 42
112 128
163 70
44 35
164 163
165 83
137 166
167 56
168 14
24 169
170 96
55 171
172 1
99 173
174 56
45 175
55 124
176 6
113 177
61 178
126 61
163 88
72 166
179 71
180 160
181 154
182 91
183 56
184 58
44 185
186 73
112 187
188 181
189 171
160 190
191 182
192 82
131 193
194 57
108 195
196 171
183 197
184 198
199 178
200 102
201 50
202 30
203 178
204 57
170 205
49 206
207 136
208 70
209 147
24 210
211 55
212 117
213 145
214 124
198 215
206 216
11 217
218 117
219 199
220 216
84 221
196 222
223 96
25 224
225 43
226 8
227 3
28 228
229 221
208 230
231 154
232 50
233 14
123 234
122 235
213 236
192 237
238 51
239 61
183 119
240 80
129 241
232 21
