#qgen
125
1
1
1
1
1
1
1
1
1
1
1
1
1
1
1
1
1
1
1
1
1
1
1
1
1
1
1
1
1
1
1
1
1
1
1
1
1
1
1
1
1
1
1
1
1
1
1
1
1
1
1
1
1
1
1
1
1
1
1
1
1
1
1
1
1
1
1
1
1
1
1
1
1
1
1
1
1
1
1
1
1
1
1
1
1
1
1
1
1
1
1
1
1
1
1
1
1
1
1
1
1
1
1
1
1
1
1
1
1
1
1
1
1
1
1
1
1
1
1
1
1
1
1
1
1
128
1 0
2 0
3 0
4 0
5 0
6 3
5 7
8 2
5 9
10 3
11 6
12 9
10 13
12 14
5 15
12 16
12 17
12 18
19 1
20 12
21 0
8 22
23 16
5 24
22 25
12 26
8 27
23 28
11 29
30 7
31 26
32 7
33 19
34 1
35 16
36 21
27 37
6 38
31 39
20 14
40 22
24 41
42 9
43 16
20 44
45 26
46 9
10 47
19 48
49 16
50 48
51 21
52 40
31 53
54 35
55 35
56 9
57 4
27 58
31 59
60 21
61 19
62 55
63 0
24 64
23 65
66 33
67 9
37 68
69 28
70 35
71 12
6 72
62 73
47 74
47 75
36 76
74 77
78 74
79 78
80 21
81 75
82 34
9 83
84 51
85 16
86 77
76 87
88 26
89 32
42 90
91 73
92 77
93 32
94 75
95 21
82 96
97 35
98 45
99 46
100 91
101 4
102 75
3 103
100 104
105 37
79 106
107 55
31 108
109 75
78 55
110 75
111 67
107 112
113 90
69 19
20 114
115 80
3 116
117 67
9 118
119 66
31 120
112 121
114 122
123 6
124 18
98 121
