#qgen
236
1
1
1
1
1
1
1
1
1
1
1
1
1
1
1
1
1
1
1
1
1
1
1
1
1
1
1
1
1
1
1
1
1
1
1
1
1
1
1
1
1
1
1
1
1
1
1
1
1
1
1
1
1
1
1
1
1
1
1
1
1
1
1
1
1
1
1
1
1
1
1
1
1
1
1
1
1
1
1
1
1
1
1
1
1
1
1
1
1
1
1
1
1
1
1
1
1
1
1
1
1
1
1
1
1
1
1
1
1
1
1
1
1
1
1
1
1
1
1
1
1
1
1
1
1
1
1
1
1
1
1
1
1
1
1
1
1
1
1
1
1
1
1
1
1
1
1
1
1
1
1
1
1
1
1
1
1
1
1
1
1
1
1
1
1
1
1
1
1
1
1
1
1
1
1
1
1
1
1
1
1
1
1
1
1
1
1
1
1
1
1
1
1
1
1
1
1
1
1
1
1
1
1
1
1
1
1
1
1
1
1
1
1
1
1
1
1
1
1
1
1
1
1
1
1
1
1
1
1
1
1
1
1
1
1
1
256
0 1
1 2
1 3
4 3
5 3
6 3
5 7
5 2
5 8
3 9
10 3
8 11
12 11
13 10
14 12
15 12
13 16
17 12
18 12
12 19
17 20
21 10
22 12
16 23
12 24
21 25
26 14
27 20
28 27
20 29
30 12
31 27
8 32
23 33
34 28
35 25
36 12
37 22
35 38
26 39
40 31
41 11
12 42
32 43
44 17
45 38
46 28
47 12
26 48
37 12
37 49
22 50
32 19
51 11
52 7
32 53
48 54
30 55
56 19
57 51
12 58
47 41
47 59
60 12
23 61
62 41
63 55
44 64
65 20
66 53
67 25
11 68
69 64
70 39
71 56
72 22
26 73
74 33
75 43
76 70
77 47
48 20
25 78
72 79
80 25
26 81
41 82
16 83
84 70
85 61
86 8
87 78
88 33
72 89
12 66
65 90
91 41
92 85
93 38
94 66
95 74
73 96
73 97
73 98
27 99
100 55
101 7
62 102
103 94
104 55
105 50
58 55
106 75
81 107
45 108
109 3
110 11
91 111
21 112
113 93
114 59
115 22
90 116
96 117
114 118
119 94
69 120
48 121
92 122
123 110
12 124
125 67
79 126
127 92
37 75
128 110
129 41
130 38
131 62
132 33
98 133
125 134
94 135
69 136
89 137
138 20
139 70
140 93
130 141
91 142
76 143
144 62
118 145
146 51
147 45
115 148
149 29
130 150
151 33
148 152
153 123
154 42
155 74
72 156
157 12
118 158
110 59
54 159
160 12
161 139
91 162
163 136
130 164
165 54
166 58
167 74
73 168
148 169
37 170
66 107
89 171
130 172
147 173
69 174
175 25
176 29
82 42
66 55
77 12
177 73
178 52
152 179
125 180
181 148
62 182
183 134
105 184
185 131
186 23
187 119
188 105
178 129
92 189
190 74
15 158
167 191
178 192
92 193
149 194
86 28
195 181
196 64
197 190
198 156
150 199
200 19
196 201
202 9
75 203
204 11
89 205
206 148
192 207
208 42
113 209
166 53
206 210
69 44
12 149
211 23
195 212
136 213
185 214
215 89
23 216
217 200
73 218
219 12
220 91
221 33
222 43
223 81
101 224
225 29
44 226
58 227
47 204
228 38
229 61
204 139
44 230
174 231
75 232
22 233
221 234
217 235
