#qgen
122
1
1
1
1
1
1
1
1
1
1
1
1
1
1
1
1
1
1
1
1
1
1
1
1
1
1
1
1
1
1
1
1
1
1
1
1
1
1
1
1
1
1
1
1
1
1
1
1
1
1
1
1
1
1
1
1
1
1
1
1
1
1
1
1
1
1
1
1
1
1
1
1
1
1
1
1
1
1
1
1
1
1
1
1
1
1
1
1
1
1
1
1
1
1
1
1
1
1
1
1
1
1
1
1
1
1
1
1
1
1
1
1
1
1
1
1
1
1
1
1
1
1
128
0 1
1 2
1 3
4 3
5 3
6 3
5 7
5 2
5 8
3 9
10 3
8 11
12 11
13 10
14 12
15 12
13 16
17 12
18 12
12 19
17 20
21 10
22 12
16 23
12 24
21 25
26 14
27 20
28 27
20 29
30 12
31 27
8 32
23 33
34 28
35 25
36 12
37 22
35 38
26 39
40 31
41 11
12 42
32 43
44 17
45 38
46 28
47 12
26 48
37 12
37 49
22 50
32 19
51 11
52 7
32 53
48 54
30 55
56 19
57 51
12 58
47 41
47 59
60 12
23 61
62 41
63 55
44 64
65 20
66 53
67 25
11 68
69 64
70 39
71 56
72 22
26 73
74 33
75 43
76 70
77 47
48 20
25 78
72 79
80 25
26 81
41 82
16 83
84 70
85 61
86 8
87 78
88 33
72 89
12 66
65 90
91 41
92 85
93 38
94 66
95 74
73 96
73 97
73 98
27 99
100 55
101 7
62 102
103 94
104 55
105 50
58 55
106 75
81 107
45 108
109 3
110 11
91 111
21 112
113 93
114 59
115 22
90 116
96 117
114 118
119 94
69 120
48 121
