#qgen
46
193
364
442
874
445
455
804
150
786
953
427
97
297
231
134
119
239
712
369
200
508
186
563
712
860
147
960
686
749
1007
398
761
588
207
817
39
887
432
759
695
203
620
357
468
510
665
128
0 1
2 1
1 2
1 3
4 1
5 1
6 4
7 4
8 4
9 4
4 10
4 11
4 12
7 13
4 14
3 1
15 6
4 7
16 4
6 17
13 17
18 7
4 16
13 16
18 4
4 18
1 5
1 19
4 20
17 13
21 1
19 22
23 4
4 23
4 9
4 15
12 4
1 21
1 24
1 0
7 18
4 13
25 4
1 4
4 26
16 13
4 6
27 1
4 28
15 28
13 23
19 1
20 4
4 17
22 19
4 8
11 4
26 25
4 25
25 26
13 29
10 4
29 13
4 29
29 4
22 2
30 4
1 27
15 4
6 15
1 31
24 1
31 1
17 6
4 30
17 4
13 4
14 4
13 7
13 12
28 4
26 4
28 15
2 22
23 13
12 13
12 32
32 12
32 13
13 32
13 33
33 13
13 34
34 13
34 33
33 34
33 35
35 17
35 33
17 35
35 13
13 35
36 13
13 36
37 13
13 37
13 38
9 38
38 9
38 23
23 38
38 13
39 38
38 39
40 38
38 40
41 38
38 41
42 38
38 42
38 43
43 38
43 44
44 13
44 43
13 44
45 13
13 45
