#qgen
72
193
364
442
874
445
761
953
382
979
893
786
649
147
473
672
134
937
903
1007
960
156
911
1023
712
186
860
804
311
712
384
200
563
743
231
119
369
297
886
818
427
634
694
150
749
196
852
686
28
540
115
759
341
898
455
398
833
261
239
508
599
97
842
960
65
536
10
240
207
817
39
989
205
256
0 1
2 1
1 2
1 3
4 1
5 1
6 4
6 7
6 8
6 9
10 4
11 4
4 11
7 12
4 13
4 6
14 6
15 4
6 16
17 6
18 7
19 7
6 20
18 21
22 6
23 4
24 1
1 25
6 14
19 21
4 15
23 26
6 27
28 4
18 4
26 4
6 29
1 4
30 1
31 30
18 16
6 21
32 6
1 5
33 4
26 34
35 4
2 31
36 4
37 28
23 21
25 1
16 38
39 4
33 40
4 38
7 38
37 33
34 4
38 33
28 33
6 17
33 38
41 4
21 12
42 4
11 23
43 38
44 4
19 12
35 42
43 34
40 33
45 6
1 46
47 4
6 48
12 4
6 49
7 18
4 28
4 35
12 19
33 18
6 50
51 6
50 28
38 22
52 6
53 1
32 19
54 4
8 6
20 18
12 7
42 33
32 38
46 1
50 33
4 42
38 16
33 42
4 43
50 13
55 6
4 12
28 37
19 29
6 56
4 33
57 4
49 6
58 4
22 38
4 10
11 33
19 4
33 51
6 52
18 32
51 33
1 24
28 50
6 51
29 18
6 59
60 4
12 21
20 6
4 18
21 18
42 35
4 36
21 19
12 16
16 6
34 26
48 6
4 60
4 57
33 11
50 6
23 11
21 23
4 19
19 16
37 4
6 40
61 6
16 19
36 33
29 6
18 22
23 41
19 32
4 41
4 34
33 36
62 19
62 6
1 53
6 61
27 6
4 39
4 26
33 37
16 18
33 50
13 4
19 62
1 0
41 23
1 30
13 50
16 12
4 44
4 23
26 23
40 6
18 20
6 55
56 6
33 57
30 31
4 58
18 29
58 52
4 63
59 6
29 19
32 18
9 6
31 2
38 43
38 7
4 37
56 32
52 58
34 43
4 47
19 20
57 33
33 23
22 18
21 6
6 32
20 19
7 19
4 54
38 4
3 1
6 45
18 33
32 56
43 4
22 19
7 6
63 4
33 28
38 32
23 33
6 62
19 22
6 22
64 6
33 64
6 64
64 33
33 65
65 33
64 65
65 64
65 66
66 65
66 33
33 66
33 67
67 33
68 33
68 67
33 68
67 68
69 67
33 69
69 33
69 23
23 69
67 69
70 67
67 70
70 33
70 68
33 70
68 70
70 71
71 68
