#qgen
32
84
971
664
224
260
693
140
630
1001
900
86
772
112
551
436
532
442
616
618
832
734
709
179
339
20
383
687
720
79
389
781
591
128
0 1
1 2
3 1
3 4
1 5
6 3
7 3
8 3
5 9
7 10
5 11
12 3
13 3
14 3
15 10
13 16
15 7
9 17
12 17
18 3
10 15
17 19
15 20
3 21
5 1
1 22
14 19
11 17
11 3
9 23
21 10
3 24
19 17
1 0
19 7
19 25
15 9
24 21
9 21
9 3
22 11
23 26
11 21
3 16
7 17
7 26
19 23
19 20
25 19
15 11
3 19
10 21
11 22
23 21
11 19
23 11
27 21
7 23
25 3
23 3
17 26
28 15
7 12
23 12
25 15
21 17
22 9
10 5
23 15
3 23
17 9
9 15
3 7
3 10
21 9
7 11
9 22
7 19
29 3
23 7
3 18
11 7
2 1
15 21
21 7
12 21
7 9
7 21
3 6
12 19
17 11
29 19
23 9
3 20
11 15
28 3
21 19
20 3
19 14
15 17
4 3
30 3
21 3
24 3
26 7
20 15
15 23
26 21
3 8
22 1
7 15
31 3
9 19
17 7
1 3
23 19
3 15
9 7
10 3
3 13
3 30
21 26
28 27
11 23
21 27
21 11
19 29
21 15
