#qgen
33
105
687
110
996
981
881
778
798
894
671
224
419
604
144
599
1004
111
858
94
452
993
449
564
712
353
942
111
386
779
2
625
7
286
128
0 1
0 2
0 3
0 4
0 5
6 2
6 7
8 0
0 6
0 9
6 10
11 6
9 12
7 6
13 0
0 14
14 6
15 6
16 9
8 14
17 0
6 18
6 19
10 6
1 20
6 16
21 9
6 20
3 6
6 3
6 0
9 16
22 6
23 6
0 8
0 24
6 23
14 25
3 0
9 21
0 20
0 19
6 21
0 22
17 15
20 9
0 11
12 6
6 25
0 26
17 3
0 27
6 11
26 0
25 14
24 0
0 23
14 8
12 9
6 1
28 0
20 0
9 0
14 0
15 0
6 12
29 0
9 23
2 6
6 9
18 6
6 28
21 6
21 0
19 6
25 6
4 0
9 20
16 0
0 28
0 12
0 7
1 0
6 15
5 0
22 0
15 17
7 0
0 17
9 6
0 10
6 24
30 0
6 4
0 25
1 6
19 0
25 0
10 0
0 15
0 18
2 0
24 6
0 13
16 6
20 1
20 6
18 0
27 0
23 0
4 6
31 0
6 14
0 30
0 16
0 21
11 0
12 0
23 9
6 22
0 31
0 29
28 6
3 17
3 32
1 32
32 1
32 3
