#qgen
32
184
308
320
230
77
712
281
263
504
62
364
578
847
261
522
684
593
856
960
546
124
56
31
732
560
432
625
464
121
953
812
64
128
0 1
0 2
0 3
0 4
5 0
6 5
0 7
5 6
0 8
0 9
0 10
11 0
0 12
13 9
0 14
15 5
0 16
14 0
13 3
0 17
16 13
18 0
13 16
19 17
4 7
20 13
21 5
20 22
5 15
17 19
15 13
13 6
0 23
0 18
7 13
4 11
0 24
13 22
16 0
0 25
0 26
4 17
7 17
0 22
13 0
19 11
12 16
27 0
0 20
8 0
17 4
19 13
4 12
26 0
22 13
17 13
0 28
3 13
13 27
28 6
22 0
27 11
4 0
17 1
13 17
27 12
13 15
26 13
6 28
0 29
17 16
8 6
7 4
12 4
11 27
12 15
0 11
15 0
0 30
0 19
5 8
11 4
22 28
21 13
9 13
13 19
11 16
11 19
2 0
4 13
12 0
8 5
20 0
7 0
16 17
17 27
0 13
8 21
13 11
14 6
11 13
17 5
1 0
0 15
22 20
13 14
13 26
0 5
0 27
13 21
30 0
5 21
3 0
0 21
9 0
17 20
17 28
24 31
13 4
31 24
19 0
21 8
13 2
5 17
27 17
17 0
21 0
28 22
