#qgen
61
184
320
560
464
308
261
669
712
866
772
522
504
578
960
440
281
478
856
611
546
737
938
847
684
534
960
230
108
141
263
124
432
446
31
56
364
593
77
73
121
625
64
62
996
609
648
218
181
453
597
218
648
812
953
880
653
605
732
369
769
983
256
0 1
0 2
0 3
0 4
5 0
6 5
7 0
8 5
9 8
10 0
11 0
12 3
0 13
8 12
0 6
5 14
0 15
1 16
17 3
0 18
19 14
1 6
12 20
21 20
5 21
17 20
6 22
22 23
24 5
21 24
25 19
21 7
0 26
0 9
8 9
27 5
0 12
28 17
27 1
0 29
0 17
5 24
23 7
30 0
6 1
14 21
14 20
6 3
0 11
31 0
25 5
21 29
5 20
32 0
21 33
20 24
0 10
5 19
20 19
34 7
27 3
21 14
35 0
5 36
37 17
17 30
18 38
20 27
8 6
0 31
29 21
8 27
19 5
10 5
19 12
15 39
4 0
22 3
0 40
41 0
21 5
42 5
43 25
25 20
44 11
20 25
37 12
24 12
6 0
20 5
1 45
25 6
2 0
20 3
46 21
24 25
0 5
12 37
47 14
45 8
21 12
20 6
36 0
0 21
27 37
18 21
21 17
46 48
0 49
50 18
0 24
27 6
1 51
0 52
3 20
29 20
27 21
30 50
14 5
53 44
5 29
12 14
6 36
6 12
29 37
38 1
3 12
33 39
24 22
39 33
9 6
6 21
6 26
15 11
7 34
5 17
5 30
46 1
5 25
40 5
46 45
23 5
25 31
21 0
18 5
9 0
37 29
1 54
52 0
5 34
24 0
6 17
44 34
14 12
25 35
25 37
24 27
43 0
21 55
17 36
34 0
3 14
44 0
38 8
53 25
15 25
35 25
5 1
25 36
48 1
20 12
36 22
36 14
29 6
0 30
0 50
25 14
29 27
41 2
17 38
2 56
6 20
18 0
1 38
0 44
0 36
57 0
27 29
1 48
37 25
36 12
17 4
1 58
19 20
25 24
40 0
55 5
20 22
27 4
3 27
0 7
50 30
19 0
15 21
12 5
3 0
17 59
0 42
0 8
60 45
38 18
5 27
6 27
36 25
8 38
7 17
32 53
12 24
26 5
15 0
15 7
51 50
6 29
17 37
18 50
3 6
20 21
47 0
0 28
53 0
22 6
0 47
0 41
11 44
17 21
47 5
30 17
33 5
26 6
20 36
30 5
45 1
1 0
21 46
23 0
55 12
59 2
0 35
58 1
21 15
28 0
17 28
15 44
15 10
29 5
15 5
