#qgen
64
718
358
727
1012
1013
209
876
47
52
552
282
177
511
958
812
32
641
318
1007
419
459
735
144
190
1012
277
115
491
36
445
207
177
820
668
85
522
46
901
468
1004
735
142
292
468
533
819
279
82
816
145
30
149
579
314
597
253
784
1022
857
423
157
848
588
261
256
0 1
1 2
2 3
3 4
5 1
6 2
3 2
7 1
1 8
1 9
10 1
11 1
12 3
13 10
14 2
15 11
1 16
10 8
10 16
10 17
18 17
19 1
1 5
20 17
17 20
8 1
17 21
22 1
8 10
17 1
23 1
24 3
2 25
1 18
3 26
11 27
28 17
29 1
13 1
1 30
15 3
31 10
2 14
32 1
12 4
33 24
1 34
32 10
17 10
25 35
33 2
10 36
1 37
38 2
10 23
1 32
12 39
7 10
27 1
2 40
15 41
10 7
31 42
1 23
12 11
43 2
35 25
10 31
23 10
1 44
10 45
1 46
17 46
34 47
2 48
49 1
50 24
4 3
31 51
51 3
52 2
53 1
1 47
8 17
27 11
11 15
10 41
2 54
30 1
42 20
17 18
33 54
18 1
45 10
54 52
42 55
52 54
41 30
52 3
16 10
47 34
1 17
46 17
18 10
56 42
1 42
42 31
24 50
56 5
21 17
57 1
52 33
54 58
34 1
48 2
37 10
35 38
33 52
56 44
1 28
28 10
36 10
38 35
25 24
55 1
54 33
24 35
28 1
42 17
45 1
24 40
49 10
9 1
17 8
46 1
44 1
10 49
1 10
56 57
1 29
30 41
42 1
58 52
35 24
3 12
2 52
3 52
59 2
2 1
3 24
25 2
58 24
1 60
2 43
17 16
2 6
16 1
44 5
10 42
57 56
45 17
2 58
46 10
1 13
36 31
54 35
61 1
4 39
1 41
20 1
10 18
42 56
3 15
10 28
20 42
31 36
40 24
60 1
47 1
1 20
11 12
12 27
54 42
16 17
1 0
29 10
1 56
41 1
1 62
10 32
31 1
42 54
38 24
24 58
52 58
17 45
17 42
37 1
21 1
20 29
3 39
24 33
39 12
54 24
50 2
26 3
17 28
62 1
21 10
1 31
2 38
58 2
41 10
2 33
1 11
42 10
58 54
1 55
51 31
1 53
10 46
1 61
1 57
5 44
44 56
1 19
54 2
27 12
36 1
10 29
39 3
41 15
3 63
56 1
10 13
24 38
17 49
35 2
1 7
3 51
40 2
4 12
24 25
1 49
29 20
55 42
49 17
10 37
1 27
5 56
35 54
39 4
10 21
1 22
2 59
24 54
