#qgen
64
580
574
793
459
896
719
850
687
133
566
469
153
648
1000
301
674
906
133
875
916
145
241
540
571
565
792
354
1024
875
238
198
41
292
501
742
1
591
616
493
837
563
25
653
959
471
674
395
238
75
772
89
156
922
701
733
636
10
859
803
643
532
541
301
603
256
0 1
2 0
3 0
4 0
5 0
6 5
7 0
8 0
9 0
0 10
7 11
10 6
0 12
5 13
14 0
0 15
15 16
17 12
5 18
19 9
0 20
0 9
17 21
0 7
11 7
0 22
0 23
24 0
11 0
0 21
21 25
6 26
0 27
21 5
28 0
0 17
5 29
30 21
16 15
24 31
0 5
21 6
26 22
15 0
32 0
6 13
33 0
34 0
5 6
0 26
16 0
20 35
0 33
0 36
21 30
37 22
38 0
39 35
22 0
21 40
0 2
17 0
27 0
36 0
22 35
21 35
25 0
41 0
12 42
0 13
40 0
25 21
17 23
0 11
0 34
0 43
21 22
6 9
10 0
35 0
40 17
21 17
0 30
22 28
22 26
28 22
25 17
0 3
35 21
0 35
25 35
40 44
13 0
45 0
26 0
0 46
0 45
20 47
48 0
42 12
35 20
20 39
21 0
37 0
35 28
6 23
42 0
20 17
0 38
23 39
37 40
19 49
5 8
0 16
15 3
50 0
35 22
0 37
51 0
9 19
0 42
43 0
9 12
3 15
6 21
42 31
9 6
26 6
16 27
37 35
0 31
52 0
19 40
12 25
23 20
30 6
0 44
0 39
0 53
0 14
39 37
0 48
35 25
16 3
0 54
39 0
22 21
0 6
6 30
0 51
27 16
39 20
3 16
0 8
0 55
0 56
0 18
21 23
12 9
47 21
20 21
22 37
0 49
57 0
20 0
35 23
35 37
29 5
40 37
0 4
20 23
47 35
18 0
29 9
55 0
23 6
44 40
0 24
9 29
13 3
44 0
0 19
56 0
39 23
29 0
31 0
42 23
5 21
0 29
54 0
0 58
23 42
0 28
59 0
0 25
13 6
0 50
0 60
0 47
0 59
60 0
40 21
55 61
23 17
49 0
53 0
0 62
63 0
40 19
23 47
23 35
35 39
39 28
37 39
23 21
30 0
23 0
17 20
21 20
18 5
0 61
31 42
47 0
61 0
6 0
13 5
47 20
12 0
6 10
29 20
46 0
21 47
62 0
0 57
1 0
23 29
17 25
3 13
35 47
0 41
0 63
20 29
0 52
61 55
49 19
28 35
19 0
28 39
12 17
31 24
8 5
25 12
29 23
17 40
47 23
0 40
