#qgen
62
74
292
384
326
65
466
176
969
196
960
40
59
125
285
572
293
223
324
753
93
362
518
442
450
379
877
626
121
945
565
246
460
565
26
472
208
289
1019
325
856
875
192
456
693
242
260
827
923
406
908
536
906
760
530
724
209
876
392
323
151
734
895
256
0 1
0 2
3 2
4 2
5 4
6 5
5 7
8 5
5 8
5 9
8 10
10 11
4 5
12 7
7 13
4 14
15 13
13 15
16 8
12 17
5 18
1 19
20 12
2 3
17 10
21 4
5 22
10 6
6 23
5 11
24 12
25 7
26 4
27 7
28 5
2 0
7 25
16 20
11 20
29 24
5 30
11 10
24 31
16 5
32 5
8 12
13 5
15 5
11 7
33 4
5 34
14 30
35 4
36 4
16 17
37 24
38 5
39 34
12 5
17 30
5 31
5 40
6 18
41 5
24 34
34 17
42 5
43 5
44 11
2 45
11 5
46 24
12 24
5 47
4 12
48 2
20 34
10 44
34 6
27 5
12 20
46 12
2 49
25 50
27 39
39 27
12 51
4 52
24 46
45 2
34 44
45 53
30 5
22 5
51 5
4 26
54 1
37 15
7 16
29 11
17 16
16 34
7 27
18 6
37 44
10 17
7 30
16 12
4 55
30 34
43 41
15 25
8 11
1 0
8 30
7 5
43 27
5 56
24 6
11 13
5 24
14 5
11 17
32 7
46 10
39 43
20 10
11 24
25 11
41 51
5 27
17 5
51 12
37 11
18 44
11 34
34 4
12 4
5 6
5 57
51 43
5 43
34 51
29 7
5 37
6 8
31 24
3 1
10 46
5 38
34 11
17 34
30 7
5 58
5 44
1 59
60 4
18 24
11 25
30 17
15 37
22 38
4 11
6 10
6 24
50 29
39 41
30 8
41 43
5 39
29 15
41 39
6 11
11 51
8 6
11 14
51 41
5 15
11 29
51 7
6 20
5 50
5 25
34 30
6 7
7 6
51 30
16 7
55 4
20 6
5 53
57 27
11 4
18 5
58 4
12 8
4 33
4 60
1 54
2 48
5 51
34 16
41 57
24 11
31 5
23 6
46 4
56 5
14 11
44 18
34 20
43 39
34 46
40 42
34 24
39 5
34 5
13 11
20 16
39 7
1 3
51 34
5 13
52 4
5 16
7 39
13 50
5 29
34 7
50 13
61 5
30 12
6 34
5 28
5 41
12 46
11 12
29 5
34 32
4 35
59 2
12 11
2 59
44 37
11 39
30 39
5 61
32 51
7 41
51 32
20 5
7 29
27 57
11 44
11 37
57 39
