#qgen
35
74
292
384
326
65
466
969
734
246
26
518
856
59
151
125
572
472
724
442
960
827
184
289
260
406
908
323
626
209
93
760
208
1016
40
379
128
0 1
0 2
3 2
4 2
5 4
6 5
7 4
5 8
9 4
4 10
11 8
11 12
2 13
12 6
12 5
2 3
14 12
15 12
6 12
11 16
4 15
1 3
12 11
1 17
6 16
4 7
4 9
5 18
16 4
4 12
14 8
5 14
13 2
5 16
19 4
2 0
5 19
16 8
14 5
20 14
4 8
8 5
12 15
4 21
22 4
5 12
12 4
8 4
5 15
2 23
4 5
14 6
24 2
2 25
8 12
16 11
4 16
20 16
26 4
8 11
4 22
4 27
27 4
15 4
8 14
16 6
28 4
4 14
19 5
1 29
4 20
15 8
16 5
25 2
29 1
3 1
8 16
5 6
21 4
4 30
6 8
6 14
13 1
11 14
14 11
12 8
26 5
2 4
8 15
17 1
16 12
1 0
6 4
4 31
20 4
23 2
2 24
11 6
5 11
15 5
12 16
8 6
30 4
31 4
16 20
5 26
14 4
6 11
4 28
14 20
1 13
11 5
10 4
4 19
18 5
4 6
4 26
12 14
32 12
12 32
33 12
33 20
12 33
20 33
34 33
20 34
12 34
5 34
