#qgen
46
586
645
656
632
513
598
12
554
500
560
721
716
616
597
556
626
619
714
715
274
737
643
638
599
655
560
731
653
614
660
567
360
636
531
541
591
470
544
570
568
683
676
144
489
568
658
128
0 1
2 0
3 0
0 4
5 1
1 6
0 7
0 8
3 9
10 3
11 0
0 12
4 0
0 13
12 0
0 14
5 0
1 0
13 0
15 5
0 16
17 11
0 18
0 19
20 3
21 15
16 0
3 10
22 2
5 18
23 0
17 5
24 0
0 25
15 21
0 3
3 15
0 26
27 0
1 5
18 5
2 22
1 28
0 24
12 5
5 17
26 0
0 27
0 29
15 3
15 10
0 10
6 1
13 17
18 0
25 0
11 17
30 1
27 5
17 1
7 0
19 0
10 0
9 3
29 0
8 0
5 27
27 31
21 0
0 11
1 30
0 21
5 15
9 5
14 0
2 31
3 20
28 1
31 2
5 12
0 5
1 17
17 13
10 15
0 23
0 2
5 9
31 27
32 31
31 32
33 31
31 33
31 34
34 31
35 34
34 35
26 35
35 26
35 36
36 35
37 35
37 36
37 26
35 37
36 37
26 37
26 38
38 26
38 39
39 38
39 40
40 39
41 40
40 41
42 40
40 42
43 40
40 43
43 27
27 43
41 43
43 41
43 44
44 43
44 41
41 44
41 45
39 45
