#qgen
64
586
645
656
632
660
626
693
716
274
643
546
12
537
597
737
653
360
762
545
598
731
1003
721
457
698
591
633
706
599
440
604
598
617
468
714
1016
560
569
560
192
655
651
650
556
715
616
565
513
554
556
638
132
72
143
124
749
500
621
673
697
619
614
567
638
256
0 1
2 0
3 0
0 4
5 3
6 3
0 7
8 0
5 9
10 5
11 1
0 9
3 12
13 0
3 14
0 15
2 16
3 17
18 3
19 15
20 0
21 18
0 3
0 22
23 15
24 22
17 3
17 22
25 15
23 18
26 5
22 24
27 5
0 28
29 26
1 11
18 30
31 30
5 32
9 5
33 22
18 17
9 33
34 1
25 23
22 29
3 35
0 8
36 0
18 37
26 37
3 5
29 15
33 29
38 3
3 33
39 26
12 40
25 40
15 31
3 22
41 3
42 5
18 24
19 4
5 43
22 26
37 30
5 31
44 39
5 10
45 0
18 29
30 22
3 18
30 5
15 46
17 5
6 29
17 24
47 33
33 3
21 29
34 13
1 31
30 26
42 19
37 40
5 27
25 9
10 33
15 26
27 20
24 29
0 47
30 33
48 0
41 22
30 24
23 5
22 37
49 0
6 33
50 4
37 24
18 41
19 33
4 51
38 31
52 40
24 41
29 39
25 3
53 6
5 41
5 53
30 3
44 31
4 54
17 29
55 5
37 21
35 40
37 41
10 27
39 37
41 26
15 19
41 21
39 18
40 24
6 23
21 41
3 43
21 26
33 9
23 22
39 3
29 21
19 42
29 3
34 7
15 25
33 6
26 39
24 40
22 33
0 49
21 22
40 35
17 39
50 47
24 18
27 10
33 46
0 56
23 6
24 26
17 21
56 0
32 5
5 42
15 29
54 48
40 12
22 0
22 6
3 29
31 5
4 0
25 33
18 22
21 17
57 3
47 50
5 33
58 57
22 23
21 5
26 21
20 27
39 29
21 30
59 3
5 21
18 39
4 19
23 33
5 30
40 25
33 27
39 21
44 0
4 50
30 21
29 17
6 5
1 0
26 22
29 23
3 58
15 16
54 4
22 41
23 25
37 3
0 20
37 22
37 39
53 5
29 5
18 33
3 6
48 54
29 30
17 18
18 26
47 0
3 24
41 30
30 31
0 60
39 17
45 31
5 46
3 52
9 25
22 30
22 3
1 34
29 6
13 34
30 18
29 22
1 61
24 3
41 37
1 62
39 44
39 30
26 15
5 29
46 15
21 24
5 26
12 3
63 2
41 29
5 22
6 43
24 30
16 2
46 10
14 3
7 0
26 24
