#qgen
64
614
486
550
516
68
569
558
627
628
403
176
639
699
509
628
748
638
644
724
665
490
647
736
345
543
124
552
556
741
113
613
580
628
788
538
755
615
234
520
559
608
623
640
520
505
996
731
465
759
721
501
606
346
644
681
563
912
719
713
676
622
703
556
725
256
0 1
1 2
2 3
0 4
3 5
5 6
0 7
1 8
9 5
7 10
11 2
12 0
3 13
2 14
3 15
2 0
16 2
17 3
5 18
13 8
1 0
19 13
5 0
19 0
7 20
21 18
3 22
7 8
23 5
8 11
5 24
12 25
5 26
0 13
25 27
7 1
10 7
26 28
29 3
5 30
20 11
31 5
5 32
3 1
13 11
29 8
2 33
0 16
27 0
7 17
16 13
32 1
34 5
20 17
10 2
2 16
16 32
35 5
13 17
36 5
3 2
13 2
5 37
32 5
5 3
4 8
12 8
34 18
15 3
38 32
22 3
15 0
39 5
16 8
2 13
5 40
41 5
5 42
5 43
44 5
28 39
45 2
8 20
21 5
1 46
22 13
8 7
30 47
16 3
5 10
48 5
49 5
8 17
50 11
0 19
25 18
7 0
18 10
29 12
5 21
15 8
11 0
5 51
12 3
13 16
8 5
14 7
3 11
36 25
52 40
16 11
17 20
17 2
5 53
8 4
4 3
14 2
34 25
3 16
26 5
5 41
46 8
47 28
47 30
5 8
54 36
16 46
40 5
8 55
7 13
13 20
5 56
8 27
2 17
8 12
5 57
55 8
3 12
8 22
20 7
58 2
5 39
54 5
5 59
16 17
12 27
19 8
0 27
8 16
28 47
60 5
47 61
7 33
52 5
28 26
0 29
5 44
17 11
42 5
4 0
5 38
3 4
6 5
0 5
47 5
1 17
5 28
2 10
5 36
1 3
17 13
7 11
25 5
33 2
43 40
5 52
0 12
11 8
5 54
17 8
8 46
18 25
8 19
8 2
55 3
49 6
3 29
11 13
5 48
20 13
32 16
20 8
29 0
3 19
8 13
43 5
5 60
55 0
11 17
12 29
8 1
24 5
7 3
10 18
11 50
3 7
0 2
11 16
32 38
5 61
5 62
6 49
2 58
61 47
46 17
56 5
57 5
22 0
2 50
46 20
47 18
0 22
28 5
27 25
11 3
2 20
38 5
22 8
3 17
1 32
5 31
62 5
17 7
25 12
1 13
3 55
39 28
1 11
36 54
32 20
18 5
5 35
30 5
8 29
19 3
2 45
17 1
18 34
5 34
5 23
13 50
2 1
63 5
20 2
17 0
50 13
