#qgen
85
452
535
646
727
484
542
647
671
691
452
551
564
686
546
580
528
554
661
646
697
550
87
419
540
674
598
483
21
717
579
517
696
610
583
503
642
481
677
589
689
424
491
664
554
591
666
666
681
984
559
526
654
666
568
647
671
728
799
746
566
648
1021
529
541
608
88
587
719
509
523
666
594
708
508
620
649
639
668
601
529
559
639
642
653
658
256
1 0
2 1
2 3
4 1
1 2
5 1
5 6
7 2
8 4
7 9
10 1
5 11
12 5
13 3
4 14
15 5
9 16
17 3
14 4
7 18
9 19
5 12
19 9
7 20
21 7
11 5
3 22
10 23
24 9
7 25
5 26
5 27
17 4
28 1
23 10
29 5
7 30
7 31
32 9
21 33
34 4
31 17
4 10
35 9
0 1
7 33
2 17
36 13
9 37
38 5
5 39
40 5
16 9
1 5
28 41
42 5
43 7
44 41
3 13
4 34
45 7
20 7
9 46
29 11
9 45
27 5
2 7
47 37
21 44
48 26
45 21
38 49
50 9
0 36
51 9
46 9
7 52
21 45
7 45
1 53
17 2
37 9
26 5
28 49
34 10
3 21
53 1
3 2
21 3
5 28
7 54
44 9
10 34
43 31
39 5
5 42
4 17
25 7
4 8
47 32
5 40
41 44
52 31
49 28
49 38
9 55
56 7
7 57
5 58
31 45
31 7
7 21
9 44
13 50
2 59
59 2
45 31
5 15
6 5
50 55
57 7
55 9
9 47
1 60
33 7
32 37
28 5
9 61
5 48
9 24
9 50
52 7
54 7
5 29
10 4
30 7
31 43
50 13
25 21
1 28
9 41
22 1
9 62
50 36
31 52
45 9
1 49
13 36
26 48
58 5
61 9
3 17
36 50
60 1
5 38
7 43
36 0
47 9
33 56
63 4
1 22
18 7
44 21
9 35
17 31
37 47
41 28
9 7
41 9
9 51
7 56
1 10
21 25
37 32
55 50
48 5
4 63
1 4
49 1
9 32
11 29
32 47
62 9
33 21
22 3
56 33
33 64
56 64
64 56
64 33
64 65
65 64
66 64
64 66
66 65
65 66
66 67
67 65
67 60
65 67
64 67
67 66
67 64
36 67
67 36
60 67
68 60
60 68
60 69
69 60
69 70
70 50
70 69
50 70
55 70
70 55
70 71
71 70
72 71
71 72
73 71
71 73
74 71
71 74
71 75
75 71
75 76
76 75
76 77
77 76
77 78
76 78
78 76
78 77
79 78
78 79
79 76
76 79
76 80
80 76
80 81
81 80
82 80
81 82
82 81
80 82
83 80
83 82
81 83
83 41
41 83
80 83
82 83
83 81
84 83
83 84
