#qgen
35
43
548
260
575
711
416
661
656
505
531
543
689
590
735
709
604
576
488
765
508
705
712
503
682
186
648
488
601
700
922
501
5
468
654
702
128
0 1
2 0
0 3
4 0
2 5
6 2
2 7
0 8
2 9
2 10
11 6
12 2
6 13
13 6
0 4
6 14
15 10
16 2
7 2
2 12
17 2
14 6
2 16
14 18
19 2
10 15
10 2
2 20
21 19
11 2
8 0
2 17
14 13
22 0
21 2
15 2
23 16
10 12
18 2
14 0
0 14
2 24
10 7
10 25
15 12
9 11
2 26
9 18
3 0
11 13
18 14
26 2
2 27
28 0
5 2
13 14
16 13
12 15
0 29
19 11
2 25
1 0
0 28
30 1
2 23
5 4
18 6
2 13
2 11
19 21
24 2
2 21
1 30
19 17
16 23
19 18
15 6
2 15
7 10
18 9
13 16
4 5
2 6
9 2
12 7
7 12
0 22
6 11
23 2
31 0
25 2
25 10
2 19
27 2
13 11
6 15
18 11
20 2
11 18
0 31
13 2
0 2
2 18
12 10
29 0
6 18
17 19
18 19
11 19
11 9
32 11
9 32
32 21
32 18
32 19
11 32
32 9
19 32
21 32
18 32
32 33
6 33
18 33
33 6
33 32
33 18
34 33
33 34
