#qgen
64
833
478
656
599
630
544
531
381
727
523
647
930
612
700
595
597
589
458
701
632
588
506
743
452
487
565
566
548
576
531
17
751
650
584
679
383
584
592
650
510
546
532
635
520
481
830
719
630
520
387
760
554
823
294
755
603
653
632
121
550
540
693
633
538
256
0 1
2 0
1 3
4 0
2 5
4 6
0 7
0 8
2 9
10 0
8 11
12 11
13 5
0 14
15 6
3 16
3 17
2 18
0 19
17 20
18 21
22 0
21 23
12 24
15 25
26 1
27 3
28 11
29 11
0 30
0 17
29 31
32 11
33 25
11 13
11 3
20 34
34 20
5 14
8 3
12 0
1 35
3 36
27 37
3 25
38 32
3 39
24 27
40 3
3 34
21 33
8 1
9 41
20 42
37 43
3 1
41 44
5 29
45 29
15 29
8 38
43 37
17 12
41 46
28 33
0 5
3 32
24 12
33 27
23 18
42 29
43 47
33 36
28 0
36 28
48 0
0 39
33 0
37 49
8 32
32 8
20 39
18 29
39 29
25 4
49 15
0 48
4 50
43 51
40 49
35 37
45 5
35 33
11 50
4 32
29 22
12 33
31 15
1 6
16 3
30 1
0 46
3 31
50 0
47 0
0 25
6 4
3 43
52 0
41 1
23 20
16 29
38 34
3 40
53 10
1 30
33 37
12 50
49 12
29 37
16 10
10 29
54 0
4 52
33 55
11 49
56 49
17 6
0 57
41 0
29 21
32 3
3 8
49 43
10 16
50 11
0 45
25 26
25 29
1 11
48 57
8 45
29 55
33 56
20 35
1 31
0 58
12 17
49 24
25 15
50 4
42 0
59 57
11 12
11 43
33 60
60 35
10 53
1 49
44 41
20 17
49 33
1 21
43 33
29 39
18 53
23 5
55 29
14 5
0 18
0 42
4 3
41 9
30 29
61 0
0 2
0 28
40 0
14 32
49 25
28 37
62 29
60 33
28 27
3 27
4 25
20 45
32 0
43 24
49 31
0 52
5 13
25 43
4 49
1 0
14 33
38 45
50 12
45 6
6 1
24 14
8 25
43 13
49 45
34 0
21 29
61 49
1 25
46 32
27 12
63 47
20 23
6 15
36 29
34 9
17 23
23 0
0 24
26 29
29 44
34 49
49 29
43 0
29 16
11 0
49 4
53 0
0 50
49 28
15 11
3 11
11 6
29 47
36 27
39 3
0 56
11 37
29 2
59 1
34 3
27 33
63 0
39 49
0 20
0 22
29 5
23 34
24 0
49 6
11 17
45 49
1 8
3 4
0 12
46 28
29 9
