#qgen
233
63
67
63
81
72
80
77
89
62
85
66
79
73
74
64
65
96
65
59
78
86
64
86
78
79
72
72
93
71
78
78
74
70
78
72
90
86
75
85
91
77
67
81
75
55
73
83
75
75
87
95
98
70
81
80
65
74
84
72
71
74
89
60
68
65
62
46
81
89
73
43
69
79
78
63
64
94
88
60
89
82
91
66
72
76
93
77
49
79
78
77
94
61
80
87
79
66
57
94
68
70
60
68
68
54
81
62
59
76
65
77
72
69
63
74
70
82
65
67
66
64
58
72
71
75
70
84
62
83
81
72
72
52
76
89
73
62
78
85
81
69
68
63
58
75
63
64
73
94
81
85
79
89
73
73
89
66
73
76
75
80
79
49
75
68
73
75
79
70
59
65
83
91
72
75
55
80
89
93
78
84
93
74
100
70
57
54
78
82
65
81
81
77
69
78
77
66
60
83
62
67
79
84
55
59
75
77
82
82
80
71
72
68
72
66
65
71
72
67
93
71
78
80
88
68
86
59
73
80
94
82
63
65
256
1 0
2 0
1 3
4 2
2 5
6 4
3 7
4 8
6 9
4 10
5 11
12 4
13 6
9 14
6 15
11 16
14 17
15 18
19 16
20 6
21 13
18 6
1 22
17 23
24 7
25 8
26 14
8 27
6 28
0 29
30 10
24 31
32 10
33 22
14 34
35 29
36 11
37 22
6 38
39 30
38 40
14 16
41 5
42 19
6 43
44 15
13 41
45 44
46 7
7 47
13 48
49 43
27 50
51 15
52 39
46 53
42 54
16 55
56 16
55 57
17 58
43 59
42 60
43 61
28 62
63 8
64 42
65 56
56 66
56 67
55 68
53 69
16 70
71 68
72 20
73 28
74 21
75 44
76 28
41 77
78 67
57 79
80 34
81 27
22 2
82 6
83 21
84 70
44 40
85 55
86 69
70 87
36 88
42 83
54 44
76 89
60 64
16 15
70 90
44 91
6 92
56 93
27 94
29 95
96 44
97 56
98 70
99 76
17 100
101 6
94 27
102 100
81 103
104 70
39 105
106 83
107 81
108 67
109 69
18 110
111 18
42 112
113 103
65 114
115 90
56 116
117 43
55 118
78 119
10 120
115 121
122 83
83 123
124 24
125 120
14 126
97 127
128 91
122 129
130 127
110 131
132 18
133 127
81 134
135 117
132 39
52 136
137 83
138 121
133 139
140 115
141 138
142 44
143 110
144 90
145 10
16 146
147 138
88 148
127 149
144 150
151 76
76 152
153 115
154 113
72 155
129 156
70 157
158 6
121 150
56 159
160 138
161 134
162 39
163 68
115 164
165 84
127 166
48 13
44 143
167 115
142 168
169 42
144 170
171 91
172 133
152 173
115 174
175 123
176 81
177 56
117 178
179 142
180 128
41 181
182 78
113 0
183 158
134 184
185 6
186 115
175 187
188 153
70 189
28 39
113 30
156 190
191 122
150 192
193 177
146 194
76 195
196 140
188 197
29 103
22 70
198 138
199 198
200 138
201 56
97 202
185 203
157 204
205 39
127 206
195 207
127 208
144 127
186 209
210 44
131 211
212 97
213 29
214 97
144 215
67 194
127 216
217 115
162 218
219 66
142 83
127 220
221 131
207 222
106 223
224 144
225 8
226 224
227 146
228 153
66 229
230 227
152 133
226 231
39 128
231 232
