#qgen
121
77
87
74
76
67
90
67
72
83
67
77
86
84
82
83
66
74
78
75
83
63
104
54
47
85
82
70
77
79
85
78
71
67
55
68
76
74
84
60
80
75
86
85
71
64
88
63
84
80
72
94
54
71
68
71
66
68
77
92
67
76
64
66
65
92
57
72
68
77
75
74
83
78
68
79
64
85
74
83
66
70
82
73
55
50
80
68
68
68
127
42
56
88
79
69
75
57
69
94
68
77
60
66
69
73
71
99
69
68
62
72
80
74
72
83
57
52
83
65
77
64
128
0 1
2 0
3 0
4 2
5 1
2 6
7 2
8 7
8 9
10 7
11 0
10 12
9 13
13 14
8 15
16 2
11 17
4 18
19 6
20 13
11 21
5 22
7 23
16 24
25 13
26 10
27 13
13 28
29 13
17 30
31 29
21 32
31 33
20 34
14 24
35 13
28 36
27 37
12 13
26 38
39 20
40 13
21 41
41 42
0 43
30 44
45 8
27 46
42 47
20 48
20 49
18 50
23 51
52 24
46 42
53 42
34 54
19 55
13 56
57 4
33 58
11 59
60 28
33 61
29 31
62 53
57 63
24 64
34 65
66 10
6 67
4 68
25 69
29 70
2 71
72 26
73 21
45 12
72 74
75 17
28 76
24 77
78 31
79 67
63 80
56 25
60 81
82 38
83 48
84 72
85 44
86 21
24 2
13 87
88 74
52 89
89 90
70 91
84 92
93 53
80 94
91 95
58 96
25 97
44 98
62 99
66 100
101 72
72 102
103 65
104 95
20 105
99 106
38 107
108 4
77 109
73 110
96 78
25 111
112 28
69 113
114 87
63 115
71 116
105 117
118 47
119 24
105 120
