#qgen
62
77
87
74
76
67
90
67
72
83
67
77
86
84
82
83
66
74
78
75
83
63
104
54
47
85
82
70
77
79
85
78
71
67
55
68
76
74
84
60
80
75
86
85
71
64
88
63
84
80
72
94
54
71
68
71
66
68
77
92
67
76
64
64
0 1
2 0
3 0
4 2
5 1
2 6
7 2
8 7
8 9
10 7
11 0
10 12
9 13
13 14
8 15
16 2
11 17
4 18
19 6
20 13
11 21
5 22
7 23
16 24
25 13
26 10
27 13
13 28
29 13
17 30
31 29
21 32
31 33
20 34
14 24
35 13
28 36
27 37
12 13
26 38
39 20
40 13
21 41
41 42
0 43
30 44
45 8
27 46
42 47
20 48
20 49
18 50
23 51
52 24
46 42
53 42
34 54
19 55
13 56
57 4
33 58
11 59
60 28
33 61
