#qgen
227
66
75
79
77
89
80
58
75
73
61
61
91
89
80
78
82
94
88
82
64
85
87
80
52
79
66
77
75
82
97
88
91
67
89
93
80
61
67
87
81
78
69
75
88
70
73
67
76
73
82
70
84
55
67
85
52
76
77
61
66
93
79
75
84
75
66
92
81
85
60
60
87
68
77
94
59
70
71
62
72
95
75
90
81
64
65
44
70
83
89
68
77
82
65
87
81
81
72
73
92
76
87
58
71
62
61
70
63
54
77
71
61
84
81
74
75
75
69
75
76
76
70
61
67
81
62
86
73
59
63
82
68
94
68
66
79
85
78
62
90
87
60
74
82
56
61
74
84
74
91
80
55
7
80
75
58
70
82
74
86
80
108
89
92
62
78
77
93
81
89
60
71
69
85
65
84
58
89
85
83
80
75
41
52
85
63
65
65
65
87
56
79
80
80
61
71
55
73
40
81
83
85
70
52
71
98
54
77
73
82
66
60
86
76
81
75
64
66
69
70
82
77
76
59
89
80
66
256
0 1
2 1
1 3
1 4
4 5
1 6
1 7
8 5
1 9
7 10
11 7
1 12
7 13
14 7
15 7
16 13
17 1
7 18
1 19
20 16
21 7
22 7
7 23
1 24
21 25
16 26
7 14
27 10
28 26
29 16
30 7
30 31
8 7
16 32
4 33
34 1
35 17
36 4
21 37
38 23
30 39
40 16
41 28
42 21
7 43
44 17
21 45
12 46
47 42
26 48
7 49
50 21
2 51
52 29
53 26
53 54
55 13
48 56
57 26
58 8
59 26
60 52
8 61
50 62
19 63
21 64
53 65
66 57
34 67
56 28
40 68
26 69
70 64
71 11
72 60
73 4
51 74
75 26
33 76
50 77
66 78
52 79
80 79
81 72
16 82
47 76
83 67
40 84
26 85
28 86
56 87
88 59
7 89
90 67
40 91
40 92
93 6
67 12
94 21
52 95
52 96
97 65
75 98
99 40
81 100
101 60
49 102
51 103
95 104
78 105
105 106
78 107
67 43
108 106
109 67
110 58
111 55
112 57
105 113
83 114
115 87
60 116
51 117
104 118
39 119
88 120
121 29
122 49
108 123
124 57
125 108
126 52
16 127
85 128
105 129
128 130
131 40
67 19
132 57
133 26
128 134
57 135
128 136
46 137
138 56
80 101
139 113
140 120
4 128
105 141
142 80
122 143
144 28
129 145
146 105
147 67
106 140
148 128
124 149
85 150
53 151
106 120
132 152
66 153
51 154
101 155
58 156
87 157
124 158
159 123
160 118
113 161
9 33
162 106
146 163
164 75
165 24
128 116
48 166
167 28
168 57
130 128
169 157
85 170
122 171
172 108
153 173
174 57
114 83
135 123
175 141
176 128
54 177
126 178
179 19
180 105
181 52
85 182
183 2
184 172
87 26
185 128
186 113
187 40
188 54
87 128
120 189
190 72
191 6
192 152
106 193
182 66
194 113
88 105
195 146
42 196
197 191
128 198
199 98
87 200
201 58
202 54
26 53
203 113
204 177
49 162
205 1
28 48
128 129
206 4
207 7
150 161
149 208
209 128
210 183
200 211
1 212
108 157
67 213
7 40
214 58
162 215
85 216
217 161
218 50
174 26
219 202
42 220
211 157
182 95
128 221
211 222
223 135
145 224
225 113
118 226
