#qgen
63
66
75
79
77
89
80
58
75
73
61
61
91
89
80
78
82
94
88
82
64
85
87
80
52
79
66
77
75
82
97
88
91
67
89
93
80
61
67
87
81
78
69
75
88
70
73
67
76
73
82
70
84
55
67
85
52
76
77
61
66
93
79
75
64
0 1
2 1
1 3
1 4
4 5
1 6
1 7
8 5
1 9
7 10
11 7
1 12
7 13
14 7
15 7
16 13
17 1
7 18
1 19
20 16
21 7
22 7
7 23
1 24
21 25
16 26
7 14
27 10
28 26
29 16
30 7
30 31
8 7
16 32
4 33
34 1
35 17
36 4
21 37
38 23
30 39
40 16
41 28
42 21
7 43
44 17
21 45
12 46
47 42
26 48
7 49
50 21
2 51
52 29
53 26
53 54
55 13
48 56
57 26
58 8
59 26
60 52
8 61
50 62
