#qgen
122
63
73
66
76
74
72
68
72
73
90
75
60
58
70
69
55
77
62
81
87
77
79
60
93
83
64
56
77
68
75
76
87
82
70
75
81
80
77
82
86
92
82
80
74
70
73
68
71
53
97
70
74
4
84
93
79
68
64
79
69
80
65
75
98
90
76
85
70
83
126
85
78
72
76
79
95
81
79
84
72
71
81
58
71
87
72
2
85
85
83
53
75
68
77
67
63
58
76
79
86
62
78
59
81
72
78
81
90
28
60
73
72
65
73
71
74
89
76
61
87
93
94
128
0 1
2 0
3 1
0 2
2 4
5 4
6 2
3 7
8 3
9 7
10 3
11 8
4 12
13 3
8 14
12 15
8 16
13 17
18 4
8 19
20 3
18 21
13 22
23 22
24 21
25 3
26 4
4 27
28 3
29 22
5 30
12 31
4 32
33 17
34 13
9 35
36 8
37 20
38 17
39 21
40 8
41 30
42 17
23 43
44 38
4 45
46 17
47 23
48 47
49 34
4 50
4 51
52 32
53 34
4 18
26 54
55 39
16 56
38 44
49 57
58 4
58 59
60 17
17 61
30 62
47 63
64 38
55 65
21 66
67 6
68 23
69 39
70 62
58 71
8 40
72 55
65 73
40 74
75 22
66 76
22 77
31 30
78 74
79 74
80 4
4 81
40 82
73 83
84 30
17 85
86 65
45 87
13 88
89 4
69 90
63 91
92 73
93 38
94 43
95 8
55 96
97 76
68 98
99 34
63 100
101 83
102 8
53 103
39 104
105 43
80 35
106 69
83 107
34 108
109 68
110 95
72 39
12 111
83 112
80 113
114 36
115 60
21 116
117 58
66 118
113 119
10 120
121 47
