#qgen
125
74
95
74
66
94
88
77
77
93
86
75
69
73
75
67
93
83
65
84
71
66
69
77
68
83
81
83
77
41
83
76
67
67
51
89
67
54
75
71
71
71
69
81
94
71
88
47
80
73
70
78
85
79
76
78
78
82
63
66
88
73
77
71
75
64
71
61
73
93
64
64
78
72
62
67
66
89
73
80
79
74
88
70
79
62
91
85
60
59
78
88
73
73
87
78
69
67
75
59
65
78
71
67
82
75
82
83
73
83
73
87
70
65
75
66
71
74
69
85
65
89
79
76
77
76
128
1 0
1 2
1 3
2 4
2 5
3 1
6 4
7 2
4 8
6 9
10 8
7 11
7 12
6 13
8 3
14 1
15 11
16 2
8 17
18 8
8 19
20 4
21 1
22 11
23 7
15 7
24 18
25 15
26 21
27 25
17 28
7 29
4 30
27 31
18 32
12 33
34 32
15 35
33 36
8 37
30 38
32 39
21 40
41 6
3 42
30 43
7 44
45 40
32 46
47 27
48 25
8 49
50 36
29 51
52 49
53 7
54 48
55 48
51 56
57 45
48 58
32 59
60 56
61 55
62 24
32 63
26 64
22 65
66 7
25 67
47 68
69 63
70 12
71 15
31 2
72 18
73 1
8 74
17 75
76 65
77 65
69 78
79 4
80 47
81 32
82 1
83 61
84 27
85 75
54 86
87 8
67 88
89 22
90 8
66 91
69 92
93 72
94 8
95 8
96 86
97 53
98 84
99 82
100 84
11 101
102 84
15 103
104 11
105 4
106 49
2 107
86 108
109 36
7 110
47 111
112 93
113 7
114 15
25 115
116 107
117 89
47 118
75 119
10 120
68 121
122 37
123 105
40 124
