#qgen
65
65
58
83
59
77
74
88
83
95
77
75
73
64
62
65
80
80
88
64
83
79
62
78
73
80
77
86
79
58
82
73
71
66
76
64
76
63
83
58
60
78
75
83
70
57
80
72
76
70
67
60
94
47
55
86
89
66
83
76
88
69
77
54
70
86
64
0 1
0 2
3 0
4 2
2 5
2 6
7 6
8 5
0 9
10 8
5 11
8 12
8 13
14 8
8 15
8 16
8 17
8 18
19 13
20 6
21 8
2 22
8 23
24 6
24 25
8 26
27 8
28 9
2 29
8 30
23 31
32 6
12 33
29 34
34 35
36 25
37 8
35 38
39 9
40 8
25 41
24 42
43 32
8 44
45 8
46 17
24 47
48 30
49 44
50 20
0 51
22 52
24 53
9 54
55 29
56 15
57 24
58 54
59 44
25 60
61 8
24 62
39 63
64 32
