#qgen
125
65
58
83
59
77
74
88
83
95
77
75
73
64
62
65
80
80
88
64
83
79
62
78
73
80
77
86
79
58
82
73
71
66
76
64
76
63
83
58
60
78
75
83
70
57
80
72
76
70
67
60
94
47
55
86
89
66
83
76
88
69
77
54
70
86
99
80
68
88
80
72
74
60
95
85
85
74
79
83
70
74
91
63
87
73
74
76
86
68
65
74
93
81
98
86
62
86
52
83
79
91
71
70
123
93
83
96
60
64
74
72
77
95
78
96
80
64
97
69
85
47
75
74
77
53
128
0 1
0 2
3 0
4 2
2 5
2 6
7 6
8 5
0 9
10 8
5 11
8 12
8 13
14 8
8 15
8 16
8 17
8 18
19 13
20 6
21 8
2 22
8 23
24 6
24 25
8 26
27 8
28 9
2 29
8 30
23 31
32 6
12 33
29 34
34 35
36 25
37 8
35 38
39 9
40 8
25 41
24 42
43 32
8 44
45 8
46 17
24 47
48 30
49 44
50 20
0 51
22 52
24 53
9 54
55 29
56 15
57 24
58 54
59 44
25 60
61 8
24 62
39 63
64 32
19 65
41 66
67 24
68 32
41 69
70 53
71 60
72 24
73 24
74 47
75 38
76 50
77 8
78 10
29 79
8 80
81 47
82 29
83 34
84 9
63 85
9 86
41 87
88 20
89 8
90 24
78 91
92 24
77 93
94 47
55 2
10 95
24 63
96 36
97 75
2 0
98 24
99 68
100 33
101 75
102 38
8 103
47 104
63 105
106 24
107 2
75 108
109 2
110 46
24 58
19 111
24 112
113 42
114 79
55 115
69 116
117 8
41 118
5 119
119 120
121 6
122 7
17 123
32 124
