#qgen
123
90
76
80
70
73
64
73
69
77
62
66
74
76
75
65
80
70
78
73
66
93
63
79
77
69
65
57
71
78
69
71
70
76
79
68
75
85
69
73
89
74
88
69
47
53
79
61
85
64
87
51
97
80
76
82
56
83
77
84
73
75
84
98
64
64
61
56
77
77
76
69
62
94
69
82
65
86
75
62
90
60
98
101
72
74
79
87
84
82
75
83
74
67
69
80
63
61
80
73
73
69
95
86
64
71
74
68
71
61
71
62
84
65
48
81
76
56
79
55
94
72
55
69
128
0 1
2 1
3 2
4 2
2 4
1 5
5 1
5 6
5 7
8 5
9 5
10 5
8 11
9 12
8 13
14 5
15 8
16 14
17 5
18 16
5 19
20 18
0 21
15 22
17 23
24 5
8 25
8 26
21 27
27 28
18 29
21 30
25 31
16 32
13 33
5 34
22 35
16 36
37 27
38 9
39 8
14 40
25 41
27 42
39 43
44 2
45 43
25 46
47 43
48 8
21 49
5 50
51 5
25 52
53 43
54 50
34 55
56 51
55 57
11 22
51 58
43 59
60 44
61 43
55 62
58 63
49 64
65 34
28 27
41 66
44 67
43 68
51 69
70 14
11 71
51 72
73 16
71 74
2 75
8 76
77 11
34 78
79 11
80 16
81 51
65 82
78 83
19 5
55 84
76 79
85 16
86 47
43 87
76 88
89 11
32 90
91 66
92 68
63 93
92 94
95 18
96 25
50 97
98 82
43 99
100 51
101 50
51 102
103 51
51 104
105 51
60 106
107 78
108 60
76 109
110 43
43 111
112 65
113 43
114 99
115 51
116 51
51 117
88 118
119 34
60 120
121 119
116 122
