#qgen
243
90
76
80
70
73
64
73
69
77
62
66
74
76
75
65
80
70
78
73
66
93
63
79
77
69
65
57
71
78
69
71
70
76
79
68
75
85
69
73
89
74
88
69
47
53
79
61
85
64
87
51
97
80
76
82
56
83
77
84
73
75
84
98
64
64
61
56
77
77
76
69
62
94
69
82
65
86
75
62
90
60
98
101
72
74
79
87
84
82
75
83
74
67
69
80
63
61
80
73
73
69
95
86
64
71
74
68
71
61
71
62
84
65
48
81
76
56
79
55
94
72
55
69
66
64
66
73
78
69
75
62
66
87
82
89
69
71
63
84
66
77
79
72
82
53
76
72
58
81
97
75
75
86
77
112
91
83
68
77
73
85
76
60
79
72
83
76
73
73
71
71
64
75
72
80
79
72
84
85
89
87
67
73
78
66
56
61
68
69
76
88
69
67
70
75
61
63
73
65
71
98
60
74
80
37
82
85
67
52
93
71
79
69
76
50
81
82
80
73
88
63
77
79
86
76
46
71
72
67
78
99
81
79
80
77
79
69
56
86
72
88
66
57
256
0 1
2 1
3 2
4 2
2 4
1 5
5 1
5 6
5 7
8 5
9 5
10 5
8 11
9 12
8 13
14 5
15 8
16 14
17 5
18 16
5 19
20 18
0 21
15 22
17 23
24 5
8 25
8 26
21 27
27 28
18 29
21 30
25 31
16 32
13 33
5 34
22 35
16 36
37 27
38 9
39 8
14 40
25 41
27 42
39 43
44 2
45 43
25 46
47 43
48 8
21 49
5 50
51 5
25 52
53 43
54 50
34 55
56 51
55 57
11 22
51 58
43 59
60 44
61 43
55 62
58 63
49 64
65 34
28 27
41 66
44 67
43 68
51 69
70 14
11 71
51 72
73 16
71 74
2 75
8 76
77 11
34 78
79 11
80 16
81 51
65 82
78 83
19 5
55 84
76 79
85 16
86 47
43 87
76 88
89 11
32 90
91 66
92 68
63 93
92 94
95 18
96 25
50 97
98 82
43 99
100 51
101 50
51 102
103 51
51 104
105 51
60 106
107 78
108 60
76 109
110 43
43 111
112 65
113 43
114 99
115 51
116 51
51 117
88 118
119 34
60 120
121 119
116 122
29 123
81 124
117 125
126 43
97 127
128 44
9 129
9 130
131 98
65 132
66 133
40 134
135 117
136 124
99 137
138 78
65 139
140 51
141 117
99 142
128 143
144 18
145 91
51 146
80 147
148 138
149 8
150 107
151 65
152 151
153 91
154 87
96 155
79 109
126 156
65 157
119 158
159 129
160 66
161 79
49 162
163 129
105 164
165 5
119 166
55 167
168 87
24 169
170 107
55 51
126 171
86 172
173 60
174 60
175 126
176 132
53 177
178 129
179 86
119 180
181 129
182 5
183 43
184 65
185 86
186 175
187 123
43 188
136 189
16 134
190 112
190 191
192 155
92 43
193 192
194 106
92 195
196 96
119 197
21 198
199 136
74 200
105 201
79 17
126 142
202 51
203 157
184 204
201 205
65 206
207 118
142 208
209 65
148 210
211 24
212 147
213 140
147 214
188 215
216 106
217 156
218 100
106 219
220 129
221 132
222 107
223 43
55 34
216 224
225 157
226 43
227 147
26 228
140 229
230 158
231 155
207 232
128 233
234 134
206 235
236 203
237 51
231 134
46 238
239 223
153 240
241 217
242 148
