#qgen
228
67
68
65
61
69
108
51
68
92
98
89
70
77
84
80
54
72
68
64
73
63
78
75
60
71
67
80
100
67
70
77
85
89
84
59
56
72
76
69
73
63
88
76
65
81
76
73
65
57
90
54
68
71
77
9
79
72
69
56
73
71
74
62
82
71
59
86
77
79
91
83
75
82
74
79
60
61
82
77
58
69
81
93
77
72
88
87
69
88
71
65
74
81
100
77
74
69
59
61
91
61
79
84
71
74
76
84
65
63
80
76
81
75
65
76
77
82
68
69
77
103
67
79
92
68
84
83
74
63
59
101
76
101
80
90
81
60
73
64
73
78
78
90
74
71
53
59
84
81
98
63
73
68
70
86
81
65
62
75
75
83
70
89
74
70
69
74
52
78
74
78
71
87
82
67
71
80
58
70
68
76
68
89
85
76
95
67
71
76
70
67
78
74
79
82
79
76
71
54
83
86
81
72
88
50
85
70
71
67
75
61
103
71
66
70
73
86
6
76
81
91
79
59
69
86
78
75
60
256
1 0
0 2
3 2
0 4
5 3
6 2
5 7
3 8
8 9
9 10
10 11
12 11
13 12
14 11
15 7
16 14
17 14
9 18
10 19
13 20
12 21
22 11
20 23
11 24
8 25
26 14
14 27
28 14
29 14
28 30
10 31
32 10
33 3
28 34
35 11
28 36
37 11
38 33
39 12
40 10
41 31
42 28
43 10
44 34
14 45
46 12
47 32
31 11
48 14
41 49
33 50
34 51
52 10
53 26
46 54
12 55
5 56
19 57
58 37
30 59
60 18
43 61
39 62
20 63
33 64
52 65
41 11
45 66
49 67
22 68
53 69
70 38
10 66
59 71
23 41
23 72
11 73
5 74
75 33
26 76
77 59
13 55
7 78
79 66
80 47
68 81
10 55
50 82
17 83
84 50
14 85
73 41
86 27
61 87
88 68
75 89
48 90
82 91
46 92
93 25
94 20
28 95
79 96
97 24
18 98
16 99
100 56
101 23
102 18
103 11
58 104
0 105
20 106
62 107
95 108
109 87
52 110
111 101
112 50
79 113
114 58
68 87
22 69
101 115
42 116
2 117
118 82
110 119
104 120
32 121
26 122
15 123
124 66
12 125
126 45
127 94
27 128
10 129
130 11
131 47
132 13
81 88
48 133
134 33
34 135
39 136
61 16
104 137
30 138
139 81
66 140
141 108
142 33
143 98
107 144
145 98
111 146
68 147
90 148
149 98
125 150
151 139
152 131
55 72
153 143
154 29
27 155
156 23
33 157
37 73
91 158
47 146
159 143
8 160
161 98
31 151
50 162
132 163
164 3
165 92
166 57
167 87
168 59
169 110
45 151
170 18
171 49
172 10
101 173
158 174
175 121
176 57
143 177
78 178
179 137
180 133
123 181
182 160
151 183
184 154
185 27
172 81
33 186
14 187
82 188
186 143
45 125
189 143
190 98
191 45
62 150
168 192
144 175
143 190
106 173
193 14
194 155
195 158
20 39
82 196
147 197
198 143
147 199
111 200
43 201
106 202
203 52
172 204
205 89
31 45
147 206
136 207
130 208
208 209
210 143
211 19
212 154
211 213
214 181
215 64
49 216
49 171
51 217
71 14
218 10
172 219
199 31
220 185
147 221
52 222
223 63
224 117
225 13
31 226
30 227
57 81
