#qgen
64
67
68
65
61
69
108
51
68
92
98
89
70
77
84
80
54
72
68
64
73
63
78
75
60
71
67
80
100
67
70
77
85
89
84
59
56
72
76
69
73
63
88
76
65
81
76
73
65
57
90
54
68
71
77
9
79
72
69
56
73
71
74
62
82
64
1 0
0 2
3 2
0 4
5 3
6 2
5 7
3 8
8 9
9 10
10 11
12 11
13 12
14 11
15 7
16 14
17 14
9 18
10 19
13 20
12 21
22 11
20 23
11 24
8 25
26 14
14 27
28 14
29 14
28 30
10 31
32 10
33 3
28 34
35 11
28 36
37 11
38 33
39 12
40 10
41 31
42 28
43 10
44 34
14 45
46 12
47 32
31 11
48 14
41 49
33 50
34 51
52 10
53 26
46 54
12 55
5 56
19 57
58 37
30 59
60 18
43 61
39 62
20 63
