#query
122
R
R
F
H
I
I
S
N
R
Q
F
N
A
K
D
G
V
G
N
S
F
K
I
F
F
F
N
V
L
S
I
N
F
M
A
R
W
N
V
L
A
L
L
F
E
N
E
P
F
L
R
S
N
G
V
P
E
S
T
N
T
A
A
Y
I
A
A
L
D
I
K
F
P
D
N
I
Y
V
K
A
F
Q
V
P
M
T
K
L
A
T
D
I
Y
A
F
I
T
S
E
D
K
S
K
M
T
F
D
F
M
I
P
V
E
K
T
L
F
T
R
S
H
L
256
1 0
2 0
2 3
0 4
2 5
6 3
7 4
2 8
9 8
7 0
10 0
11 7
5 12
9 13
9 14
2 15
2 16
17 5
18 6
19 3
20 8
21 7
7 10
19 22
18 23
24 22
16 25
26 17
16 27
24 28
4 25
6 29
24 30
10 31
32 24
33 31
34 14
35 25
36 17
36 37
5 4
7 38
32 28
28 39
18 29
40 37
41 35
42 27
30 43
21 44
14 45
24 29
30 46
47 38
10 44
16 38
48 39
21 15
42 49
15 39
46 13
50 24
6 51
51 37
28 48
8 52
49 53
3 43
54 46
20 55
30 27
13 56
25 55
26 57
9 58
17 0
59 36
28 4
60 37
34 61
62 41
60 63
4 15
47 55
64 54
65 33
66 29
67 53
68 38
2 69
68 7
37 63
68 62
70 31
19 53
63 71
72 37
73 3
40 74
63 43
5 75
65 10
76 51
77 75
32 72
78 37
44 15
27 79
30 25
62 35
42 80
18 72
9 81
36 82
83 38
83 25
80 84
85 67
10 25
86 81
44 87
9 56
86 88
24 19
67 46
89 71
32 85
90 48
50 91
72 12
27 8
92 25
72 93
66 92
46 58
14 21
89 43
90 94
2 95
17 44
17 96
97 10
98 31
83 8
26 99
100 17
99 3
93 37
93 39
14 101
12 87
74 89
85 28
28 27
83 49
60 102
34 101
61 46
84 38
36 57
1 69
87 38
46 83
67 103
66 104
28 90
2 4
93 105
106 30
4 90
72 107
0 12
53 38
6 93
107 108
68 83
69 91
19 94
104 9
78 71
20 25
12 43
29 3
22 69
49 109
72 6
67 101
74 17
5 44
106 52
3 12
94 98
49 38
32 23
17 94
60 1
27 53
37 89
6 95
2 48
29 69
40 60
5 96
66 110
5 90
57 111
87 80
2 98
8 55
87 98
112 5
83 79
70 43
67 8
17 99
26 82
2 38
35 38
61 113
74 63
22 114
1 87
77 60
47 16
24 3
60 111
85 103
60 94
46 49
40 36
115 93
77 78
90 15
72 116
66 58
114 51
36 77
80 117
100 99
118 31
11 30
6 23
26 74
69 71
15 119
119 73
50 120
114 76
76 59
77 89
114 59
34 49
2 109
64 121
5 15
53 79
