#query
64
N
N
A
V
A
L
T
R
L
T
K
C
A
Y
I
R
N
F
T
V
L
G
K
I
C
P
V
V
S
A
I
T
K
F
A
F
S
N
L
L
K
Y
F
V
S
M
V
V
T
H
F
L
R
K
R
H
S
W
Y
F
I
L
I
L
256
1 0
2 1
3 2
4 0
3 5
2 5
0 6
7 0
8 0
9 5
9 10
11 10
12 0
12 13
12 7
14 6
15 1
9 2
16 6
10 17
13 0
9 1
18 4
8 19
8 20
21 4
7 22
23 6
17 24
25 18
12 21
26 13
4 27
1 28
29 1
2 13
30 2
31 0
14 18
24 32
33 5
34 29
10 35
36 12
10 24
37 8
12 27
34 6
11 9
36 17
38 35
8 5
19 28
37 39
15 2
2 26
3 35
28 21
15 40
39 41
3 33
17 41
8 42
18 12
34 27
11 2
43 6
44 25
26 4
45 0
15 5
8 1
46 0
47 27
37 17
7 21
45 4
41 0
19 16
37 48
38 49
50 4
18 39
42 45
29 13
13 4
5 39
16 51
41 6
24 52
35 13
19 0
23 53
35 26
3 1
16 26
3 20
29 49
52 54
40 1
32 19
12 31
11 52
41 20
12 6
43 55
17 52
42 13
37 36
25 56
0 55
57 22
41 58
19 22
41 54
38 17
7 13
23 58
55 53
36 55
17 40
4 57
5 54
25 34
56 13
16 46
39 28
5 20
22 23
1 24
35 2
41 13
9 39
25 55
11 26
41 12
17 0
31 43
49 13
36 58
36 18
30 33
13 27
8 17
9 52
11 1
36 28
25 0
18 16
34 59
28 12
11 15
31 60
61 60
44 58
41 60
24 41
37 41
28 60
37 29
5 41
49 5
12 4
14 59
37 56
14 56
20 48
33 40
38 8
45 26
56 18
34 0
15 24
38 29
2 39
62 24
11 54
1 48
15 3
42 0
7 6
18 34
62 9
3 37
8 39
7 57
35 52
16 60
43 63
60 48
45 50
54 61
57 47
14 55
49 40
28 6
10 30
43 53
49 35
17 39
46 63
45 12
36 27
14 53
51 13
19 58
23 60
44 36
6 53
9 24
34 63
1 52
47 22
44 14
54 28
25 36
10 13
59 55
44 56
12 51
47 0
34 16
38 33
62 33
8 18
47 60
10 2
57 6
8 41
45 51
22 27
15 38
36 45
51 50
9 3
18 49
49 33
14 34
37 1
11 5
9 40
17 60
19 12
36 14
36 42
8 56
47 23
28 7
8 60
1 13
44 41
63 0
47 53
47 31
40 41
25 8
