#query
123
E
V
E
L
A
W
S
M
F
L
T
K
G
F
I
L
E
F
D
F
K
I
L
N
T
Y
T
W
V
F
N
V
F
T
V
N
L
L
Q
S
D
P
L
V
L
S
P
L
I
F
I
R
T
S
E
I
Q
T
R
V
I
S
I
Q
A
A
L
F
D
A
Q
K
Q
V
R
L
I
E
F
L
L
K
P
E
L
E
P
L
A
A
S
L
A
D
E
I
R
N
W
F
H
V
P
D
P
E
E
M
E
T
G
R
K
K
D
G
L
I
M
M
V
K
K
256
1 0
2 0
0 3
4 0
5 3
6 2
6 7
5 8
9 1
10 3
6 11
7 12
13 12
14 12
15 12
3 16
17 7
11 18
8 14
19 10
20 9
21 13
9 22
23 13
24 14
25 20
26 25
19 27
8 28
14 29
30 21
31 14
32 7
20 33
34 22
35 17
36 10
27 37
24 17
4 38
39 35
5 22
23 40
6 41
6 42
43 7
44 15
45 14
37 46
47 37
19 48
49 11
21 50
51 45
31 52
53 29
26 11
54 11
17 45
55 46
41 45
56 54
54 57
10 58
4 59
35 60
34 29
61 14
7 28
10 8
41 62
33 2
56 63
34 37
64 41
65 64
66 54
19 67
35 42
68 58
28 69
51 70
71 51
37 12
45 11
71 72
5 16
73 18
74 44
75 7
19 36
65 76
77 57
60 78
5 79
72 16
80 58
71 35
39 42
60 66
27 81
51 64
70 33
82 22
26 83
84 39
59 1
63 11
10 85
74 5
10 86
21 12
17 87
54 18
23 82
88 48
50 28
14 48
25 83
44 5
25 89
90 19
13 69
91 43
92 91
77 71
93 40
94 2
95 8
96 68
25 75
44 59
6 97
34 8
36 67
35 26
55 5
64 11
17 41
98 35
49 99
35 6
60 100
87 21
98 97
17 60
4 101
102 31
103 58
94 104
79 105
24 25
37 5
26 104
106 94
87 40
100 29
71 42
71 6
104 68
62 14
98 76
65 24
39 57
80 79
107 43
41 52
39 11
27 108
109 55
110 31
107 85
50 43
22 69
111 5
46 112
46 113
31 86
58 52
114 86
37 62
8 85
23 91
45 66
106 115
29 7
116 45
35 104
63 66
115 112
103 86
6 17
19 114
74 106
84 116
62 52
80 8
107 91
30 23
114 52
92 7
64 9
63 99
76 117
91 8
118 78
10 107
50 7
108 36
93 83
74 47
47 36
119 13
43 14
120 38
27 110
67 53
39 116
106 112
9 80
101 5
34 7
51 33
74 120
55 80
80 14
10 34
15 113
84 35
17 61
15 43
99 76
24 8
56 99
115 109
75 43
55 15
109 101
40 100
95 85
24 7
6 78
85 14
65 26
56 78
38 79
80 43
24 83
114 85
19 91
77 51
83 9
6 33
109 121
32 53
122 103
