#query
32
E
R
K
L
L
L
F
E
R
V
L
I
E
V
Y
E
R
T
M
M
V
E
P
L
W
D
K
L
G
Q
A
G
128
1 0
2 0
1 3
4 3
1 5
6 1
6 7
1 8
6 9
10 4
11 4
12 7
1 13
9 4
14 8
1 15
16 1
17 9
14 13
18 5
14 10
6 19
6 20
6 21
13 15
6 22
0 5
23 4
8 12
17 23
24 7
23 10
1 17
16 9
18 20
16 12
14 20
4 12
4 25
14 24
9 25
9 5
26 21
14 12
14 27
26 22
28 16
29 3
1 4
1 25
26 7
15 25
1 21
29 20
30 12
8 29
16 0
16 25
7 18
28 20
14 5
21 22
6 23
10 24
16 3
16 4
21 5
26 0
31 17
9 24
30 17
14 4
1 24
28 14
13 3
6 18
6 16
29 5
9 21
9 27
23 18
14 19
14 9
15 3
23 11
17 24
24 25
21 0
14 1
29 9
9 10
13 12
7 5
1 29
11 24
14 21
28 18
19 20
29 27
27 24
9 23
13 11
14 0
19 5
9 11
26 23
16 22
1 10
1 23
17 29
6 14
1 18
21 11
30 29
10 3
8 31
23 3
3 18
25 12
16 24
17 11
10 27
17 10
1 11
8 30
16 23
28 19
14 18
