#query
61
S
K
P
L
F
R
V
S
E
G
G
T
D
F
Q
A
D
I
D
E
V
A
L
K
R
I
K
N
W
F
Q
I
L
E
E
N
A
Q
L
D
L
I
G
L
T
N
V
A
I
Y
L
E
L
P
R
Y
A
V
N
K
L
128
0 1
0 2
0 3
2 3
4 2
3 1
4 5
6 5
3 7
4 8
1 5
9 6
6 10
11 5
5 12
13 4
3 14
15 10
6 16
17 5
2 7
9 18
19 17
0 8
3 20
20 21
22 17
23 2
14 24
24 25
9 26
3 22
27 7
7 28
29 5
15 8
13 30
7 31
32 2
29 33
25 6
27 34
1 34
25 35
23 20
25 33
36 25
27 35
13 7
29 22
4 19
37 2
38 16
23 30
39 3
9 30
39 32
20 17
39 27
3 28
40 9
38 5
29 1
25 20
16 41
40 3
23 22
42 17
35 33
25 41
43 12
40 29
8 10
44 5
31 44
7 45
46 41
39 20
26 30
29 47
18 25
38 44
48 22
16 49
42 46
50 22
50 29
0 51
15 52
53 12
54 30
55 52
45 20
9 2
4 41
39 6
53 8
4 46
30 2
40 32
50 10
9 4
56 35
35 41
43 52
9 3
40 55
17 46
33 5
6 57
29 44
56 24
4 20
30 22
40 37
30 48
4 58
3 18
39 25
47 59
11 46
54 22
13 44
38 57
50 1
0 4
54 60
50 12
