#query
61
F
F
A
T
I
A
S
S
I
W
M
T
I
N
L
F
D
S
L
F
K
F
H
P
M
F
K
A
S
P
V
L
K
T
L
D
Q
F
V
S
D
L
F
I
G
E
E
T
H
L
S
R
A
Y
F
K
L
Q
Q
V
A
128
0 1
2 0
2 3
2 4
1 5
6 0
1 7
8 1
9 6
1 10
2 11
3 12
6 11
13 0
11 14
15 14
7 16
17 13
2 14
2 18
14 19
20 15
15 21
7 22
9 13
23 12
15 24
25 8
7 26
8 22
15 22
0 26
25 27
2 28
14 12
29 1
30 27
31 24
29 16
28 32
33 10
34 26
0 35
2 33
0 36
11 37
2 38
26 16
0 39
40 22
37 4
11 10
22 27
41 39
37 3
30 1
42 32
1 22
43 14
44 7
31 14
25 45
44 22
40 32
46 24
13 21
2 47
33 48
21 49
48 50
15 41
51 11
1 42
0 46
8 32
43 44
11 31
51 0
52 2
48 49
33 53
8 12
54 21
45 44
8 54
46 49
33 21
6 37
15 10
52 13
31 34
53 48
36 50
4 19
39 55
56 10
35 50
41 3
2 31
36 57
41 22
38 58
14 8
31 46
41 12
26 24
0 57
11 24
39 21
59 20
13 33
7 42
0 60
29 42
34 42
53 23
41 8
28 27
17 39
34 57
53 10
22 12
38 57
35 57
31 35
0 43
48 24
40 10
