#qgen
65
19
19
30
30
18
13
21
5
21
4
23
4
13
14
21
21
2
10
5
31
2
7
27
31
22
31
1
18
3
20
25
26
3
8
22
26
9
7
4
1
3
12
7
17
9
26
7
20
27
32
21
6
6
14
17
13
8
8
12
5
32
20
30
21
26
64
0 1
2 1
2 3
3 4
2 5
3 6
7 1
7 8
0 9
10 2
11 2
12 7
0 13
14 0
15 10
16 1
3 17
18 12
12 19
20 2
11 21
22 7
12 23
24 18
19 25
26 23
27 6
24 28
28 29
30 6
31 27
3 32
6 33
34 10
35 34
29 36
37 35
38 11
39 30
0 40
32 41
0 42
43 34
34 44
6 45
28 46
47 37
48 29
18 49
30 50
37 51
45 52
53 46
54 25
37 55
38 56
57 15
58 53
59 35
60 4
61 12
62 21
23 63
31 64
