#qgen
223
19
19
30
30
18
13
21
5
21
4
23
4
13
14
21
21
2
10
5
31
2
7
27
31
22
31
1
18
3
20
25
26
3
8
22
26
9
7
4
1
3
12
7
17
9
26
7
20
27
32
21
6
6
14
17
13
8
8
12
5
32
20
30
21
26
12
22
23
10
2
7
6
8
3
9
7
15
30
30
24
20
18
32
26
8
20
19
9
14
11
19
22
28
18
2
6
2
3
28
3
8
23
25
4
1
29
3
21
23
7
26
5
5
20
9
32
30
19
31
6
31
5
23
25
14
32
20
24
30
28
12
17
21
5
18
7
12
19
25
22
29
26
9
5
9
32
32
31
11
7
11
5
28
12
20
17
15
1
30
2
6
31
27
12
22
21
18
21
2
20
31
21
8
7
32
3
13
1
12
17
24
22
1
18
30
31
31
28
22
7
25
5
13
2
15
15
27
8
26
31
4
1
5
23
24
29
1
10
31
11
14
27
9
8
10
19
19
15
19
14
28
9
29
256
0 1
2 1
2 3
3 4
2 5
3 6
7 1
7 8
0 9
10 2
11 2
12 7
0 13
14 0
15 10
16 1
3 17
18 12
12 19
20 2
11 21
22 7
12 23
24 18
19 25
26 23
27 6
24 28
28 29
30 6
31 27
3 32
6 33
34 10
35 34
29 36
37 35
38 11
39 30
0 40
32 41
0 42
43 34
34 44
6 45
28 46
47 37
48 29
18 49
30 50
37 51
45 52
53 46
54 25
37 55
38 56
57 15
58 53
59 35
60 4
61 12
62 21
23 63
31 64
36 65
18 66
67 65
35 68
34 69
46 70
71 36
68 72
73 47
15 74
75 46
58 76
46 77
34 78
19 79
80 59
61 81
67 82
49 83
54 84
85 2
15 86
29 87
29 88
89 88
90 64
91 34
24 49
79 92
47 93
49 94
95 36
61 96
48 88
87 68
88 97
98 0
99 7
100 86
64 101
102 28
103 49
104 37
105 70
106 75
50 107
46 108
49 109
110 29
93 102
111 105
34 112
110 113
29 114
51 111
115 110
93 116
76 117
15 118
78 119
120 19
121 65
122 111
123 80
124 117
125 73
125 76
126 121
80 127
61 128
105 72
99 129
112 130
131 110
87 59
75 132
39 107
101 133
125 134
59 68
135 80
136 121
80 137
78 138
139 20
140 138
141 73
142 125
88 137
143 82
78 144
105 145
28 146
72 147
148 59
149 11
7 150
151 144
152 147
100 153
68 143
154 82
72 155
156 49
157 61
158 138
137 159
160 97
161 100
132 162
163 5
136 46
153 118
164 104
138 165
133 166
167 102
168 59
155 112
169 46
153 170
43 171
172 158
173 2
112 141
165 58
174 18
119 175
176 51
177 12
178 61
116 179
180 101
138 181
182 165
171 167
183 110
184 138
122 97
47 185
100 186
187 105
188 86
189 56
46 190
59 191
24 192
184 146
193 115
138 141
194 20
147 102
195 177
196 194
183 105
111 191
82 59
114 197
58 59
198 105
123 144
114 199
47 167
200 50
73 201
37 202
43 203
204 197
205 177
141 206
87 47
207 88
208 64
138 209
144 152
101 210
207 211
154 212
70 73
213 121
214 105
117 77
215 39
93 160
77 216
143 207
217 25
138 218
219 71
220 71
54 221
222 219
