#qgen
115
27
24
11
22
31
27
1
13
31
17
6
32
8
5
2
1
29
30
23
7
4
17
2
15
30
2
31
3
14
11
5
11
18
14
11
21
31
24
20
10
28
5
19
13
29
1
32
28
24
11
14
28
8
23
26
32
4
3
24
13
25
21
27
25
19
16
5
32
16
32
29
25
7
31
9
18
10
24
1
9
32
9
10
10
2
28
17
11
26
10
8
30
23
6
4
12
9
6
6
19
7
22
27
29
18
15
11
15
20
9
29
30
21
21
17
128
0 1
1 2
1 3
1 4
5 4
6 4
1 7
6 8
8 9
10 6
8 11
12 8
8 13
14 8
15 8
16 10
4 17
1 18
8 19
20 15
19 21
22 4
23 8
1 0
7 24
11 25
26 8
27 23
17 28
21 29
30 17
28 31
32 4
33 30
34 4
35 28
36 17
6 37
17 38
8 39
19 40
5 41
42 30
5 43
44 29
45 16
41 46
47 34
17 42
48 8
26 49
47 10
50 14
4 51
52 11
53 29
34 54
47 55
29 56
57 17
58 39
8 59
60 8
61 44
62 7
14 50
63 30
42 64
65 25
66 65
54 67
66 60
8 68
42 69
70 68
54 71
72 70
61 73
41 74
30 75
76 7
77 4
78 53
77 33
79 6
79 80
79 81
56 82
83 64
41 84
85 84
55 33
86 51
11 87
17 6
56 88
40 89
53 90
65 26
73 91
92 53
8 38
67 93
94 60
95 64
96 66
41 97
81 63
53 78
98 85
4 99
88 56
100 89
70 101
100 102
103 102
88 68
104 100
105 73
44 106
107 45
108 74
82 109
104 110
111 93
89 112
113 68
29 114
