#qgen
62
27
24
11
22
31
27
1
13
31
17
6
32
8
5
2
1
29
30
23
7
4
17
2
15
30
2
31
3
14
11
5
11
18
14
11
21
31
24
20
10
28
5
19
13
29
1
32
28
24
11
14
28
8
23
26
32
4
3
24
13
25
21
64
0 1
1 2
1 3
1 4
5 4
6 4
1 7
6 8
8 9
10 6
8 11
12 8
8 13
14 8
15 8
16 10
4 17
1 18
8 19
20 15
19 21
22 4
23 8
1 0
7 24
11 25
26 8
27 23
17 28
21 29
30 17
28 31
32 4
33 30
34 4
35 28
36 17
6 37
17 38
8 39
19 40
5 41
42 30
5 43
44 29
45 16
41 46
47 34
17 42
48 8
26 49
47 10
50 14
4 51
52 11
53 29
34 54
47 55
29 56
57 17
58 39
8 59
60 8
61 44
