#qgen
115
2
10
24
21
5
24
17
11
6
6
30
11
12
24
2
18
24
22
31
9
9
26
14
3
29
6
26
1
9
28
26
3
9
18
31
14
1
30
6
5
13
26
17
31
18
10
18
28
21
25
32
30
8
28
19
19
22
19
11
18
4
25
1
9
2
24
25
20
30
24
22
32
12
30
2
27
24
27
22
4
17
3
18
18
17
3
31
22
26
1
4
5
23
14
16
15
25
27
21
26
16
3
14
23
13
1
2
18
7
2
27
6
4
18
31
128
1 0
1 2
2 3
4 2
5 3
6 5
7 6
6 8
9 6
10 6
6 11
8 12
13 5
5 14
9 15
9 16
16 17
18 6
10 19
20 16
21 6
18 22
23 9
24 20
20 25
26 9
27 21
5 28
17 29
30 16
21 31
6 32
5 33
13 34
27 35
35 36
37 9
38 24
39 21
40 36
41 5
42 29
43 21
9 44
45 38
46 3
47 29
48 31
15 49
9 50
51 27
52 23
53 51
54 49
12 54
55 39
16 25
50 56
43 57
58 45
23 51
59 21
52 60
48 25
39 61
42 62
44 22
63 52
64 16
65 53
51 66
21 51
38 67
10 68
29 53
26 69
13 70
71 67
67 72
73 27
74 9
39 75
59 76
8 77
43 31
78 69
79 59
80 49
62 81
82 39
31 27
9 83
84 61
14 13
40 85
86 27
61 87
61 88
89 6
81 84
45 90
91 65
14 70
92 84
76 93
94 48
26 95
89 96
97 44
21 22
98 29
53 99
62 100
101 100
57 102
98 103
89 104
31 105
106 56
67 107
73 108
109 82
110 75
47 89
95 111
16 112
73 113
63 114
