#qgen
61
2
10
24
21
5
24
17
11
6
6
30
11
12
24
2
18
24
22
31
9
9
26
14
3
29
6
26
1
9
28
26
3
9
18
31
14
1
30
6
5
13
26
17
31
18
10
18
28
21
25
32
30
8
28
19
19
22
19
11
18
4
64
1 0
1 2
2 3
4 2
5 3
6 5
7 6
6 8
9 6
10 6
6 11
8 12
13 5
5 14
9 15
9 16
16 17
18 6
10 19
20 16
21 6
18 22
23 9
24 20
20 25
26 9
27 21
5 28
17 29
30 16
21 31
6 32
5 33
13 34
27 35
35 36
37 9
38 24
39 21
40 36
41 5
42 29
43 21
9 44
45 38
46 3
47 29
48 31
15 49
9 50
51 27
52 23
53 51
54 49
12 54
55 39
16 25
50 56
43 57
58 45
23 51
59 21
52 60
48 25
