#qgen
64
1
25
9
10
12
30
11
25
12
13
22
24
2
8
2
30
28
10
20
17
31
30
28
28
7
32
28
12
21
25
3
26
27
23
25
17
29
15
3
16
13
27
32
13
16
31
11
15
17
24
4
32
1
4
21
4
32
11
29
13
21
22
22
22
64
0 1
2 1
2 3
4 2
2 5
6 3
7 2
8 4
9 6
5 10
5 11
5 12
13 6
14 2
15 6
9 16
3 17
16 18
13 19
20 6
21 20
9 22
5 23
24 22
25 4
26 9
27 7
28 14
7 29
30 15
31 2
7 32
13 33
16 34
35 30
36 17
29 37
38 2
39 36
26 40
41 17
42 11
43 2
5 44
45 15
46 26
47 36
25 48
22 49
50 18
51 45
52 23
51 53
54 5
55 18
6 56
57 36
58 43
59 40
2 28
20 60
44 61
62 15
49 63
