#qgen
117
1
25
9
10
12
30
11
25
12
13
22
24
2
8
2
30
28
10
20
17
31
30
28
28
7
32
28
12
21
25
3
26
27
23
25
17
29
15
3
16
13
27
32
13
16
31
11
15
17
24
4
32
1
4
21
4
32
11
29
13
21
22
22
22
6
22
22
2
19
13
14
24
8
22
30
26
27
6
19
3
32
30
20
25
30
14
20
17
9
2
12
26
25
10
5
20
21
5
8
7
13
3
6
31
19
2
15
30
28
23
28
17
9
18
12
17
10
128
0 1
2 1
2 3
4 2
2 5
6 3
7 2
8 4
9 6
5 10
5 11
5 12
13 6
14 2
15 6
9 16
3 17
16 18
13 19
20 6
21 20
9 22
5 23
24 22
25 4
26 9
27 7
28 14
7 29
30 15
31 2
7 32
13 33
16 34
35 30
36 17
29 37
38 2
39 36
26 40
41 17
42 11
43 2
5 44
45 15
46 26
47 36
25 48
22 49
50 18
51 45
52 23
51 53
54 5
55 18
6 56
57 36
58 43
59 40
2 28
20 60
44 61
62 15
49 63
17 64
65 11
66 25
67 6
64 14
68 17
49 69
70 46
71 39
72 54
61 73
74 3
27 25
75 41
36 76
61 77
56 5
78 29
38 17
5 79
47 41
80 52
81 14
82 20
83 38
84 2
85 25
80 86
67 64
87 46
88 62
9 89
76 90
13 91
92 25
9 64
39 93
94 5
95 83
96 9
83 97
71 89
14 98
18 38
36 99
66 100
101 5
43 102
103 14
104 31
57 105
84 106
43 8
90 107
108 10
66 109
110 94
111 41
112 61
71 113
9 114
99 37
115 93
116 2
