#qgen
249
32
6
10
17
8
19
23
3
24
31
31
16
4
2
27
14
1
27
18
17
11
19
28
4
21
14
17
8
14
31
10
3
23
18
32
25
16
16
30
16
12
22
32
1
22
7
23
12
20
2
19
16
5
7
5
17
28
12
19
15
3
5
1
26
4
10
3
28
6
25
24
9
17
4
5
24
3
15
14
12
28
8
8
27
2
10
32
27
2
11
24
26
10
10
19
19
20
27
7
29
20
16
25
11
27
31
23
8
8
10
5
19
20
31
22
6
7
9
12
6
4
8
11
6
5
18
19
9
6
29
25
23
12
3
10
30
11
21
9
7
10
6
31
21
4
9
31
22
9
4
29
22
6
30
28
26
9
28
9
10
13
31
18
6
12
29
30
3
18
29
15
11
8
9
2
16
19
15
24
24
18
14
27
13
14
19
15
17
1
11
16
32
19
3
17
8
19
31
1
9
24
32
25
22
3
8
12
29
30
20
23
3
24
10
31
17
24
21
20
12
19
7
24
14
7
23
29
21
14
6
32
11
32
17
4
26
1
16
5
30
20
22
21
21
2
32
18
1
3
256
1 0
0 2
3 0
3 4
3 5
1 6
3 7
5 8
8 9
10 8
11 7
12 7
13 7
3 14
7 15
3 16
3 17
14 18
18 19
20 7
14 21
21 22
23 10
21 24
25 3
10 9
26 20
27 20
28 10
29 20
30 10
7 31
32 20
17 33
34 20
27 35
20 36
33 37
38 7
39 19
40 32
3 41
7 39
42 20
3 43
21 44
45 20
7 46
47 18
21 48
30 49
50 3
51 20
52 7
3 53
30 54
23 55
56 33
57 20
58 5
21 59
57 60
61 14
62 14
63 20
5 64
65 7
66 5
67 3
68 20
33 69
66 70
71 21
72 69
33 73
74 32
40 75
14 76
60 77
7 78
79 72
80 32
14 81
82 31
66 83
84 14
85 14
26 86
87 5
68 88
48 89
90 56
91 68
3 92
93 3
20 94
7 95
96 14
30 97
10 98
99 70
7 100
101 7
20 102
103 3
72 104
91 105
70 106
107 3
70 108
91 109
110 109
20 111
112 7
49 113
7 114
91 32
91 115
64 116
117 50
77 118
20 119
19 120
121 49
122 20
21 123
111 124
125 44
72 126
20 127
77 128
129 33
130 39
131 114
97 132
133 59
72 134
87 135
18 14
136 87
28 137
5 138
139 88
140 88
20 141
10 142
114 143
144 101
145 140
33 146
14 147
104 148
91 149
150 54
143 5
151 125
152 114
128 153
154 20
155 20
156 6
128 157
96 158
70 159
160 99
21 161
162 138
163 7
164 128
165 4
117 166
167 7
168 7
31 169
170 117
35 171
172 61
60 173
148 174
56 175
176 117
5 177
165 178
21 160
179 70
177 180
3 181
6 182
143 183
29 184
185 33
186 148
187 3
188 143
189 49
117 190
191 3
192 20
123 193
194 146
195 23
68 196
177 197
56 198
125 117
199 117
117 200
194 201
202 184
203 104
204 59
118 205
206 114
41 207
208 155
209 191
36 210
211 165
209 212
7 213
7 214
39 215
196 216
14 217
7 218
219 32
220 140
221 10
88 222
87 223
206 224
225 122
148 226
190 227
209 228
74 229
230 110
117 231
126 72
97 232
232 233
143 234
5 235
236 118
219 237
238 206
117 239
21 240
241 148
117 242
243 34
177 244
245 164
20 246
215 247
187 248
