#qgen
126
32
6
10
17
8
19
23
3
24
31
31
16
4
2
27
14
1
27
18
17
11
19
28
4
21
14
17
8
14
31
10
3
23
18
32
25
16
16
30
16
12
22
32
1
22
7
23
12
20
2
19
16
5
7
5
17
28
12
19
15
3
5
1
26
4
10
3
28
6
25
24
9
17
4
5
24
3
15
14
12
28
8
8
27
2
10
32
27
2
11
24
26
10
10
19
19
20
27
7
29
20
16
25
11
27
31
23
8
8
10
5
19
20
31
22
6
7
9
12
6
4
8
11
6
5
18
128
1 0
0 2
3 0
3 4
3 5
1 6
3 7
5 8
8 9
10 8
11 7
12 7
13 7
3 14
7 15
3 16
3 17
14 18
18 19
20 7
14 21
21 22
23 10
21 24
25 3
10 9
26 20
27 20
28 10
29 20
30 10
7 31
32 20
17 33
34 20
27 35
20 36
33 37
38 7
39 19
40 32
3 41
7 39
42 20
3 43
21 44
45 20
7 46
47 18
21 48
30 49
50 3
51 20
52 7
3 53
30 54
23 55
56 33
57 20
58 5
21 59
57 60
61 14
62 14
63 20
5 64
65 7
66 5
67 3
68 20
33 69
66 70
71 21
72 69
33 73
74 32
40 75
14 76
60 77
7 78
79 72
80 32
14 81
82 31
66 83
84 14
85 14
26 86
87 5
68 88
48 89
90 56
91 68
3 92
93 3
20 94
7 95
96 14
30 97
10 98
99 70
7 100
101 7
20 102
103 3
72 104
91 105
70 106
107 3
70 108
91 109
110 109
20 111
112 7
49 113
7 114
91 32
91 115
64 116
117 50
77 118
20 119
19 120
121 49
122 20
21 123
111 124
125 44
