#qgen
63
32
6
10
17
8
19
23
3
24
31
31
16
4
2
27
14
1
27
18
17
11
19
28
4
21
14
17
8
14
31
10
3
23
18
32
25
16
16
30
16
12
22
32
1
22
7
23
12
20
2
19
16
5
7
5
17
28
12
19
15
3
5
1
64
1 0
0 2
3 0
3 4
3 5
1 6
3 7
5 8
8 9
10 8
11 7
12 7
13 7
3 14
7 15
3 16
3 17
14 18
18 19
20 7
14 21
21 22
23 10
21 24
25 3
10 9
26 20
27 20
28 10
29 20
30 10
7 31
32 20
17 33
34 20
27 35
20 36
33 37
38 7
39 19
40 32
3 41
7 39
42 20
3 43
21 44
45 20
7 46
47 18
21 48
30 49
50 3
51 20
52 7
3 53
30 54
23 55
56 33
57 20
58 5
21 59
57 60
61 14
62 14
