#qgen
207
21
22
5
9
23
32
15
26
22
20
24
25
2
27
21
28
27
32
10
2
3
17
27
19
10
17
11
29
7
3
28
22
24
6
29
5
15
1
5
14
9
19
24
1
5
3
26
24
16
26
27
7
1
31
18
2
19
5
10
1
19
26
6
9
10
24
1
12
4
31
29
29
3
4
12
7
16
30
2
6
25
14
12
21
9
3
16
5
27
19
3
7
24
24
26
14
24
3
2
31
24
12
16
26
11
1
24
15
16
29
23
14
19
20
3
30
18
17
14
19
14
18
29
5
31
23
12
31
8
25
15
26
12
10
19
12
14
9
10
24
4
29
3
23
11
14
11
32
17
32
3
27
28
24
25
20
12
9
10
27
3
22
10
6
13
30
5
9
10
30
2
16
13
29
22
6
17
9
26
17
7
29
8
30
22
19
15
9
8
11
5
16
5
30
29
3
12
5
4
28
21
9
10
32
8
4
27
256
0 1
0 2
3 0
1 4
2 5
4 3
1 5
6 0
1 7
6 8
1 9
10 7
11 6
8 12
8 13
14 10
15 7
16 7
17 9
8 18
19 8
19 20
10 21
22 12
23 7
24 19
25 18
26 25
8 27
28 3
29 13
30 12
31 8
32 25
33 24
34 26
19 35
33 36
29 37
38 25
19 39
32 40
41 40
42 32
43 18
25 33
11 44
45 26
46 30
47 26
48 34
40 49
50 19
46 51
52 13
48 26
53 41
54 44
26 55
56 45
57 46
41 58
3 1
53 59
26 60
61 37
62 37
42 63
32 64
24 65
66 14
49 67
65 68
69 14
70 34
71 24
39 72
42 73
74 47
12 75
73 76
77 29
78 64
25 40
79 19
80 74
81 44
82 72
63 83
74 84
85 57
50 86
50 87
88 64
48 89
90 82
91 30
92 13
93 48
71 94
34 89
65 95
96 46
33 97
81 98
99 93
71 50
100 33
50 101
26 97
102 38
48 103
60 49
25 104
72 105
71 106
102 18
107 30
57 108
109 89
21 110
30 111
112 49
79 93
101 113
109 114
65 103
115 26
116 12
50 13
117 96
43 118
119 84
120 42
121 75
122 58
39 123
26 124
91 125
99 96
126 42
24 38
127 37
128 96
38 129
130 121
57 125
47 63
29 119
125 131
34 132
133 41
134 30
86 135
136 133
49 19
137 85
73 138
48 38
88 139
82 140
26 104
91 13
103 43
129 65
88 141
107 142
143 102
110 144
78 145
81 146
71 29
91 147
119 148
149 145
150 146
110 151
60 152
49 153
154 152
135 57
85 155
43 156
85 157
42 158
43 159
160 96
161 147
162 122
163 154
132 88
164 67
24 71
165 96
110 166
167 85
55 168
85 169
54 170
95 36
29 67
157 171
58 172
131 173
125 174
175 53
128 176
177 91
122 178
33 92
91 179
180 33
181 119
182 152
183 122
14 69
64 34
81 75
181 184
13 185
72 186
187 92
75 96
188 85
47 189
190 40
143 29
191 107
192 131
193 82
194 157
184 195
77 117
152 45
135 196
77 47
103 168
102 113
179 191
197 72
145 198
88 176
149 102
95 148
78 199
200 72
108 201
202 109
203 181
204 106
205 120
65 121
88 44
37 62
187 206
91 182
