#qgen
60
21
22
5
9
23
32
15
26
22
20
24
25
2
27
21
28
27
32
10
2
3
17
27
19
10
17
11
29
7
3
28
22
24
6
29
5
15
1
5
14
9
19
24
1
5
3
26
24
16
26
27
7
1
31
18
2
19
5
10
1
64
0 1
0 2
3 0
1 4
2 5
4 3
1 5
6 0
1 7
6 8
1 9
10 7
11 6
8 12
8 13
14 10
15 7
16 7
17 9
8 18
19 8
19 20
10 21
22 12
23 7
24 19
25 18
26 25
8 27
28 3
29 13
30 12
31 8
32 25
33 24
34 26
19 35
33 36
29 37
38 25
19 39
32 40
41 40
42 32
43 18
25 33
11 44
45 26
46 30
47 26
48 34
40 49
50 19
46 51
52 13
48 26
53 41
54 44
26 55
56 45
57 46
41 58
3 1
53 59
