#qgen
116
25
32
29
11
24
16
21
13
6
9
20
5
23
5
30
12
12
17
28
13
26
6
7
31
3
2
3
22
28
15
26
12
22
7
26
25
3
20
20
4
25
15
23
29
29
21
18
22
5
12
30
11
8
14
31
2
32
9
8
25
32
8
15
13
6
17
7
17
11
30
9
3
12
20
26
16
2
6
3
7
11
24
26
18
26
29
28
12
14
4
30
16
4
11
32
31
4
25
10
1
5
31
12
31
28
31
22
16
31
25
15
29
14
19
12
11
128
0 1
1 2
3 1
3 4
5 4
3 6
3 7
5 8
8 9
0 10
11 8
12 3
13 12
12 14
15 13
14 16
17 13
18 12
19 4
20 15
21 10
22 15
23 22
24 12
4 5
25 12
26 4
9 27
28 12
13 29
13 30
31 12
23 32
33 25
34 30
35 22
12 36
17 23
12 37
38 35
39 17
40 1
41 17
42 19
27 43
12 44
45 5
46 15
47 35
17 48
13 49
50 1
49 51
52 12
27 53
54 9
55 28
30 56
23 57
46 58
59 46
60 38
61 49
23 62
23 63
64 48
65 46
30 66
66 13
67 50
29 68
35 69
70 55
57 46
71 48
30 72
73 51
74 56
70 46
75 35
42 2
54 76
77 38
78 77
79 64
80 62
81 12
82 27
28 83
55 30
84 78
85 6
86 73
87 66
28 88
14 47
89 47
86 90
46 91
92 57
93 68
78 94
58 14
95 48
96 46
78 97
98 86
99 27
57 100
48 101
102 60
103 57
30 104
35 15
105 57
22 47
106 89
70 73
45 107
27 108
109 6
40 110
29 111
112 101
17 73
113 48
111 114
72 115
