#qgen
254
5
24
28
9
11
6
26
28
30
21
20
19
3
7
28
9
24
12
17
14
15
28
17
16
25
28
15
6
11
22
13
22
18
32
20
31
27
23
11
30
5
9
2
11
21
11
32
13
27
16
9
30
11
10
24
4
7
7
20
26
24
22
6
30
26
17
13
8
11
28
20
20
30
17
19
30
22
21
32
22
28
8
24
17
30
32
4
7
17
15
24
15
5
1
26
3
23
4
3
10
5
27
3
15
31
22
9
17
26
26
10
18
29
17
12
18
7
13
21
28
4
26
2
16
8
2
16
17
30
5
5
14
6
13
8
8
7
23
23
5
32
11
21
1
27
13
30
31
14
15
21
2
3
16
31
11
22
26
32
17
31
15
15
29
21
14
10
22
22
6
19
19
28
30
21
5
4
21
2
16
27
22
24
12
31
13
3
8
26
12
32
29
13
7
2
17
22
26
19
31
30
21
19
23
17
5
17
22
14
16
10
9
7
20
20
19
21
32
8
10
15
27
7
4
12
18
22
16
4
27
26
22
16
7
19
17
18
28
4
25
11
13
17
8
16
16
2
6
6
30
15
24
5
21
256
1 0
1 2
2 3
2 4
5 4
6 4
7 4
4 8
4 9
10 4
4 11
12 4
13 4
14 13
15 4
4 16
16 17
4 18
4 19
4 20
4 21
22 14
23 4
4 24
25 4
20 26
27 4
28 23
29 4
30 4
4 31
32 4
4 33
34 4
28 35
25 36
4 37
38 13
35 39
4 40
4 41
42 4
17 43
44 32
45 4
46 4
4 47
48 4
49 4
50 4
51 4
52 30
4 53
52 54
38 55
31 56
51 57
58 4
30 59
23 60
4 61
62 41
55 63
64 4
65 4
66 49
4 67
68 4
69 18
4 70
71 6
72 41
73 4
2 74
26 75
41 76
77 4
41 78
79 69
55 80
81 65
82 4
83 29
4 84
85 4
86 4
52 87
4 88
51 89
90 4
91 56
55 92
4 93
94 50
95 87
96 4
97 30
4 98
47 99
100 89
4 101
102 92
103 54
104 31
102 105
4 106
4 107
108 6
109 83
110 105
4 111
112 69
17 113
114 60
86 115
116 64
117 99
118 30
119 92
49 120
86 121
122 44
4 123
87 124
124 125
126 123
112 127
52 128
129 1
52 130
36 131
4 132
38 133
134 114
60 135
18 136
137 128
69 138
139 69
100 140
141 56
80 142
26 143
144 102
4 145
146 120
147 8
112 148
149 4
150 124
151 4
112 152
26 153
154 20
52 155
24 156
18 157
22 158
104 159
160 20
104 161
162 149
163 36
164 149
130 165
166 113
167 4
168 121
169 6
106 170
171 69
172 102
173 4
110 174
175 30
176 4
91 177
78 178
179 151
180 110
41 181
181 182
64 183
94 184
185 30
128 186
128 187
188 86
174 189
190 55
191 112
192 103
41 193
194 164
195 87
1 196
197 109
110 198
154 199
200 136
201 4
202 5
203 41
36 204
205 154
99 206
60 207
37 208
209 172
210 10
211 171
4 212
213 4
16 214
215 110
75 216
217 180
218 30
159 219
220 159
110 218
221 64
41 222
159 223
224 4
225 136
226 159
227 147
228 4
104 229
69 230
49 185
231 126
114 232
233 102
234 63
217 235
165 236
237 111
178 238
239 193
240 59
186 241
219 242
102 243
244 63
245 49
41 202
246 109
247 218
218 248
249 218
250 31
4 251
140 252
253 64
