#qgen
126
22
12
15
25
28
2
12
11
32
2
10
3
4
28
6
31
1
2
22
9
4
17
20
16
4
23
9
10
13
15
15
18
18
9
22
24
8
18
16
1
1
1
25
25
27
23
2
29
2
16
2
18
13
19
24
12
11
3
26
26
1
32
24
31
25
13
31
8
9
31
8
16
30
17
17
7
19
24
18
22
27
14
15
19
15
7
14
13
32
15
12
4
31
9
20
27
8
30
18
6
29
31
32
28
26
30
6
26
12
8
6
18
17
4
11
28
20
31
32
28
11
17
26
29
7
24
128
0 1
1 2
1 3
1 4
5 1
1 6
7 6
7 8
4 9
10 5
11 1
1 12
1 13
1 14
15 1
1 16
17 9
18 16
18 19
1 8
8 20
21 13
22 17
19 23
24 10
25 4
12 26
27 8
8 23
1 28
19 29
19 30
8 31
29 32
33 29
29 34
35 31
31 36
21 37
19 38
39 9
31 40
24 41
16 42
43 31
44 31
45 21
46 21
47 31
21 48
24 49
7 50
51 4
52 8
50 53
54 31
24 55
25 56
1 57
58 38
26 59
60 36
25 61
42 62
29 63
8 64
31 65
24 66
67 59
68 64
49 69
8 70
42 71
72 19
31 73
74 29
1 75
76 67
77 62
52 78
25 79
24 80
81 69
82 31
35 83
84 67
7 85
79 86
24 87
88 7
60 89
90 63
74 91
5 92
93 38
94 20
95 19
96 87
97 50
98 7
99 86
31 100
101 21
102 58
103 59
104 70
105 101
63 104
106 60
85 107
108 31
109 99
10 110
111 24
35 112
71 113
114 2
115 47
58 116
117 31
62 118
19 119
120 1
121 32
25 122
60 123
124 63
49 125
