#qgen
64
9
1
2
26
19
13
6
19
9
27
6
29
19
22
9
1
13
2
20
10
16
7
17
13
24
31
21
10
3
9
21
15
19
19
16
32
19
19
2
30
32
11
11
20
32
22
22
18
3
8
10
1
10
20
32
4
9
8
25
17
26
26
6
2
64
0 1
2 1
1 2
3 2
3 4
3 5
5 6
7 3
8 3
5 9
10 4
11 8
8 12
13 11
14 5
9 15
16 11
17 8
18 4
4 19
20 8
8 21
22 16
23 4
22 24
11 25
26 14
4 27
28 11
29 27
11 30
30 31
22 32
33 15
19 34
29 35
36 18
17 37
4 38
39 26
40 36
41 23
22 42
22 43
44 23
41 45
46 3
19 47
48 19
18 49
50 25
51 40
52 32
53 9
54 47
55 27
31 56
57 27
36 58
59 54
27 60
61 51
62 51
4 63
