#qgen
63
14
15
16
30
19
24
29
32
26
3
7
9
18
9
30
22
24
30
23
15
29
6
4
30
29
12
6
4
2
21
26
11
10
9
26
26
25
7
3
17
32
12
4
23
13
24
2
3
26
8
16
30
22
5
25
5
27
17
28
12
8
25
4
64
0 1
1 2
3 2
4 1
5 3
6 1
1 7
1 8
9 2
10 6
11 9
12 9
2 13
9 14
15 10
9 16
17 9
9 18
9 19
9 20
21 9
21 22
6 23
9 24
25 19
26 8
9 27
9 28
19 27
29 6
30 19
31 19
32 14
33 19
9 34
35 9
9 36
37 9
38 13
39 9
40 9
9 41
8 42
43 13
24 44
41 45
46 28
9 47
9 48
9 49
50 9
35 51
9 52
53 16
9 44
52 54
55 23
56 13
9 57
9 58
59 19
45 60
45 61
62 61
