#qgen
124
14
15
16
30
19
24
29
32
26
3
7
9
18
9
30
22
24
30
23
15
29
6
4
30
29
12
6
4
2
21
26
11
10
9
26
26
25
7
3
17
32
12
4
23
13
24
2
3
26
8
16
30
22
5
25
5
27
17
28
12
8
25
4
11
24
32
3
9
8
22
5
10
5
27
10
9
16
9
6
26
1
1
30
14
22
5
17
31
18
21
30
2
27
19
16
27
20
24
14
3
22
10
28
7
20
32
28
4
14
32
3
20
5
18
14
8
20
16
6
14
21
26
2
23
128
0 1
1 2
3 2
4 1
5 3
6 1
1 7
1 8
9 2
10 6
11 9
12 9
2 13
9 14
15 10
9 16
17 9
9 18
9 19
9 20
21 9
21 22
6 23
9 24
25 19
26 8
9 27
9 28
19 27
29 6
30 19
31 19
32 14
33 19
9 34
35 9
9 36
37 9
38 13
39 9
40 9
9 41
8 42
43 13
24 44
41 45
46 28
9 47
9 48
9 49
50 9
35 51
9 52
53 16
9 44
52 54
55 23
56 13
9 57
9 58
59 19
45 60
45 61
62 61
25 63
1 9
24 64
65 30
13 66
67 65
64 68
69 48
9 70
68 71
72 9
73 45
66 74
66 75
68 76
76 77
78 76
10 79
80 65
9 81
82 52
83 76
84 3
85 9
86 20
87 9
23 88
67 89
90 89
91 9
68 92
44 93
94 9
95 9
9 96
41 97
98 9
99 96
100 9
19 101
96 102
30 103
93 104
105 85
12 106
107 80
85 108
109 9
9 5
110 65
19 111
112 73
113 52
20 114
85 115
116 89
41 117
9 118
119 64
120 41
101 19
121 20
122 108
37 123
