#qgen
116
26
38
37
38
34
36
37
34
27
31
26
38
41
46
34
25
32
48
33
37
39
40
40
36
40
35
38
45
39
31
36
32
35
34
39
40
35
43
30
40
35
36
33
29
35
37
37
43
39
29
36
32
42
35
33
34
39
28
37
41
40
44
40
34
34
41
40
50
42
38
32
41
35
37
45
40
33
36
32
40
39
23
36
34
46
48
43
42
42
40
37
39
24
42
37
34
43
41
41
45
39
28
31
40
37
30
39
42
40
38
44
39
39
51
39
28
256
1 0
0 2
3 0
0 4
5 4
0 1
4 6
1 7
4 0
4 8
8 9
8 10
9 11
9 12
13 9
14 11
15 9
16 9
9 15
17 8
18 9
19 1
8 20
9 21
9 22
23 0
0 24
22 25
1 26
27 9
9 28
28 29
30 9
31 0
4 32
33 9
8 34
14 9
35 20
9 36
5 17
37 9
38 9
39 9
26 1
9 33
40 9
25 41
42 0
5 43
44 5
24 45
46 8
9 47
9 16
48 9
9 49
9 50
22 9
51 9
52 32
53 40
54 9
50 9
53 55
56 9
55 57
58 5
10 5
46 32
59 9
9 60
61 9
5 58
45 62
63 9
9 57
64 9
9 65
66 9
14 67
68 9
9 69
59 28
44 32
70 9
9 61
9 71
37 72
73 26
19 74
25 75
20 45
17 0
62 8
15 76
10 52
8 35
32 24
52 20
77 54
52 8
46 62
78 9
9 79
72 25
62 46
17 45
45 8
8 62
55 80
32 81
17 52
74 7
82 9
25 9
20 52
26 73
10 58
83 9
84 9
8 17
5 10
0 3
9 25
9 85
17 44
86 28
87 9
9 41
9 72
9 37
12 9
20 8
29 28
22 65
55 49
10 24
9 27
80 88
25 89
90 8
32 35
9 68
9 91
9 8
21 59
92 53
53 77
8 52
9 93
9 94
9 55
95 9
9 96
67 9
25 72
49 55
7 74
1 19
4 10
21 9
97 9
28 9
21 28
98 2
99 4
100 9
44 17
9 56
75 9
9 95
55 9
73 7
89 9
32 44
9 67
101 3
73 19
6 102
9 51
55 53
103 9
57 9
9 48
22 75
55 93
104 53
41 9
0 42
80 55
105 9
106 9
9 75
57 55
7 1
9 107
90 99
10 99
103 53
9 30
55 86
4 108
32 52
108 102
15 48
109 9
9 59
20 32
86 55
110 9
72 37
40 53
62 32
9 78
86 89
9 64
24 0
52 62
28 59
111 0
99 32
6 4
99 10
72 109
89 112
89 12
9 76
62 99
89 105
0 17
8 99
62 52
10 4
90 45
48 76
20 35
5 52
113 0
17 5
89 86
112 9
52 99
32 46
4 99
88 80
75 22
9 105
98 114
115 9
99 62
107 104
4 5
91 97
80 9
78 86
