#qgen
117
34
36
27
44
40
45
47
37
33
34
47
41
35
41
36
42
28
34
40
43
26
45
33
36
41
43
39
44
29
39
43
42
39
40
39
43
34
35
43
40
33
41
44
41
41
37
26
35
42
54
39
42
40
40
44
42
31
38
43
46
39
32
30
40
39
38
26
7
44
42
39
30
32
37
42
38
36
42
46
42
38
34
41
45
32
39
43
35
44
42
30
30
33
37
35
39
40
40
46
45
35
40
41
46
44
43
31
31
36
34
39
38
34
30
43
36
43
256
0 1
1 2
1 3
4 0
5 1
6 1
1 7
8 1
9 4
4 10
0 4
9 10
1 11
4 12
13 9
14 10
12 15
10 16
17 1
15 18
14 19
20 18
21 16
22 9
23 19
19 24
19 25
16 26
13 27
9 28
28 27
29 10
18 30
31 12
12 31
9 27
21 28
32 18
33 20
19 34
4 29
35 20
12 36
37 9
38 9
28 39
28 30
30 20
40 12
39 41
42 19
29 43
27 44
12 10
14 4
45 19
43 46
47 28
9 33
14 48
49 47
1 17
50 19
19 51
45 14
52 28
53 22
9 54
55 15
18 56
27 28
57 18
58 10
45 59
60 20
61 14
62 28
19 63
64 1
1 8
65 18
23 66
52 49
12 67
38 68
1 69
70 32
37 31
43 71
72 47
73 1
43 56
56 74
23 43
16 43
75 13
18 76
77 74
26 16
78 33
77 18
79 1
38 12
28 21
74 80
72 43
81 59
33 68
27 14
71 82
61 37
83 31
22 84
85 28
68 86
83 18
33 78
72 28
10 14
77 20
87 20
88 12
18 89
90 19
45 81
32 70
34 91
83 12
30 33
4 92
76 74
9 44
33 9
10 58
30 28
9 38
83 80
24 93
47 72
14 29
36 20
93 24
83 82
54 9
94 14
60 89
20 83
95 84
96 20
28 85
20 60
47 9
83 57
66 97
27 54
46 28
27 43
16 98
59 99
100 14
89 18
59 45
96 18
20 57
94 77
29 4
83 27
101 70
56 28
19 45
16 10
102 12
1 5
28 9
16 49
103 14
1 104
47 49
58 14
78 20
105 19
52 47
70 30
49 16
37 40
43 14
1 106
98 16
43 27
107 61
28 72
1 64
31 37
104 1
20 65
28 62
27 9
10 92
65 20
108 43
66 23
37 109
103 110
27 40
52 72
15 71
71 74
72 52
10 107
36 12
78 18
28 26
1 111
75 4
80 74
39 43
18 112
76 80
113 1
85 110
84 44
33 30
87 99
24 19
74 35
81 19
10 114
49 52
28 46
30 95
27 62
13 107
112 18
25 43
46 114
14 115
70 101
35 71
4 14
1 116
86 68
63 19
44 27
71 83
20 35
20 32
28 29
82 71
25 19
31 83
62 83
115 14
18 96
58 103
43 90
9 22
