#qgen
54
38
43
37
38
41
44
35
41
35
37
40
37
44
37
34
37
34
38
24
36
26
45
36
43
33
35
35
31
37
33
34
36
37
33
41
37
31
39
47
45
43
28
38
42
47
38
28
34
35
30
35
33
41
39
128
1 0
2 1
1 3
4 3
3 5
4 6
7 2
8 4
3 9
1 10
8 11
9 3
6 12
13 11
5 14
6 15
1 16
14 17
18 16
1 6
3 19
13 20
21 16
2 22
23 15
14 23
24 12
25 3
17 9
26 20
27 4
28 14
20 26
15 5
29 12
9 15
1 28
28 30
2 31
12 32
1 33
29 34
35 29
36 16
37 23
12 25
17 3
33 38
6 32
3 39
40 35
18 13
25 30
41 20
18 29
41 15
12 15
42 5
35 26
38 37
4 43
3 4
20 15
8 1
18 12
23 3
13 25
14 28
3 44
17 20
45 1
14 3
29 15
1 32
46 29
14 12
16 12
47 1
48 9
25 49
5 19
9 25
11 8
2 7
3 46
3 1
29 20
17 15
9 11
16 47
17 14
15 35
23 26
4 25
18 20
19 5
36 9
6 3
26 35
36 14
48 25
39 34
20 50
12 28
42 35
16 18
38 51
42 9
19 42
36 8
4 48
1 52
43 19
15 19
2 38
34 49
17 39
50 34
25 13
1 4
14 25
53 1
25 15
25 6
6 49
6 5
35 15
19 49
