#qgen
117
36
35
35
45
40
43
37
31
36
35
31
41
30
38
42
42
49
26
50
35
33
37
36
32
40
45
36
42
34
38
30
34
33
53
35
40
46
39
44
32
41
44
32
38
32
42
45
40
37
36
38
46
36
38
39
50
28
35
27
34
35
37
34
39
38
36
41
38
35
50
34
30
38
36
30
40
39
38
37
40
39
37
37
33
45
39
34
32
31
44
44
37
44
48
39
40
39
24
35
40
29
35
37
30
38
42
37
40
33
32
34
38
33
35
39
39
36
256
1 0
0 2
2 3
4 2
2 5
6 2
7 6
2 8
2 9
10 2
2 11
2 12
5 2
6 13
14 7
2 15
16 2
17 2
4 18
2 10
2 19
2 20
2 21
22 2
5 11
2 23
24 18
18 25
2 26
19 2
2 27
28 2
4 6
20 2
29 2
2 30
2 31
21 2
32 2
33 2
34 18
20 3
35 4
13 6
36 2
37 2
2 38
2 39
40 2
27 36
2 17
6 41
42 39
43 2
2 37
14 44
34 2
2 45
46 6
6 47
42 48
46 35
2 49
18 6
2 50
6 34
42 28
51 2
47 52
53 2
54 44
42 55
0 56
13 52
12 57
41 3
2 58
25 52
18 53
47 7
13 35
59 55
60 2
11 61
62 2
16 6
25 2
41 63
42 64
65 56
66 2
36 64
67 36
61 11
68 2
0 69
2 70
2 71
4 35
2 72
6 25
31 2
2 57
6 35
2 54
41 35
2 73
74 2
3 20
75 36
65 0
2 76
36 75
9 2
39 42
2 77
51 78
2 18
65 79
41 39
2 14
80 2
46 7
59 81
0 82
79 83
84 61
2 51
2 85
55 2
81 2
36 67
69 86
34 6
87 2
2 88
3 2
89 2
15 2
60 42
2 36
90 2
91 82
86 69
42 70
51 41
2 92
28 42
69 70
56 0
93 2
94 1
78 2
2 95
90 96
70 2
1 97
83 63
56 18
2 98
99 2
2 100
92 101
38 2
73 18
95 2
102 2
103 79
23 48
52 47
61 41
44 54
39 2
41 61
41 51
2 59
7 41
51 42
52 46
104 2
48 105
103 2
47 6
2 44
46 2
7 4
41 18
48 2
106 2
26 2
18 35
79 36
50 2
14 63
82 0
107 0
73 52
71 2
103 91
6 46
2 108
36 79
63 2
51 11
4 7
2 87
33 42
0 65
63 83
73 6
4 37
81 36
46 52
97 104
101 92
2 61
45 2
18 56
52 13
105 48
77 97
2 48
42 11
52 2
42 60
63 14
109 2
18 73
97 110
2 83
2 111
2 81
97 94
112 2
63 41
42 2
18 4
91 2
24 2
59 2
113 79
100 71
2 114
41 75
60 109
2 60
105 78
77 2
44 18
6 73
2 66
13 18
25 73
114 36
115 52
116 2
