#qgen
62
36
35
35
34
44
39
30
50
53
24
36
44
36
38
34
38
39
31
45
40
38
28
37
29
36
45
39
40
32
35
38
41
35
35
37
32
39
40
38
30
31
38
40
37
34
40
42
35
42
32
45
33
29
35
32
38
36
50
39
34
42
37
128
1 0
0 2
2 3
4 2
2 5
6 2
7 5
2 8
9 1
10 2
2 11
2 12
7 13
14 7
15 10
2 16
17 2
18 2
7 10
2 19
2 20
21 0
22 0
23 2
5 7
1 9
21 24
10 25
26 1
27 2
2 28
29 2
14 2
2 30
2 18
2 10
2 23
2 7
12 2
31 2
12 25
32 2
7 2
10 5
33 2
20 2
1 26
2 34
2 35
25 10
2 36
37 2
38 35
2 6
2 39
7 12
40 2
2 25
38 2
41 2
25 12
42 9
2 43
44 2
2 45
39 2
9 42
28 2
36 46
2 27
26 42
47 11
0 1
48 2
5 2
49 2
2 50
13 7
7 15
35 2
30 2
51 50
2 4
46 2
2 48
52 2
2 46
10 12
12 45
53 49
53 2
21 7
9 26
8 2
2 32
0 24
2 54
2 55
43 2
2 31
56 2
15 2
57 0
58 2
1 42
9 38
24 0
3 2
13 2
26 9
0 21
2 15
38 9
2 17
45 10
42 1
35 38
2 59
57 59
25 7
60 0
2 37
36 2
46 36
0 61
59 57
24 21
2 56
