#qgen
51
28
37
29
38
36
25
34
33
35
42
41
47
34
42
30
34
38
39
37
36
42
46
38
33
31
40
34
43
37
31
40
41
48
50
33
47
31
35
36
37
41
28
34
45
40
36
38
35
36
37
43
128
1 0
0 2
3 0
1 4
5 1
2 0
3 6
3 7
8 3
4 1
3 9
10 9
11 10
10 12
13 9
5 14
15 12
11 16
11 17
15 18
13 15
11 19
19 11
20 15
11 21
12 3
3 22
23 3
24 1
9 6
9 13
16 25
6 17
13 16
18 19
17 10
26 13
27 3
18 28
3 21
5 29
0 30
2 3
4 31
18 17
21 18
15 26
32 15
33 13
9 21
13 11
6 15
15 3
5 34
35 3
35 21
10 13
5 36
37 1
16 11
28 18
12 15
6 26
4 38
5 9
39 4
27 32
1 5
10 33
25 17
3 40
41 25
32 17
42 3
41 3
13 19
38 1
32 27
29 5
32 16
36 5
43 34
3 35
41 10
5 44
25 5
6 16
41 21
16 40
35 6
33 6
10 11
3 11
32 21
18 45
46 5
3 16
15 20
47 5
21 15
26 6
18 9
16 10
17 3
18 15
25 16
35 18
17 41
11 13
3 13
19 6
33 32
3 20
21 11
9 18
15 6
35 33
28 35
48 4
26 15
5 49
17 32
10 3
26 5
17 11
33 50
18 41
17 21
