#qgen
111
483
133
289
421
156
239
292
270
68
431
255
225
356
232
406
432
134
348
479
192
483
339
296
305
84
142
227
36
353
6
464
400
385
414
213
479
104
80
288
393
415
328
409
235
11
271
267
299
282
479
154
338
101
444
210
437
110
209
144
175
1
462
473
353
240
14
201
221
264
190
380
332
505
330
492
379
463
126
41
198
298
78
339
501
66
318
41
231
215
364
287
415
146
445
336
257
143
29
203
132
446
502
461
337
207
289
472
259
117
334
325
256
1 0
1 2
3 1
1 4
1 5
1 6
7 3
4 8
9 2
10 1
4 11
12 4
13 1
1 14
1 15
12 1
16 1
17 1
3 18
18 17
19 3
20 1
1 21
22 1
23 0
24 1
25 1
11 26
26 12
27 1
28 20
6 29
3 30
5 28
26 31
32 14
33 31
34 11
35 7
36 11
37 1
38 3
39 3
40 26
12 41
42 11
1 37
41 43
43 44
22 28
39 45
46 11
1 47
1 48
0 49
1 50
51 4
3 7
52 42
53 1
44 24
29 54
41 52
1 55
3 56
57 28
58 44
3 59
4 24
11 46
1 12
57 27
59 60
11 12
12 26
20 28
1 61
42 24
16 62
1 63
3 64
31 11
28 48
9 65
66 18
29 67
58 26
1 27
1 68
19 69
70 2
39 60
4 31
15 1
71 65
42 40
0 72
54 73
1 74
11 4
75 4
34 1
1 76
77 4
33 52
42 31
1 78
71 46
56 3
27 79
79 80
38 60
48 1
81 32
82 1
45 59
83 7
79 72
84 62
27 18
18 80
4 1
64 3
85 76
11 44
46 2
52 41
11 42
86 1
71 87
75 67
28 88
1 89
1 40
1 33
62 84
44 52
1 28
38 45
1 62
42 52
36 90
71 70
91 79
65 9
1 92
58 42
70 71
1 22
28 93
10 68
57 29
65 94
65 46
95 26
96 2
1 91
4 97
46 65
3 98
74 1
32 78
91 99
11 33
43 41
0 81
2 71
42 13
1 42
99 0
77 29
71 94
95 44
28 22
100 56
88 1
45 38
41 24
1 87
59 56
101 1
14 32
12 44
102 0
6 1
1 93
4 77
28 5
11 36
1 95
52 44
44 43
73 54
60 39
1 10
103 16
44 77
12 33
102 104
68 85
13 41
67 29
41 58
63 1
40 1
28 18
6 84
76 85
1 34
44 12
98 35
105 1
99 91
1 106
2 96
91 1
21 1
31 44
100 28
88 28
94 46
4 75
28 3
24 26
1 26
15 26
104 0
51 92
94 87
0 99
27 84
6 107
41 31
2 9
29 77
65 71
64 60
72 0
108 36
79 100
13 42
69 3
1 109
11 31
13 33
107 6
52 33
35 98
1 84
110 1
76 1
58 94
48 28
28 100
90 2
36 108
