#qgen
60
483
133
356
41
231
502
444
156
483
36
462
296
31
41
348
432
264
215
318
445
353
461
239
14
454
414
446
142
198
53
299
505
353
66
415
36
510
78
84
219
207
117
11
289
479
14
134
406
337
170
384
318
132
379
305
282
339
213
227
80
128
1 0
1 2
3 1
1 4
1 5
1 6
7 1
8 1
9 1
5 1
10 1
11 1
12 1
1 13
1 12
1 14
1 15
1 16
17 1
16 18
19 1
1 20
21 0
1 22
0 1
1 23
1 24
2 25
26 6
1 27
28 21
23 1
29 1
30 1
26 31
11 32
33 32
7 2
34 1
32 8
1 32
35 1
14 1
26 36
9 37
38 7
1 33
39 37
0 40
21 34
41 35
42 2
1 43
44 0
0 28
1 29
18 1
45 1
35 46
1 47
40 21
32 27
34 48
1 49
50 1
36 26
37 39
41 1
51 1
36 1
0 37
26 32
52 48
24 1
2 42
17 32
1 45
21 28
11 26
1 53
53 1
22 1
26 34
32 1
32 11
28 26
34 21
54 0
1 46
26 11
2 1
32 33
55 1
1 42
48 50
34 28
0 44
46 35
1 19
56 1
49 1
1 51
1 50
57 1
31 26
38 25
40 0
52 34
13 1
32 19
50 48
27 32
1 9
32 22
1 7
32 55
42 1
58 38
44 36
2 7
2 58
1 39
58 1
48 46
59 1
1 10
28 31
6 1
