#qgen
110
51
257
131
57
140
87
188
47
214
353
170
238
160
90
439
199
315
345
369
303
376
386
260
471
340
2
454
213
103
445
108
317
479
29
74
93
329
22
60
436
248
283
508
156
60
396
423
468
174
338
409
463
364
140
128
229
5
3
25
169
273
30
462
344
180
405
95
493
219
173
103
82
196
282
415
444
204
282
156
459
89
340
187
447
157
226
218
57
431
471
220
325
510
482
494
511
109
167
473
194
172
171
180
99
75
474
377
466
42
397
256
0 1
1 2
1 0
2 0
2 3
4 3
5 3
3 6
5 7
8 3
5 9
8 10
3 11
3 12
3 13
14 10
8 15
3 16
17 8
8 18
15 19
3 20
8 21
15 8
3 22
3 23
8 24
5 25
3 26
27 19
28 15
29 17
30 7
31 24
3 5
29 32
13 33
13 34
3 35
8 36
37 3
38 8
3 39
40 5
19 32
41 3
7 5
42 5
5 43
3 44
32 29
45 3
7 3
8 46
29 47
48 3
36 8
8 29
14 8
9 40
43 5
7 49
8 31
18 47
50 3
8 51
14 52
51 29
52 53
15 54
55 3
5 56
22 3
57 3
14 58
59 38
32 8
60 31
61 3
28 23
62 34
63 58
58 31
58 63
8 64
16 65
66 3
31 53
67 51
68 19
69 5
28 3
70 52
24 63
70 44
3 28
71 68
8 60
51 72
70 73
60 70
70 74
75 3
74 76
35 3
77 30
54 53
65 16
14 73
72 78
79 3
8 53
74 70
59 62
5 80
81 5
9 30
8 38
71 73
8 82
83 63
5 52
84 10
52 71
85 51
5 42
58 86
86 46
18 29
87 30
33 32
88 8
58 24
89 59
68 8
86 31
17 29
5 65
40 3
85 71
90 3
8 72
91 3
3 17
47 3
31 8
8 54
92 18
31 54
93 5
92 51
24 32
10 14
94 3
89 8
12 3
74 8
95 3
71 78
96 58
97 49
29 84
5 40
8 73
14 74
24 58
98 73
68 99
81 40
3 100
53 70
101 60
76 8
73 78
73 70
83 14
8 102
62 3
73 71
71 74
103 8
32 92
96 14
63 46
54 68
82 40
71 70
11 3
58 83
52 72
98 72
86 24
85 8
3 57
62 59
46 96
30 52
84 51
29 64
53 8
101 62
51 8
26 3
34 3
8 58
3 47
84 29
63 24
5 104
19 92
73 14
24 96
20 3
65 78
8 76
78 98
30 25
13 3
3 48
24 8
72 71
92 84
71 98
101 7
3 105
44 70
74 73
63 31
63 16
19 68
86 83
84 8
86 63
3 106
16 63
39 3
107 3
3 50
108 32
8 88
27 92
16 3
54 70
38 59
84 108
3 61
31 46
19 29
56 5
34 81
69 65
3 109
46 31
51 85
78 8
46 40
