#qgen
59
417
152
3
450
297
74
330
208
85
266
307
469
470
351
109
471
92
267
368
468
150
218
23
94
245
238
428
248
376
224
315
246
381
130
84
284
213
180
463
183
508
221
12
149
424
40
453
294
404
354
169
195
423
217
61
409
364
372
230
128
1 0
1 2
3 1
4 1
5 1
6 0
1 7
8 1
9 5
1 10
5 11
12 0
5 13
1 13
14 0
1 15
16 10
9 17
15 18
11 5
1 19
19 15
20 17
21 17
0 14
19 1
22 1
23 19
20 19
24 5
15 25
10 26
19 25
12 27
1 28
29 8
19 30
12 31
32 31
27 14
20 33
19 34
25 19
5 15
27 35
25 36
37 10
33 19
38 10
18 5
39 1
27 21
24 1
1 40
41 14
42 1
10 38
43 27
1 3
44 5
5 24
39 32
45 33
1 46
15 19
1 47
48 19
28 1
30 24
19 48
29 49
7 44
50 2
39 13
45 25
1 22
7 1
16 1
30 25
48 25
39 19
51 49
9 25
31 52
1 49
44 47
1 26
33 18
52 27
29 1
53 35
1 5
1 45
33 32
2 50
23 33
0 1
32 39
39 34
25 34
33 13
27 43
1 11
27 53
3 38
31 32
33 30
14 54
1 4
35 17
55 2
44 25
17 53
38 24
53 17
25 45
38 22
23 25
5 44
10 16
48 33
56 1
17 21
35 0
1 57
30 58
32 25
1 37
