#qgen
122
325
32
447
413
493
59
209
81
486
111
230
379
14
219
199
213
441
292
401
418
53
465
98
156
484
151
47
348
89
112
503
277
331
276
40
366
288
360
117
380
379
425
493
343
465
469
221
438
182
443
412
50
180
16
138
508
236
445
29
347
87
309
203
381
425
105
355
402
275
36
73
215
383
456
10
168
361
181
202
384
464
4
44
15
272
130
345
136
235
106
112
452
498
361
252
207
142
60
34
98
23
281
337
129
258
324
31
161
212
211
110
220
285
24
483
98
289
435
4
382
459
140
256
1 0
1 2
1 3
2 4
5 4
6 5
7 1
8 6
8 9
2 10
11 7
0 1
12 7
13 7
14 6
12 15
2 16
6 17
18 7
11 19
7 20
8 21
22 4
23 2
24 21
10 25
21 24
26 0
4 27
28 3
29 12
30 14
13 18
31 20
6 32
33 11
34 19
35 10
7 36
37 18
38 12
39 4
19 40
6 41
32 42
6 43
4 44
1 45
19 34
46 14
14 47
6 48
49 5
50 39
17 6
5 49
51 10
52 6
21 5
14 53
11 37
0 54
11 55
44 4
56 33
32 21
42 32
19 57
41 6
6 58
59 11
45 1
20 11
7 60
61 7
11 57
18 37
56 11
62 11
11 13
63 6
5 64
43 21
14 65
66 4
67 4
54 59
19 55
13 11
68 4
69 8
70 2
71 4
72 55
48 6
73 3
48 21
74 4
45 75
4 66
19 11
11 56
76 4
77 3
44 78
14 79
80 14
14 80
5 81
5 82
4 71
14 83
55 11
1 84
6 14
21 85
82 5
86 4
11 87
33 56
25 10
64 88
57 62
89 14
44 90
64 5
26 44
19 91
11 92
21 48
75 45
3 1
6 93
94 3
4 95
4 86
96 21
90 44
57 33
2 70
97 3
98 1
19 62
29 15
2 23
0 50
11 34
99 6
100 4
50 0
4 22
15 29
71 73
90 2
20 7
37 101
7 13
75 4
12 102
103 33
84 83
11 104
78 44
6 105
14 89
3 94
11 106
11 40
1 107
85 6
108 11
4 75
60 7
6 63
40 57
10 109
6 99
8 69
21 52
37 11
8 110
61 82
4 5
7 61
1 101
15 12
4 100
9 8
52 21
21 96
81 5
21 111
112 6
3 42
113 1
88 64
6 85
40 11
10 114
93 6
22 81
81 88
11 20
4 74
5 21
88 7
14 115
34 11
57 19
21 8
54 0
3 116
58 6
4 39
11 108
7 88
21 41
47 14
91 19
13 31
11 117
73 71
7 12
20 36
16 2
72 8
19 33
110 8
39 50
94 2
115 14
20 18
2 1
3 118
40 62
105 6
92 11
117 11
81 22
119 4
101 37
41 21
96 6
118 3
1 113
111 21
104 11
22 21
11 59
120 4
36 7
116 55
4 68
18 20
121 14
6 24
