#qgen
62
325
32
447
413
493
59
209
469
443
199
161
486
348
345
168
81
275
380
23
382
156
412
138
237
425
361
4
331
493
465
98
402
381
180
343
456
182
289
230
220
285
89
252
459
112
10
60
215
355
73
324
44
290
207
441
281
465
272
4
361
181
47
128
1 0
1 2
1 3
2 4
5 4
6 5
7 1
8 5
9 6
10 1
6 11
0 1
12 4
13 4
4 14
6 9
1 15
4 16
4 17
18 4
4 19
4 5
20 2
1 7
21 17
4 12
14 7
0 22
2 23
15 1
5 24
6 25
5 26
27 6
3 28
5 29
30 26
30 4
4 31
32 6
6 33
4 2
34 6
35 3
36 29
37 3
2 38
22 0
39 6
40 6
6 27
3 41
3 42
34 29
4 43
44 2
45 4
46 3
3 35
6 34
47 4
0 21
48 4
49 2
33 29
28 27
29 30
50 6
28 3
42 3
5 51
1 52
5 8
4 47
4 48
19 4
11 6
29 5
53 4
31 4
41 3
38 2
29 27
6 40
2 49
2 54
35 47
25 6
17 4
2 20
4 13
1 10
2 44
47 35
3 46
3 1
27 29
2 42
30 29
55 1
5 6
56 4
54 2
57 1
44 56
6 32
33 6
6 39
3 37
3 58
52 1
6 50
59 4
21 0
60 3
29 36
3 60
42 2
51 5
29 34
16 4
61 56
56 44
7 14
39 29
23 2
27 28
36 6
