#qgen
107
426
310
3
345
140
400
387
267
275
35
258
151
86
211
134
178
169
142
451
457
347
358
2
89
482
447
10
412
236
221
305
189
510
452
444
495
56
476
249
111
330
271
99
421
510
460
300
275
65
324
284
191
326
17
412
475
107
165
342
227
42
298
368
10
67
176
134
95
512
345
459
302
32
146
42
451
178
385
255
444
459
99
295
258
132
335
340
480
129
65
138
230
101
67
345
211
321
445
448
99
373
141
284
48
499
250
377
256
1 0
1 2
3 1
1 4
5 1
6 1
7 1
1 8
3 9
1 10
4 11
12 3
13 4
14 3
15 12
14 15
14 16
3 17
18 3
19 1
17 18
1 20
21 1
22 1
23 21
1 5
24 4
25 1
1 26
27 23
1 28
27 29
30 4
18 31
3 14
1 32
33 1
34 23
35 1
34 36
1 37
1 38
34 19
34 38
22 39
15 40
41 27
42 17
1 39
43 3
41 44
43 45
12 15
4 46
3 47
48 4
18 14
34 45
29 22
22 49
39 34
50 27
22 29
51 1
11 30
44 52
53 3
23 49
35 54
19 55
22 34
56 38
55 22
27 1
30 50
57 3
35 58
15 59
45 42
38 56
60 35
59 40
36 49
61 1
34 1
62 59
21 23
41 23
38 63
64 1
56 1
21 34
65 42
66 38
36 60
67 1
68 30
1 69
44 63
15 70
22 35
70 12
71 3
58 1
23 38
64 55
72 12
73 4
12 72
3 15
1 35
74 1
1 75
63 44
76 4
77 1
55 44
45 49
63 38
55 23
70 72
63 60
1 78
42 53
38 44
46 49
22 0
16 14
79 48
48 80
80 48
14 72
3 18
1 68
35 21
59 42
1 81
63 54
1 82
45 14
83 1
84 1
22 63
85 1
86 76
45 71
9 40
42 45
87 30
1 61
12 62
39 29
1 88
18 17
15 49
40 57
52 4
40 15
20 1
23 1
4 80
0 16
35 22
55 19
1 89
1 90
4 91
92 1
70 62
59 12
93 22
1 33
23 22
1 22
3 53
22 55
63 49
27 22
11 4
21 29
29 94
55 34
1 94
30 87
1 95
22 21
12 59
96 14
59 57
34 22
63 22
8 1
44 22
1 97
98 30
30 48
1 56
55 99
49 38
1 100
4 101
62 3
1 102
99 41
103 4
30 8
4 99
44 1
52 48
49 23
30 89
57 15
95 1
37 38
104 101
8 52
50 1
14 71
36 35
1 105
55 52
60 1
106 3
15 14
9 3
91 50
87 101
70 9
40 72
38 86
99 11
81 89
70 96
18 16
40 55
3 96
38 49
87 104
96 9
54 22
60 22
72 59
59 62
38 55
30 44
59 106
104 87
99 44
4 48
63 34
51 91
100 1
49 78
1 51
34 21
1 85
