#qgen
107
176
69
32
79
401
266
65
278
256
335
143
35
2
229
171
368
184
63
253
229
496
13
376
340
354
458
344
301
458
311
51
152
385
392
324
489
345
88
250
162
227
7
344
239
504
491
96
125
249
160
141
249
327
183
165
54
374
284
414
235
152
221
421
27
447
310
1
362
209
348
332
145
366
406
282
463
6
142
28
199
41
71
329
94
19
352
77
510
313
96
432
7
25
152
361
467
73
261
86
309
401
11
351
309
372
323
223
256
0 1
2 1
3 2
3 4
2 5
6 3
3 7
8 4
4 9
10 5
3 11
2 12
4 13
3 14
4 15
16 8
15 17
18 4
19 4
3 20
3 21
8 22
3 23
4 24
21 25
26 11
7 27
28 26
21 22
27 17
22 8
8 29
30 4
9 4
17 27
31 5
32 13
24 25
4 33
28 34
15 22
35 4
36 29
34 32
37 8
16 4
22 38
39 7
22 25
3 40
26 8
41 22
31 18
41 15
42 37
43 16
3 44
45 8
17 45
37 46
47 3
45 48
7 49
15 28
24 4
50 45
51 34
52 32
33 45
48 53
54 26
18 5
5 55
22 56
57 4
30 58
39 59
48 50
3 45
17 60
54 61
62 16
4 63
48 25
54 50
3 5
64 3
65 59
17 42
65 24
45 56
22 41
25 21
4 62
66 54
37 67
68 3
38 45
69 17
70 45
56 32
4 71
4 3
56 62
33 54
8 72
34 26
73 17
4 74
28 75
76 53
4 45
75 77
78 76
37 53
56 76
3 74
43 56
53 79
80 18
9 30
48 37
81 73
48 73
47 48
82 61
24 44
79 53
32 67
76 83
75 35
72 8
14 3
45 41
84 4
43 48
80 82
45 68
85 4
4 86
15 82
3 69
7 13
62 14
3 87
88 64
65 5
41 3
37 42
53 3
36 26
89 74
90 44
25 80
82 45
26 29
80 17
62 8
17 79
3 91
8 52
3 18
14 43
15 48
81 45
24 92
59 3
48 45
8 73
13 7
61 93
30 57
94 9
4 95
67 73
51 15
3 93
4 96
40 17
52 41
83 4
84 97
38 66
84 71
24 98
67 17
22 81
67 99
100 39
61 54
77 101
73 80
93 61
43 8
8 28
36 56
48 52
15 73
45 17
3 48
86 28
28 8
48 32
56 81
43 17
26 51
70 4
22 21
48 36
82 33
58 4
54 67
102 31
53 60
48 66
18 3
8 48
49 7
93 103
73 76
91 3
104 71
61 82
80 93
5 31
4 30
45 32
84 101
22 39
104 105
103 93
3 103
56 8
58 30
61 76
39 83
4 106
102 3
4 97
51 45
67 38
9 67
39 29
51 8
4 46
17 16
47 15
83 15
32 52
15 36
9 94
38 44
8 17
106 4
59 34
22 32
