#qgen
107
477
140
249
191
346
318
427
98
37
449
109
41
273
474
253
209
290
34
271
328
65
393
398
333
495
48
448
300
317
61
22
445
381
312
277
200
44
228
109
156
252
40
457
423
135
27
27
353
98
258
330
296
27
147
69
263
164
441
18
214
213
460
15
466
207
70
96
372
26
295
301
19
445
286
123
56
124
504
45
117
153
429
209
144
77
104
394
487
217
225
169
100
226
471
344
426
458
82
490
356
203
512
105
499
353
276
303
256
0 1
1 2
3 1
4 1
1 5
6 1
7 6
8 4
9 1
1 10
11 1
7 12
13 1
7 14
0 15
12 1
1 16
17 14
12 18
12 19
14 8
20 1
1 21
1 22
14 23
16 24
25 24
26 1
27 4
28 1
1 29
20 30
18 31
29 32
33 12
34 31
35 16
13 14
23 36
14 1
24 37
38 1
30 39
1 32
24 27
40 30
41 6
42 25
43 29
44 36
45 11
39 6
1 11
13 46
14 11
47 30
48 1
11 49
46 50
14 51
52 14
53 0
54 1
1 52
55 46
33 22
15 0
19 56
48 57
31 56
58 24
59 28
59 39
14 60
61 30
22 31
6 62
63 47
6 21
56 64
65 38
22 27
25 4
44 64
46 66
67 18
27 68
69 61
70 35
25 71
14 20
72 1
31 25
24 20
6 57
22 45
67 68
25 6
68 61
68 58
52 73
24 67
74 25
36 75
76 56
11 77
6 23
1 78
74 1
31 14
73 79
80 59
48 68
4 81
39 82
35 83
74 27
13 84
31 47
12 25
50 82
67 75
85 14
68 14
70 16
25 27
62 47
14 70
84 36
86 39
25 11
27 67
11 73
46 87
11 36
35 1
75 88
28 17
86 2
31 1
82 39
23 1
73 89
30 25
11 46
90 36
13 6
75 45
71 91
75 46
92 86
46 93
38 94
51 14
94 1
1 95
96 56
65 70
16 84
25 68
97 31
30 86
1 51
90 50
32 14
12 98
62 99
76 13
88 32
88 84
17 66
14 39
1 63
14 35
56 100
81 12
78 81
88 101
0 64
99 67
61 43
91 101
66 36
21 27
14 88
46 67
50 22
45 4
35 38
48 102
42 35
66 11
56 16
67 37
1 39
38 67
67 98
70 66
102 77
76 25
98 62
14 74
73 52
70 88
73 33
35 81
8 32
31 33
65 32
8 58
25 32
73 16
7 47
81 4
50 46
25 90
90 65
71 10
59 33
52 25
93 84
103 12
98 43
14 68
91 68
47 75
98 88
52 59
36 84
90 74
14 46
27 42
29 12
4 33
91 22
65 104
46 47
33 67
68 23
17 67
50 99
95 74
80 39
78 99
56 1
105 23
47 22
81 78
36 73
1 61
24 65
106 33
65 13
11 22
73 84
12 11
