#qgen
53
471
34
220
185
61
277
97
291
474
336
238
282
119
258
243
193
309
309
89
48
53
230
318
454
182
125
293
109
385
183
357
479
12
173
44
510
58
303
438
320
171
239
376
279
223
278
262
69
308
242
260
322
101
128
0 1
2 1
2 3
3 4
1 5
6 3
3 7
8 1
2 9
7 10
6 11
6 12
13 9
6 14
15 13
16 12
5 17
3 18
13 19
20 9
5 21
22 5
23 20
22 15
24 3
25 6
18 10
26 15
13 8
21 15
1 26
27 6
23 8
12 28
9 2
15 9
29 4
6 30
31 10
32 5
4 33
34 5
32 35
19 2
23 19
31 36
36 37
4 3
23 2
19 26
20 23
6 27
38 4
22 17
12 4
6 39
5 40
23 26
41 4
22 35
20 13
5 19
6 42
19 5
36 31
43 7
33 28
44 3
24 43
10 31
8 20
45 2
46 28
7 31
5 47
17 47
42 6
48 4
28 33
21 8
1 9
17 49
31 43
5 50
9 19
3 2
43 10
20 21
1 19
21 19
23 15
15 23
2 8
3 43
1 2
1 21
10 44
47 35
4 29
8 23
19 9
26 13
51 10
31 7
4 12
21 26
16 5
10 51
2 15
4 48
10 3
15 2
48 34
2 23
6 37
8 26
5 8
34 48
6 52
5 49
47 17
21 2
39 31
40 19
5 9
34 45
21 50
19 21
