#qgen
63
432
8
176
292
430
498
271
427
460
494
344
75
424
94
329
147
509
229
295
197
322
409
104
87
352
479
244
228
442
149
362
8
150
319
460
382
284
223
206
77
354
173
415
446
385
87
394
446
218
94
76
225
290
195
504
475
361
117
400
164
408
344
56
128
1 0
2 0
3 1
2 4
4 5
6 4
7 4
7 8
9 2
8 10
11 3
8 6
12 10
7 13
14 13
10 15
16 10
7 17
0 18
19 13
2 20
2 3
15 21
13 22
6 23
24 14
10 12
10 25
12 21
26 22
13 27
11 6
22 13
27 28
21 29
20 7
30 22
12 31
32 4
3 2
6 20
13 28
17 33
4 34
30 35
15 36
22 28
30 13
29 31
22 37
38 8
39 35
25 40
20 2
15 31
35 37
36 25
41 30
12 40
17 6
28 39
39 28
13 42
17 10
43 27
6 22
19 37
25 21
44 14
45 22
46 22
22 35
47 2
11 9
26 41
40 48
49 29
26 13
50 13
22 30
4 32
24 51
32 20
37 30
28 52
53 4
35 26
29 15
48 46
3 54
22 41
28 42
33 37
1 11
55 3
22 56
7 23
57 20
47 9
22 26
31 12
46 48
10 17
13 58
21 8
11 1
13 48
54 3
14 44
30 38
40 25
59 17
16 60
13 26
13 50
10 16
43 13
6 8
30 33
58 13
8 7
61 14
8 62
4 53
21 16
25 10
48 26
58 22
