#query
56
G
R
E
I
E
V
S
M
F
L
A
V
A
G
I
A
A
Y
G
A
K
F
T
K
K
F
V
I
A
G
T
G
I
V
T
N
G
G
F
K
A
G
C
I
Y
L
L
V
V
L
V
W
C
M
K
V
128
0 1
2 0
3 2
3 4
0 5
6 5
7 0
1 8
9 3
9 10
3 11
3 12
2 12
4 13
3 14
15 4
16 5
1 15
0 10
17 15
17 18
0 11
11 19
7 20
14 21
19 22
1 4
23 2
24 3
25 10
4 26
27 22
28 13
20 14
29 4
11 17
11 30
31 8
15 27
32 0
33 4
34 24
32 3
35 23
36 4
30 15
37 14
3 38
33 27
2 39
0 19
25 40
7 14
28 41
37 25
42 7
34 43
38 39
6 29
35 39
0 29
17 8
11 44
39 4
34 35
30 45
15 45
24 10
5 27
3 46
43 6
32 25
12 4
47 19
25 48
15 19
12 15
40 49
25 38
12 14
27 50
1 22
51 39
3 52
53 45
46 49
30 4
38 11
39 14
34 37
35 2
8 4
34 32
8 54
37 2
0 31
9 34
12 28
40 39
7 27
42 11
24 39
47 18
34 40
8 45
43 48
1 14
31 45
11 5
43 32
7 1
20 15
7 30
34 3
37 55
7 2
33 26
30 39
47 17
2 14
2 20
0 4
6 44
48 38
6 0
20 8
37 10
48 39
