#query
64
I
S
S
A
M
G
Y
A
T
A
G
P
S
I
W
V
E
D
W
G
D
C
V
S
V
I
V
D
I
A
E
V
V
E
V
D
A
I
G
V
K
I
T
S
K
A
L
F
K
Y
P
C
V
S
I
L
K
E
G
A
Y
F
I
A
256
0 1
2 0
3 1
4 2
1 5
1 6
1 7
8 5
4 0
9 4
0 10
0 11
2 12
9 13
9 3
14 1
0 5
15 3
16 11
17 11
11 18
19 18
20 18
1 21
19 22
6 23
24 23
19 25
17 26
18 27
28 1
13 27
3 29
30 18
17 16
13 31
5 32
19 33
8 13
34 24
28 6
35 32
26 4
25 18
32 36
18 36
11 27
1 18
33 11
17 29
21 37
38 24
20 23
31 32
5 24
39 6
2 40
26 28
22 0
24 21
41 5
35 13
42 27
43 0
15 13
44 12
45 27
31 23
17 4
46 3
47 8
31 45
28 18
26 34
20 6
48 33
38 7
49 41
50 43
1 51
26 29
26 44
11 34
3 35
19 35
31 37
29 52
44 53
54 14
44 41
54 47
49 46
55 47
9 55
35 1
30 33
2 56
4 57
21 58
59 36
29 23
47 25
20 36
9 29
11 6
31 59
57 60
44 11
12 60
34 42
15 38
47 22
33 22
9 1
27 32
55 57
43 8
3 6
55 13
53 0
9 24
60 43
35 18
4 41
13 61
35 27
40 14
48 44
44 33
32 10
41 50
13 37
12 14
62 19
55 2
54 12
8 14
49 57
41 43
41 60
24 58
35 28
1 37
12 41
20 32
17 44
47 16
35 42
49 9
51 32
32 7
42 45
0 13
62 8
0 35
24 37
29 31
63 15
63 5
44 54
30 2
10 37
30 34
0 7
31 58
7 37
62 5
30 47
56 14
58 37
1 10
32 37
13 5
62 53
30 35
54 22
7 36
41 47
4 40
15 6
54 56
16 28
35 24
62 25
54 62
25 38
15 24
25 5
45 18
54 0
51 58
33 53
43 25
26 33
39 23
31 10
42 36
54 11
20 34
33 0
3 28
24 36
1 38
46 40
49 60
57 50
39 52
15 9
31 7
63 3
35 31
45 37
1 61
51 10
5 36
25 34
62 22
47 53
49 4
5 58
3 55
18 7
35 34
28 45
17 20
1 31
26 12
54 53
2 60
45 21
11 1
16 27
1 32
20 59
46 6
25 61
55 41
21 10
46 13
59 58
0 34
49 24
0 28
22 51
47 14
39 34
26 35
7 58
35 6
39 31
54 16
49 55
28 42
43 5
45 52
41 40
