#query
64
P
T
R
L
S
V
V
G
F
S
M
R
D
K
F
V
T
I
H
E
L
M
G
R
V
V
N
E
I
L
N
T
D
T
R
I
G
M
N
V
K
I
S
L
Y
E
M
M
V
S
L
E
T
F
P
S
D
G
I
D
R
S
T
H
256
0 1
0 2
3 2
4 2
3 5
1 6
7 6
7 8
9 4
4 10
1 8
9 0
11 5
12 1
13 12
14 6
13 15
7 16
3 4
17 6
18 6
15 2
11 19
15 4
20 13
21 19
22 5
1 22
4 23
24 20
18 8
15 25
26 10
16 14
27 22
21 28
20 15
5 29
30 14
31 21
24 32
24 33
18 34
26 35
27 3
6 36
27 5
37 5
26 19
13 33
7 30
36 38
25 39
21 40
7 1
13 0
27 36
41 39
42 0
3 43
20 9
27 44
20 42
31 45
46 17
47 25
31 10
48 11
26 44
11 43
22 2
49 29
19 28
16 6
14 18
7 39
29 28
42 4
12 14
31 22
41 16
33 12
50 25
51 37
43 26
52 51
32 33
28 44
48 37
49 40
24 39
2 48
37 40
26 21
8 53
21 29
47 32
32 16
54 43
3 55
39 34
48 43
15 22
56 23
53 38
5 19
41 34
27 38
46 33
52 54
3 35
51 35
51 11
24 47
3 45
9 50
57 56
1 39
58 23
59 53
51 5
24 25
52 5
28 60
42 15
16 36
46 12
47 9
12 16
27 43
37 10
27 60
14 34
49 26
25 14
53 61
60 44
55 48
3 62
52 11
1 2
31 5
16 8
43 49
55 11
31 61
27 4
61 36
22 10
11 35
41 8
41 17
9 55
1 14
5 40
55 2
31 29
13 25
45 10
31 28
9 25
44 57
17 56
51 49
3 28
59 14
42 32
4 5
7 53
57 63
62 49
50 39
55 51
3 38
33 14
9 32
42 25
47 13
27 45
4 52
50 4
5 21
57 23
41 1
58 56
7 36
31 60
1 34
58 63
49 21
7 18
15 1
62 37
15 55
59 1
14 36
48 35
46 34
8 27
46 39
11 37
46 14
39 6
4 45
22 62
17 7
50 18
50 16
37 49
50 30
25 12
23 35
47 42
54 51
53 6
51 62
1 36
5 44
16 1
31 44
33 17
17 16
59 6
12 7
16 39
5 43
41 46
13 9
28 61
3 44
24 1
55 10
52 62
32 55
38 44
26 28
41 30
12 39
43 40
12 17
50 14
37 44
40 28
16 53
9 15
38 45
4 55
19 40
32 2
16 30
59 36
46 8
12 59
59 16
47 33
10 57
