#query
32
I
N
K
L
F
I
M
E
L
C
V
V
A
M
S
R
S
H
T
Y
L
S
V
T
E
V
G
R
V
L
M
L
128
1 0
1 2
3 2
4 0
1 4
4 5
6 2
7 4
8 5
6 7
9 5
2 0
10 0
11 8
3 12
3 13
14 9
0 15
3 16
17 15
13 5
3 18
8 0
7 8
11 19
1 19
20 19
12 19
21 0
3 5
16 22
11 13
23 1
24 22
23 25
14 8
8 9
7 0
7 19
18 15
20 4
11 26
11 16
3 10
27 6
24 28
18 1
4 19
15 12
23 6
13 4
14 2
23 20
29 0
2 19
19 30
27 20
21 8
27 28
21 26
6 14
13 2
8 10
14 1
24 0
31 16
10 17
29 11
13 7
20 1
8 4
9 0
10 26
8 26
14 19
18 12
31 23
4 10
6 13
20 13
3 8
28 7
18 22
7 2
1 8
24 31
24 16
31 13
13 19
31 25
21 29
18 30
31 20
2 5
0 19
9 10
1 30
6 1
4 15
11 0
13 15
23 14
25 6
27 7
25 13
3 11
0 16
3 15
18 13
29 15
28 8
21 15
20 0
21 3
14 4
4 17
0 12
21 11
23 30
13 10
18 24
26 0
13 8
20 14
29 12
2 4
3 0
18 8
