#query
32
S
W
W
M
P
Y
Y
C
L
S
K
E
T
F
I
L
L
N
T
I
H
I
K
E
D
P
A
E
I
S
G
V
128
0 1
2 1
2 3
4 0
5 0
6 5
7 3
8 1
9 4
10 0
7 6
11 4
8 12
9 13
14 5
6 1
9 1
6 10
15 10
6 9
16 15
17 1
17 18
19 18
14 20
8 18
21 10
3 16
14 22
23 7
5 17
7 14
23 24
21 9
15 1
5 25
26 1
9 5
11 0
19 12
2 7
21 27
9 14
20 18
18 28
2 18
29 18
6 21
11 5
12 18
13 25
14 0
14 4
8 28
19 30
16 21
6 31
6 16
8 25
17 25
24 31
4 13
4 1
23 26
16 9
6 26
12 25
0 25
20 19
15 13
14 11
14 28
2 5
10 29
6 11
15 9
16 14
22 1
1 28
21 1
23 20
4 17
10 22
2 20
0 12
15 21
11 13
30 27
19 28
30 1
23 31
7 5
25 28
14 18
20 25
15 14
21 20
25 1
9 10
13 19
10 11
22 20
21 30
5 13
2 17
4 20
16 5
23 6
21 11
23 22
13 18
13 27
7 16
29 19
2 26
14 1
3 24
20 13
16 1
16 11
26 14
19 25
7 1
30 18
20 17
2 24
13 12
10 20
