#query
118
A
W
E
F
Y
I
G
D
M
I
L
Y
C
V
E
V
N
V
D
K
G
K
A
D
M
S
H
Y
A
W
C
M
F
S
V
L
Y
K
A
I
V
A
V
T
F
K
S
I
R
K
I
I
V
G
F
V
T
D
W
D
T
I
L
E
I
T
M
Q
L
I
S
A
P
K
R
H
S
A
D
E
V
A
D
P
G
G
T
A
Q
L
R
G
I
A
I
V
E
M
E
S
I
E
A
S
E
K
V
K
A
N
E
A
I
C
D
G
R
A
256
1 0
1 2
1 3
2 4
5 3
6 3
1 7
4 8
9 3
10 8
1 11
6 12
12 13
14 5
10 15
3 16
17 13
2 18
19 11
12 20
7 21
22 20
5 23
17 24
12 25
12 23
19 26
15 27
28 16
14 29
1 30
31 3
12 32
33 12
25 34
35 32
36 23
32 25
37 14
38 22
33 39
6 40
28 41
42 14
43 3
14 44
9 45
46 27
10 47
25 48
49 9
3 28
50 47
51 48
52 22
53 25
47 54
47 55
56 20
57 41
13 35
19 58
5 59
60 38
49 61
46 38
36 51
62 34
4 63
64 50
65 24
66 36
67 8
17 66
48 34
68 16
66 41
50 69
10 52
70 44
55 71
30 55
50 62
9 72
40 73
25 74
3 69
10 27
17 38
36 75
4 67
76 29
77 47
62 78
79 58
51 13
33 78
80 14
43 21
50 23
45 63
7 72
81 56
8 5
15 82
53 29
14 52
79 57
8 63
64 33
33 50
42 83
60 36
65 67
26 28
64 84
82 83
81 17
38 85
1 43
38 75
64 28
72 21
54 17
55 24
65 10
61 76
1 4
60 13
62 25
86 28
6 28
5 46
84 50
70 5
14 87
88 61
12 62
63 19
86 16
77 14
67 89
32 90
52 91
59 17
15 92
43 40
15 93
70 50
12 90
54 85
80 94
89 47
95 67
49 96
86 97
3 55
98 42
14 9
54 71
2 11
99 5
54 100
60 101
47 102
68 3
14 103
57 52
37 75
32 48
1 104
66 34
105 100
98 52
6 73
44 106
96 83
48 78
84 83
77 83
72 50
84 29
68 97
14 49
89 94
65 55
107 14
2 31
73 104
69 105
76 108
52 55
44 58
43 41
39 21
21 73
30 31
109 73
4 81
108 110
51 90
39 97
40 69
64 5
93 111
96 57
49 76
64 39
31 54
66 112
43 58
51 41
101 23
81 46
23 62
50 91
29 62
67 113
12 114
73 62
47 85
42 57
57 83
39 50
84 33
6 100
115 92
103 11
77 115
5 29
46 3
0 58
46 29
30 104
10 44
91 41
70 58
116 17
83 46
6 13
46 47
20 100
69 35
49 5
13 90
10 19
4 9
35 117
77 27
6 54
68 12
108 87
51 62
91 13
12 29
79 76
