#query
62
I
K
K
V
S
K
A
A
D
F
R
F
A
A
G
I
I
E
I
V
A
G
V
H
G
T
N
P
Q
T
K
Q
H
A
L
L
E
T
K
R
K
I
I
L
T
K
K
K
E
K
L
M
G
R
D
G
A
V
L
I
L
E
128
1 0
2 1
1 3
4 2
2 5
0 6
1 7
1 8
3 9
3 10
7 11
3 12
1 13
0 13
14 10
11 15
1 16
17 13
14 12
9 15
0 11
15 12
3 15
0 9
7 14
15 18
5 19
1 5
20 9
14 6
21 19
22 10
23 17
7 12
23 24
2 25
17 26
18 27
28 22
29 2
0 30
5 25
7 3
13 11
16 9
3 31
0 3
32 11
7 33
12 34
35 34
22 32
34 36
35 10
20 8
37 22
35 38
39 8
16 40
38 34
41 15
12 42
5 43
39 2
3 44
14 31
45 6
44 41
6 10
41 11
1 46
7 27
37 47
22 41
24 26
48 42
8 49
50 25
11 27
36 50
29 51
0 52
11 46
42 53
35 50
48 22
10 47
54 48
21 55
56 44
35 42
28 57
58 35
23 26
21 17
49 5
7 32
59 15
37 31
3 6
49 19
20 0
37 41
17 5
29 4
2 20
42 38
14 56
0 50
59 9
23 49
53 5
17 20
37 10
3 48
13 32
14 41
59 16
36 49
35 49
60 49
7 50
54 56
12 27
1 52
59 14
22 61
23 39
