#query
32
V
S
F
I
N
L
F
Q
V
T
V
Q
Y
K
T
N
G
F
V
V
E
L
V
A
I
L
F
Y
T
I
V
R
128
1 0
1 2
2 3
0 4
3 5
6 5
2 7
6 7
0 8
9 6
5 10
4 8
7 8
11 1
0 12
7 13
14 8
15 0
5 8
16 13
2 12
11 16
15 17
2 18
16 4
11 6
19 0
17 5
6 4
20 17
10 21
0 21
1 20
22 19
20 12
23 7
9 1
24 21
22 25
1 6
20 5
26 1
3 17
15 27
14 15
27 17
11 20
28 5
22 5
0 18
4 21
2 8
29 8
25 3
15 7
20 18
28 30
0 10
2 27
29 13
23 8
2 5
25 5
22 28
28 3
1 31
9 16
19 3
12 18
17 24
30 5
22 8
23 17
23 0
23 18
29 7
24 8
17 8
12 13
26 9
30 4
29 27
23 21
22 17
19 17
29 5
2 4
17 12
26 11
30 3
2 17
20 24
6 31
22 31
1 10
10 8
2 24
3 27
31 19
24 12
23 27
30 7
11 31
4 24
19 7
22 30
3 7
10 13
14 19
3 0
17 10
14 3
17 0
28 19
31 4
22 21
20 7
6 24
10 12
19 8
0 5
28 0
7 5
25 28
6 29
5 16
7 0
17 7
