#query
64
A
R
G
A
E
I
E
G
I
E
L
V
K
Q
G
K
D
L
G
V
V
T
Q
A
T
K
E
I
E
K
R
K
K
L
Y
L
A
F
I
A
E
A
M
P
I
I
K
K
N
F
M
L
G
G
K
L
L
K
P
L
I
M
I
D
256
0 1
0 2
3 0
1 4
5 4
6 4
7 6
8 5
6 9
5 10
0 11
7 12
7 13
5 14
7 0
1 6
15 2
16 12
7 17
5 18
7 3
12 19
20 16
8 21
22 11
17 23
12 0
24 13
19 25
22 26
8 27
16 28
29 10
14 30
24 7
14 31
17 32
33 2
14 34
25 35
27 36
15 37
10 38
36 13
39 32
9 14
17 0
40 9
8 1
41 27
22 28
39 42
43 18
39 23
17 13
5 13
40 14
44 9
20 21
1 9
9 31
17 45
3 26
9 35
20 37
8 36
26 46
46 47
48 34
8 49
43 50
13 42
19 44
5 36
51 34
41 52
42 18
53 18
34 50
42 50
41 19
49 54
55 32
37 54
24 17
51 48
20 22
56 47
57 50
9 51
33 21
41 50
8 54
20 56
39 35
38 53
54 58
20 24
25 13
43 38
43 35
27 55
0 44
3 1
44 13
8 52
38 32
6 59
38 18
20 38
1 35
59 23
42 38
31 29
13 43
60 2
5 9
38 61
49 27
56 46
17 12
24 25
9 38
52 38
60 32
6 40
10 34
12 28
20 58
53 30
21 62
25 59
54 61
44 55
37 32
59 58
10 18
1 51
44 25
17 22
49 36
20 36
40 48
4 14
52 23
42 53
42 34
40 50
59 42
13 32
40 29
18 55
20 25
41 45
51 49
35 34
43 30
4 34
50 55
17 63
38 50
52 17
30 18
0 21
5 43
51 62
17 3
49 42
33 46
33 47
42 54
36 42
62 54
52 39
60 21
5 42
53 55
56 11
57 62
13 59
60 37
52 7
35 61
52 27
44 50
40 5
14 35
24 44
36 55
63 59
24 3
36 61
31 10
13 45
30 61
51 31
4 50
27 11
60 46
41 0
59 35
8 55
40 31
7 22
44 10
8 59
60 47
6 5
18 58
24 63
5 50
17 39
20 27
17 28
49 13
42 43
8 50
44 51
22 23
25 63
43 34
3 13
34 55
60 19
20 33
27 54
22 46
9 57
51 29
42 58
2 56
59 38
49 50
8 62
53 34
48 10
45 46
24 23
39 59
29 62
63 42
14 48
15 20
3 25
21 49
1 50
52 13
8 39
1 25
53 58
27 32
41 36
8 17
41 58
19 1
8 6
