#query
113
K
N
H
V
L
M
K
D
I
I
Y
P
E
D
N
R
P
Y
K
A
G
I
A
D
Q
A
K
K
K
Q
L
T
F
E
I
E
L
V
Y
K
V
A
L
K
K
E
E
V
P
E
A
D
V
V
V
T
Y
E
A
V
V
F
L
L
V
R
D
E
D
E
P
L
G
I
V
R
K
R
V
A
G
K
N
L
Q
L
H
L
E
K
V
M
M
R
K
E
G
F
I
I
F
K
K
G
K
V
K
G
D
F
T
N
A
256
1 0
1 2
3 2
3 4
5 0
6 4
6 7
2 8
5 9
0 10
1 11
12 10
11 13
5 11
14 10
15 1
5 16
9 17
12 1
13 18
14 19
20 2
21 11
13 22
1 23
17 24
6 2
25 18
26 12
5 27
3 28
29 25
28 20
30 10
31 30
3 20
32 24
33 25
30 17
25 34
21 23
35 32
24 36
28 2
37 3
31 38
12 39
16 9
39 40
41 22
42 18
43 36
40 44
45 38
1 46
33 47
25 48
32 49
48 50
32 51
3 27
46 4
32 52
36 53
54 24
43 55
7 11
24 56
57 34
25 58
30 3
37 59
52 60
61 3
61 62
63 40
64 40
5 65
61 13
51 66
30 21
67 3
26 27
42 66
68 63
69 32
29 52
35 53
41 17
37 70
52 63
42 29
8 56
69 71
40 20
36 72
73 61
74 24
51 34
65 75
69 50
62 55
69 76
69 43
69 47
1 9
60 53
32 77
24 78
0 17
15 0
25 22
49 55
75 61
22 47
52 79
73 40
30 61
31 17
44 20
39 80
81 51
49 22
9 37
9 82
83 54
84 81
58 36
85 70
85 54
79 63
68 29
77 78
86 57
42 87
41 31
88 55
83 74
29 35
17 61
26 65
33 67
86 89
42 90
36 91
21 65
21 0
20 4
82 17
92 57
49 41
78 56
93 43
7 2
14 4
15 12
92 51
94 72
78 64
43 18
45 2
95 37
96 34
65 39
25 97
74 62
34 14
20 8
98 78
37 83
77 88
86 77
71 50
73 75
30 27
94 88
60 55
25 36
84 55
81 92
79 64
42 56
78 99
23 17
51 57
100 80
63 8
27 2
67 40
2 101
19 20
97 8
22 102
103 77
97 64
57 67
73 24
90 60
78 92
86 104
42 51
49 61
66 67
15 16
87 29
105 104
47 102
86 106
90 18
31 6
71 48
107 106
74 73
24 59
32 99
83 104
100 104
106 62
108 100
96 99
9 0
84 107
25 102
30 1
99 34
46 38
93 53
109 84
69 60
9 110
62 43
21 26
19 46
70 34
67 14
109 91
107 111
59 78
64 19
99 67
7 23
26 1
56 48
25 52
97 73
112 108
107 99
67 79
106 83
21 1
97 3
34 64
61 63
32 62
105 77
112 89
