#qgen
62
1
1
1
1
1
1
1
1
1
1
1
1
1
1
1
1
1
1
1
1
1
1
1
1
1
1
1
1
1
1
1
1
1
1
1
1
1
1
1
1
1
1
1
1
1
1
1
1
1
1
1
1
1
1
1
1
1
1
1
1
1
1
256
1 0
2 0
3 0
2 4
1 5
6 0
7 0
8 6
7 9
1 10
11 0
12 2
5 13
14 0
5 15
16 2
17 14
4 18
19 18
10 4
12 20
21 3
7 22
23 9
20 9
24 17
25 13
7 26
21 27
28 12
11 29
30 19
24 16
19 31
10 32
2 29
33 25
34 12
33 35
36 18
21 37
1 38
36 32
11 2
2 39
8 16
40 9
41 0
25 18
42 8
8 14
8 20
17 37
23 43
30 38
40 0
17 13
15 44
10 45
10 13
19 2
38 34
3 22
28 44
46 19
18 37
35 40
47 12
1 48
35 45
1 28
49 29
44 45
47 48
38 49
1 50
8 15
42 7
3 9
51 37
20 22
36 12
30 5
13 4
3 10
1 43
5 51
42 20
28 18
34 18
49 52
23 50
13 53
30 2
13 18
1 54
25 45
28 9
15 27
28 42
41 5
27 19
17 19
5 9
19 22
48 13
16 7
36 44
42 27
11 32
30 40
10 48
40 32
32 0
16 19
46 44
1 26
50 25
42 19
41 20
7 10
20 19
8 27
48 26
35 25
28 47
48 29
11 45
2 48
7 48
4 9
30 8
33 42
24 27
15 22
12 45
47 3
29 37
8 46
36 55
19 4
2 32
6 55
56 49
2 9
28 49
42 46
12 4
41 12
28 17
30 56
30 25
28 2
1 11
33 11
46 32
33 36
5 57
6 51
41 44
38 12
16 10
24 6
8 51
58 0
35 27
32 26
5 48
15 21
55 0
1 2
42 22
20 2
35 8
51 22
5 50
30 0
20 31
38 10
15 59
8 3
55 4
5 36
21 7
7 55
56 20
2 13
1 35
30 42
12 9
34 0
6 10
25 48
41 7
27 16
28 36
0 22
6 22
50 40
16 20
6 16
60 57
31 4
18 9
9 39
36 31
20 18
10 29
11 38
38 48
33 32
42 17
1 9
59 0
48 31
32 9
21 46
49 37
11 30
12 26
5 17
40 12
24 21
55 37
25 34
3 14
21 55
38 25
10 51
47 18
5 10
19 26
44 18
10 18
56 37
33 41
15 3
42 12
5 45
17 27
30 9
61 60
1 60
11 40
4 0
50 34
44 26
47 22
28 34
1 41
42 0
41 42
46 16
23 48
34 32
5 20
