#qgen
31
1
1
1
1
1
1
1
1
1
1
1
1
1
1
1
1
1
1
1
1
1
1
1
1
1
1
1
1
1
1
1
128
1 0
1 2
3 2
3 4
1 3
5 2
6 2
2 7
8 0
1 9
10 6
10 11
12 2
8 13
8 14
15 9
1 16
17 11
1 4
15 6
1 10
18 9
15 11
1 7
1 13
8 18
19 12
18 6
20 2
21 11
18 15
12 22
23 9
24 10
8 15
15 13
23 2
1 18
1 25
4 2
14 2
18 14
1 14
6 26
22 6
12 24
1 17
10 7
8 25
16 2
23 18
17 9
23 14
16 10
12 16
16 20
2 26
20 7
3 7
4 24
22 2
1 15
23 26
23 12
22 11
8 12
9 7
15 24
8 11
8 21
20 21
12 11
15 3
22 26
27 21
13 11
12 15
28 0
8 2
9 2
24 2
24 26
12 20
18 24
19 10
20 5
12 13
12 25
19 15
18 27
20 29
20 22
19 25
18 26
15 10
9 11
6 11
1 21
5 14
18 16
9 24
9 3
14 7
16 14
23 3
24 6
9 6
18 21
21 6
9 14
1 23
13 9
8 10
12 21
20 6
1 29
1 20
10 2
15 14
16 21
30 0
12 26
25 13
20 26
18 10
12 5
21 7
23 24
