#qgen
62
1
1
1
1
1
1
1
1
1
1
1
1
1
1
1
1
1
1
1
1
1
1
1
1
1
1
1
1
1
1
1
1
1
1
1
1
1
1
1
1
1
1
1
1
1
1
1
1
1
1
1
1
1
1
1
1
1
1
1
1
1
1
256
0 1
0 2
3 1
2 4
3 5
0 6
3 7
8 4
9 6
10 8
10 11
8 12
10 13
12 14
15 12
7 16
0 17
18 16
3 19
13 20
15 21
13 1
10 22
22 23
7 24
3 25
0 21
21 26
3 23
22 27
28 17
10 29
28 30
6 27
2 31
32 17
8 33
16 34
6 34
35 1
36 13
3 37
36 27
9 13
32 0
38 19
32 39
1 40
18 24
3 31
39 27
39 12
7 12
9 12
10 41
42 21
17 30
43 12
16 38
28 43
9 16
8 38
7 44
8 27
35 18
11 28
45 0
46 44
1 43
8 47
7 1
17 48
15 14
35 41
46 49
16 37
17 50
35 51
49 18
17 5
32 1
12 30
36 22
9 50
30 31
3 45
1 41
12 44
18 30
52 20
6 40
49 47
53 43
15 54
8 23
18 27
46 50
9 14
45 17
0 55
23 34
22 47
49 20
21 4
17 39
36 18
34 27
4 37
15 33
10 47
10 56
18 29
56 30
2 5
45 57
32 21
32 5
0 41
39 1
43 31
22 30
8 16
30 44
21 37
33 57
3 11
42 5
32 47
49 14
46 31
33 58
31 4
14 27
14 44
10 14
1 50
2 59
60 3
47 5
30 20
16 55
43 20
15 5
9 31
32 24
43 4
0 5
42 43
36 5
2 29
28 56
39 36
60 10
17 20
15 44
7 22
28 24
28 47
10 2
33 5
18 21
56 50
11 57
2 13
15 13
31 50
3 14
17 34
59 51
10 24
5 27
15 50
0 52
12 27
38 41
32 26
45 20
39 61
35 22
32 44
0 38
13 30
56 26
11 29
9 0
7 36
39 23
28 32
60 0
35 30
53 59
22 21
29 44
10 20
28 26
7 32
13 5
36 55
32 58
45 5
7 40
1 14
33 27
7 58
47 13
22 42
0 50
2 50
17 21
24 44
59 41
18 44
7 4
28 22
0 27
9 5
52 43
46 24
50 54
0 46
15 31
47 59
49 21
8 59
10 39
10 17
18 57
39 19
7 29
13 40
32 52
16 41
40 14
35 17
33 46
0 33
39 6
35 44
2 21
32 57
18 38
7 0
16 12
28 36
26 54
13 26
60 51
49 22
27 4
45 49
23 40
38 26
41 51
8 41
49 1
8 40
