#qgen
69
1
1
1
1
1
1
1
1
1
1
1
1
1
1
1
1
1
1
1
1
1
1
1
1
1
1
1
1
1
1
1
1
1
1
1
1
1
1
1
1
1
1
1
1
1
1
1
1
1
1
1
1
1
1
1
1
1
1
1
1
1
1
1
1
1
1
1
1
1
256
1 0
2 1
2 3
1 4
1 5
6 2
1 7
6 8
0 5
9 0
2 10
2 11
2 12
2 13
14 2
15 1
14 16
15 9
17 11
16 18
19 7
14 6
19 20
1 21
2 22
14 23
3 24
2 25
26 13
27 8
23 20
14 28
2 29
2 9
15 30
31 11
32 1
33 19
9 5
1 9
34 20
35 19
36 9
2 37
38 36
36 33
39 2
32 30
40 18
36 41
23 41
2 20
23 11
30 20
3 42
31 19
43 7
44 16
45 31
33 34
1 46
22 44
28 12
16 5
46 47
1 34
25 48
1 49
27 24
2 36
2 23
50 16
27 51
36 16
44 19
28 25
15 50
36 34
20 29
2 52
33 41
14 53
44 7
22 5
2 41
50 18
43 41
15 46
2 54
28 42
8 51
2 55
15 49
31 56
15 16
15 34
34 44
15 5
39 16
23 19
57 8
44 20
2 35
2 30
2 48
30 46
47 51
57 21
33 20
25 18
46 29
15 33
1 47
2 8
24 40
27 2
50 22
22 34
23 54
36 50
14 33
2 26
57 1
57 51
44 48
32 16
23 13
36 23
50 34
1 40
20 7
4 18
46 19
34 16
52 9
36 46
15 7
8 50
16 46
1 58
1 44
34 7
36 15
2 59
14 15
36 5
50 7
2 34
52 50
1 18
1 56
15 44
2 60
2 38
15 18
2 33
22 46
45 54
35 44
17 18
50 46
50 5
39 24
34 19
33 50
28 2
14 19
2 61
22 20
36 0
4 58
21 47
8 47
43 23
23 30
43 33
45 1
38 1
50 51
1 16
2 50
38 0
33 16
41 7
2 19
57 46
46 7
23 34
38 58
43 2
23 7
34 46
13 19
2 53
16 48
36 7
6 43
43 46
15 23
33 46
41 46
41 19
26 17
16 7
38 9
50 4
2 31
14 41
33 7
2 62
39 18
12 62
2 51
38 52
41 21
38 5
31 48
57 36
58 44
23 33
2 17
47 9
54 20
33 18
2 5
47 49
36 22
32 18
36 30
2 63
18 48
28 57
23 50
11 54
43 19
43 64
6 64
64 65
64 12
43 65
6 65
27 65
65 19
64 62
64 66
66 16
66 33
66 15
64 67
67 62
67 34
67 35
67 11
66 41
66 68
68 23
