#qgen
31
1
1
1
1
1
1
1
1
1
1
1
1
1
1
1
1
1
1
1
1
1
1
1
1
1
1
1
1
1
1
1
128
0 1
0 2
1 3
2 3
3 4
0 5
3 6
7 3
8 5
8 9
9 10
8 11
10 12
10 13
14 10
10 6
0 14
14 15
3 13
16 9
16 11
14 1
10 7
16 17
5 7
3 18
0 12
19 14
2 13
16 20
21 12
16 7
22 20
17 4
5 1
11 13
5 23
10 22
16 4
0 24
8 23
2 23
17 25
21 6
0 6
15 11
21 26
0 18
16 10
2 20
16 23
17 7
5 9
27 6
7 23
16 13
10 28
29 7
9 28
17 28
6 23
5 25
12 4
5 13
11 17
7 20
0 7
27 28
0 4
5 12
0 23
10 18
8 22
21 28
27 29
9 20
10 29
21 29
27 10
27 3
0 13
19 7
25 13
16 6
19 17
2 11
0 28
14 7
10 23
11 18
4 18
30 25
28 23
9 26
5 10
10 25
29 24
6 25
15 9
0 17
28 13
12 22
17 10
3 23
9 22
11 10
19 15
2 7
8 18
11 6
26 6
11 9
18 25
1 7
25 23
11 20
11 3
0 21
1 27
18 28
27 13
5 27
17 20
11 25
19 28
2 9
21 3
18 23
