#qgen
57
1
1
1
1
1
1
1
1
1
1
1
1
1
1
1
1
1
1
1
1
1
1
1
1
1
1
1
1
1
1
1
1
1
1
1
1
1
1
1
1
1
1
1
1
1
1
1
1
1
1
1
1
1
1
1
1
1
256
0 1
0 2
2 3
4 3
0 5
6 1
0 7
5 8
9 8
9 10
11 10
12 1
2 13
5 14
0 15
16 8
8 3
11 14
17 11
12 18
7 5
7 19
20 5
5 18
14 3
7 21
22 8
0 23
17 24
7 25
26 10
16 27
8 18
28 9
16 29
30 11
20 31
17 22
32 3
33 19
16 34
3 27
35 30
26 31
16 23
0 36
12 27
37 27
32 24
7 38
26 19
2 21
34 25
39 37
12 39
0 40
40 11
39 35
0 6
5 19
39 8
17 34
35 31
25 27
0 41
37 14
42 6
37 25
2 43
12 22
12 28
23 31
19 25
9 26
16 32
10 3
9 23
43 44
42 43
2 18
7 45
21 45
39 6
22 1
20 46
28 24
9 1
47 1
22 34
24 3
7 42
0 39
43 24
23 3
47 27
40 24
42 21
0 42
42 13
33 27
17 13
40 34
13 22
0 47
35 6
41 48
5 26
20 25
41 45
5 47
39 25
7 29
30 49
47 50
9 46
39 11
30 24
12 33
40 14
39 9
35 18
29 26
16 9
7 20
51 34
2 17
43 48
17 18
2 19
20 11
7 27
19 27
8 37
28 26
52 21
32 18
42 24
40 30
16 3
22 26
48 49
35 47
37 38
29 47
40 33
38 6
6 31
33 18
40 22
34 24
39 44
24 6
12 25
7 46
16 41
28 8
29 10
40 13
41 32
51 16
34 44
3 47
23 1
5 21
34 53
35 24
53 27
40 18
17 27
42 38
6 49
16 25
29 45
2 44
8 49
23 47
24 10
17 48
52 6
0 54
28 5
17 3
7 30
22 23
13 25
35 27
46 48
34 31
41 5
54 31
9 48
37 1
42 52
11 34
7 37
32 50
2 40
0 32
11 37
54 21
40 41
35 21
2 52
26 53
40 27
28 11
11 53
2 25
40 55
40 21
33 3
18 3
30 45
12 35
29 31
37 6
39 4
28 33
56 1
12 10
20 50
11 43
34 14
37 18
39 30
41 26
11 48
39 53
42 27
30 34
40 17
24 47
12 49
42 22
35 11
5 54
26 1
53 31
35 8
0 30
14 49
16 17
28 3
40 6
38 49
42 54
16 48
38 1
26 48
41 18
23 14
40 8
54 43
40 42
35 54
28 42
