#qgen
125
143
301
793
927
856
1009
835
66
488
26
842
961
889
527
767
534
597
914
371
393
353
982
869
926
537
787
942
951
958
805
955
966
438
458
162
613
285
809
300
945
886
197
970
533
54
895
926
619
828
213
340
662
388
779
997
34
759
899
113
193
104
610
210
582
356
38
593
52
865
591
605
130
506
141
571
688
813
76
6
383
1008
996
89
66
690
670
159
1022
591
608
528
932
526
910
191
224
282
691
902
897
872
312
980
680
805
296
332
730
628
385
460
905
756
113
683
540
528
181
15
469
152
540
666
939
354
128
0 1
0 2
2 3
4 3
3 5
6 3
3 7
8 3
9 3
10 4
10 11
12 10
12 13
14 3
10 15
16 6
17 1
15 18
10 19
13 20
12 21
22 21
23 19
24 23
21 25
26 25
27 3
28 24
17 29
30 25
5 31
32 26
5 33
34 26
26 35
25 36
21 37
38 37
39 10
34 40
29 41
42 38
31 40
43 24
4 44
44 45
34 46
10 47
48 33
49 41
31 50
51 1
52 44
23 53
54 53
55 33
23 56
57 7
58 26
41 59
49 60
61 30
62 31
55 63
64 17
16 65
34 66
67 37
68 15
38 69
29 70
48 71
72 35
70 73
17 74
75 37
73 76
64 77
42 78
45 79
52 80
13 81
46 82
42 83
84 34
49 85
15 86
61 87
54 88
89 40
90 36
91 41
84 92
93 82
94 36
17 95
96 1
85 97
70 98
99 18
100 44
12 75
84 101
96 102
17 6
100 103
48 104
103 105
106 84
10 107
108 62
109 49
17 110
23 111
112 111
55 113
86 114
17 115
24 72
116 41
117 68
68 118
119 100
120 57
121 49
31 122
74 123
124 50
