#qgen
229
143
301
793
927
856
1009
835
66
488
26
842
961
889
527
767
534
597
914
371
393
353
982
869
926
537
787
942
951
958
805
955
966
438
458
162
613
285
809
300
945
886
197
970
533
54
895
926
619
828
213
340
662
388
779
997
34
759
899
113
193
104
610
210
582
356
38
593
52
865
591
605
130
506
141
571
688
813
76
6
383
1008
996
89
66
690
670
159
1022
591
608
528
932
526
910
191
224
282
691
902
897
872
312
980
680
805
296
332
730
628
385
460
905
756
113
683
540
528
181
15
469
152
540
666
939
354
211
165
320
645
292
528
345
81
347
948
615
547
321
356
392
83
853
474
640
468
663
369
865
515
522
251
296
445
392
404
500
887
344
488
508
283
710
384
860
264
437
508
755
178
685
217
920
161
780
933
21
350
1017
149
778
897
404
337
886
544
106
130
56
934
254
243
395
217
40
284
143
901
634
208
299
539
310
932
545
227
721
97
79
670
5
505
358
615
962
929
118
502
300
635
411
929
445
944
947
22
257
49
129
473
256
0 1
0 2
2 3
4 3
3 5
6 3
3 7
8 3
9 3
10 4
10 11
12 10
12 13
14 3
10 15
16 6
17 1
15 18
10 19
13 20
12 21
22 21
23 19
24 23
21 25
26 25
27 3
28 24
17 29
30 25
5 31
32 26
5 33
34 26
26 35
25 36
21 37
38 37
39 10
34 40
29 41
42 38
31 40
43 24
4 44
44 45
34 46
10 47
48 33
49 41
31 50
51 1
52 44
23 53
54 53
55 33
23 56
57 7
58 26
41 59
49 60
61 30
62 31
55 63
64 17
16 65
34 66
67 37
68 15
38 69
29 70
48 71
72 35
70 73
17 74
75 37
73 76
64 77
42 78
45 79
52 80
13 81
46 82
42 83
84 34
49 85
15 86
61 87
54 88
89 40
90 36
91 41
84 92
93 82
94 36
17 95
96 1
85 97
70 98
99 18
100 44
12 75
84 101
96 102
17 6
100 103
48 104
103 105
106 84
10 107
108 62
109 49
17 110
23 111
112 111
55 113
86 114
17 115
24 72
116 41
117 68
68 118
119 100
120 57
121 49
31 122
74 123
124 50
125 17
126 36
72 127
72 114
41 128
129 47
64 130
44 131
45 46
132 124
133 40
24 134
135 130
136 115
137 83
138 15
10 139
140 85
141 76
142 105
143 98
144 99
22 145
146 36
147 36
148 139
149 104
150 97
29 151
42 152
153 19
38 154
155 88
96 156
157 122
158 139
0 159
160 43
38 161
162 54
163 36
91 164
131 78
34 165
71 166
21 167
39 168
91 74
111 122
169 128
170 34
171 65
172 79
125 49
104 103
173 114
41 83
57 85
174 63
72 175
176 106
177 77
167 111
49 36
178 20
179 82
180 24
21 164
181 131
64 182
76 183
184 179
167 185
186 166
34 187
64 188
186 189
78 128
190 142
125 191
37 192
193 189
21 189
194 123
54 175
130 144
195 72
196 100
15 99
197 139
189 198
126 199
37 200
116 201
202 175
203 49
204 23
205 201
206 69
207 166
68 74
152 208
209 163
49 210
132 165
39 1
114 211
132 212
84 213
214 79
157 74
215 124
77 216
217 88
62 218
134 219
220 31
136 221
64 41
197 36
222 85
223 35
224 177
225 124
226 164
152 162
190 227
228 189
