#qgen
64
229
626
432
267
226
946
330
694
608
526
547
799
438
538
16
669
797
368
153
409
784
566
967
692
782
458
993
966
308
822
292
339
100
944
670
605
451
560
528
571
134
370
263
506
468
656
776
906
154
468
657
405
125
706
289
40
227
464
581
732
578
183
949
560
64
1 0
2 1
2 3
2 4
2 5
2 6
2 7
0 8
2 9
10 2
2 11
2 12
2 13
6 14
15 9
16 9
16 17
2 18
18 19
20 4
19 21
14 22
2 23
16 24
2 25
26 1
27 26
9 28
15 29
23 30
31 21
18 12
17 32
16 33
34 32
35 9
2 36
9 37
11 38
39 12
40 34
16 41
25 42
43 41
44 43
15 45
31 46
41 47
48 20
34 49
6 50
16 51
52 2
16 53
54 47
11 55
56 16
57 49
28 58
59 45
60 46
16 61
10 62
28 63
