#qgen
65
939
128
856
205
981
125
712
532
471
537
720
641
474
673
1009
864
97
222
38
884
881
368
509
610
467
149
692
338
113
247
467
975
553
597
819
810
571
613
338
967
758
351
961
95
361
134
944
954
178
240
419
200
928
824
735
164
124
36
560
454
847
603
378
630
280
64
1 0
2 0
3 2
2 4
5 0
6 0
4 7
8 6
9 2
8 10
5 11
10 12
2 13
4 14
7 15
0 16
17 4
7 18
19 15
20 19
21 8
12 22
23 5
24 10
8 25
17 26
27 7
28 12
29 24
30 7
24 31
32 16
5 33
19 34
7 35
12 36
0 37
31 38
3 39
40 7
41 28
17 42
43 5
0 44
39 45
46 20
2 47
6 48
2 49
50 47
7 51
24 52
19 53
54 16
55 3
54 56
11 57
19 58
59 25
7 60
50 61
15 62
53 63
2 64
