#qgen
213
1011
292
840
675
460
103
895
655
857
51
880
692
886
237
763
929
369
701
684
15
231
378
368
955
859
612
162
196
703
264
304
609
954
181
1009
575
946
527
892
112
904
353
96
238
185
79
759
691
371
254
61
974
55
72
546
778
511
942
449
244
445
654
757
508
451
104
653
568
902
423
944
588
969
776
264
340
543
38
683
196
496
143
624
459
516
168
607
813
208
701
404
267
967
766
976
645
129
989
1008
443
911
486
533
125
674
941
370
976
240
570
296
291
828
926
296
196
779
191
190
610
684
609
299
725
830
152
672
933
6
359
591
834
321
883
913
635
508
235
545
488
445
54
946
850
739
87
4
268
526
901
283
957
458
594
402
943
834
427
75
385
592
216
235
781
301
1022
118
959
669
315
298
523
274
854
494
973
1008
715
102
130
251
5
90
815
641
157
703
4
762
216
155
37
75
161
911
666
336
622
655
958
597
1022
249
483
161
490
540
135
134
170
340
411
133
256
1 0
2 0
1 3
1 4
0 5
2 6
5 7
4 8
2 9
6 10
4 11
9 12
8 13
14 9
5 15
4 16
17 13
4 18
19 11
14 20
5 21
12 22
2 23
23 24
4 25
23 26
7 16
18 27
28 7
29 10
30 29
2 31
32 25
33 11
18 34
30 35
26 36
37 8
9 38
33 0
39 29
19 40
29 41
14 42
7 43
44 43
45 22
39 46
9 47
48 5
29 49
18 50
30 51
34 52
53 16
54 37
31 55
26 56
57 21
58 45
50 59
60 22
61 52
62 38
63 42
23 30
30 64
65 27
66 34
47 67
68 29
23 69
70 12
71 13
72 45
22 73
14 74
57 11
15 73
25 72
75 17
76 59
55 77
64 78
79 37
6 80
81 44
82 10
83 42
0 84
81 85
32 86
29 86
87 71
88 9
89 8
90 21
50 91
44 92
93 74
28 94
2 95
17 59
96 45
19 97
84 98
84 99
100 35
101 5
9 102
103 79
104 25
96 105
54 106
16 107
108 42
109 63
84 110
111 59
22 112
113 85
58 114
68 115
116 17
71 42
117 86
118 25
76 119
39 120
95 99
121 56
122 89
123 100
124 86
32 125
9 91
126 69
127 21
128 55
79 99
29 129
33 130
131 127
132 22
117 133
134 16
81 135
136 63
126 137
138 29
129 101
94 139
113 140
141 51
142 125
32 143
144 25
21 145
144 146
129 85
144 147
148 66
123 51
120 149
33 150
104 151
138 152
143 139
143 153
54 154
117 84
28 155
156 109
81 157
57 158
159 95
160 108
14 154
161 25
99 150
162 49
162 163
164 52
30 165
88 58
38 121
76 166
101 167
64 168
169 75
170 41
64 123
10 109
171 117
172 39
82 48
138 70
30 173
62 36
62 174
175 103
176 151
177 107
92 59
68 178
179 17
12 84
29 180
181 31
39 182
183 155
158 100
39 179
39 98
151 184
185 122
96 186
58 187
58 173
188 10
170 189
190 125
87 191
190 192
135 73
193 154
194 52
185 195
14 195
196 109
63 116
149 136
104 91
14 197
26 55
198 5
32 199
39 73
33 200
201 73
163 98
21 202
110 13
162 203
66 204
189 205
104 102
4 206
53 207
208 207
14 209
210 40
140 135
116 211
212 39
29 122
