#qgen
245
99
797
495
833
6
869
162
781
14
635
359
52
302
285
480
599
930
1022
669
136
939
603
680
717
168
844
763
701
469
758
758
785
536
488
599
850
139
1017
1003
338
1011
800
792
961
370
943
939
661
444
840
254
75
134
998
318
341
762
535
233
129
222
902
850
319
421
220
759
190
659
26
653
465
115
262
336
77
453
542
408
241
608
504
238
688
545
667
17
649
655
152
649
930
836
604
154
694
160
778
946
950
457
570
23
351
832
369
91
824
15
631
673
450
673
956
103
1019
112
670
780
351
511
143
768
882
170
467
33
361
645
421
692
628
476
368
721
883
385
967
856
644
687
370
533
932
547
271
911
914
434
595
195
358
25
561
358
704
540
935
154
390
37
656
421
454
790
315
537
1000
1009
958
634
802
6
146
454
112
505
468
441
792
34
947
528
267
161
800
880
945
861
563
121
36
919
832
458
265
531
623
666
546
735
795
271
71
789
843
682
139
374
119
267
948
611
571
209
289
275
961
934
628
605
408
1022
591
790
462
479
778
90
187
292
421
911
736
310
918
526
84
604
651
987
640
17
563
251
256
0 1
1 2
3 1
4 3
4 5
5 6
7 4
8 4
9 0
10 6
7 11
12 2
13 4
7 14
10 15
16 6
12 17
18 1
19 10
17 20
21 5
22 12
16 23
21 24
25 20
1 26
27 17
1 28
14 29
19 30
8 31
16 32
4 33
34 29
35 15
36 31
26 37
1 38
17 39
40 30
31 41
42 3
42 43
44 4
45 28
31 46
47 24
19 48
49 38
50 49
10 51
52 0
53 31
54 45
55 47
24 56
57 50
58 31
26 59
21 60
61 9
44 62
63 50
17 64
65 38
62 15
21 12
21 66
67 17
40 68
69 5
0 70
71 46
72 5
7 73
74 22
53 75
44 76
77 47
78 38
45 79
80 65
81 40
12 82
83 54
84 33
45 85
46 86
87 79
82 88
89 75
4 90
55 91
92 56
93 26
19 94
95 79
44 96
97 46
98 10
99 4
53 100
11 30
101 70
102 59
103 20
104 102
105 36
78 106
68 107
85 108
109 33
49 110
111 33
112 46
14 113
75 114
109 115
116 73
68 117
118 104
119 55
72 120
121 58
16 122
109 123
124 82
125 119
44 126
127 22
8 51
128 46
129 89
130 21
12 131
132 43
45 133
11 134
84 135
136 12
93 137
138 59
139 51
25 24
140 101
141 113
142 39
143 57
109 144
145 129
146 1
147 93
148 55
149 86
28 150
151 75
152 74
134 153
73 154
155 131
11 84
82 156
157 39
158 119
159 111
51 160
18 161
162 12
163 62
164 122
165 26
22 166
167 38
89 168
169 46
167 170
60 171
172 93
69 173
174 28
82 175
71 176
177 150
162 178
179 11
7 180
181 75
100 182
167 183
173 184
185 79
186 184
187 90
188 131
149 189
44 190
11 191
192 170
193 55
85 98
123 194
195 86
113 196
174 197
6 198
199 177
174 200
78 201
202 90
203 55
114 204
199 205
206 149
82 207
183 208
162 209
92 210
64 211
74 212
213 79
54 214
215 175
79 216
169 166
217 110
37 218
219 4
125 220
13 90
104 68
221 12
222 157
223 176
145 224
129 225
226 184
118 227
102 228
51 229
230 5
231 175
232 185
232 233
234 110
54 235
236 204
237 61
166 238
46 239
154 171
27 39
240 107
241 108
115 242
58 243
244 5
