#qgen
65
99
797
495
833
6
869
162
781
14
635
359
52
302
285
480
599
930
1022
669
136
939
603
680
717
168
844
763
701
469
758
758
785
536
488
599
850
139
1017
1003
338
1011
800
792
961
370
943
939
661
444
840
254
75
134
998
318
341
762
535
233
129
222
902
850
319
421
64
0 1
1 2
3 1
4 3
4 5
5 6
7 4
8 4
9 0
10 6
7 11
12 2
13 4
7 14
10 15
16 6
12 17
18 1
19 10
17 20
21 5
22 12
16 23
21 24
25 20
1 26
27 17
1 28
14 29
19 30
8 31
16 32
4 33
34 29
35 15
36 31
26 37
1 38
17 39
40 30
31 41
42 3
42 43
44 4
45 28
31 46
47 24
19 48
49 38
50 49
10 51
52 0
53 31
54 45
55 47
24 56
57 50
58 31
26 59
21 60
61 9
44 62
63 50
17 64
