#qgen
126
99
797
495
833
6
869
162
781
14
635
359
52
302
285
480
599
930
1022
669
136
939
603
680
717
168
844
763
701
469
758
758
785
536
488
599
850
139
1017
1003
338
1011
800
792
961
370
943
939
661
444
840
254
75
134
998
318
341
762
535
233
129
222
902
850
319
421
220
759
190
659
26
653
465
115
262
336
77
453
542
408
241
608
504
238
688
545
667
17
649
655
152
649
930
836
604
154
694
160
778
946
950
457
570
23
351
832
369
91
824
15
631
673
450
673
956
103
1019
112
670
780
351
511
143
768
882
170
467
128
0 1
1 2
3 1
4 3
4 5
5 6
7 4
8 4
9 0
10 6
7 11
12 2
13 4
7 14
10 15
16 6
12 17
18 1
19 10
17 20
21 5
22 12
16 23
21 24
25 20
1 26
27 17
1 28
14 29
19 30
8 31
16 32
4 33
34 29
35 15
36 31
26 37
1 38
17 39
40 30
31 41
42 3
42 43
44 4
45 28
31 46
47 24
19 48
49 38
50 49
10 51
52 0
53 31
54 45
55 47
24 56
57 50
58 31
26 59
21 60
61 9
44 62
63 50
17 64
65 38
62 15
21 12
21 66
67 17
40 68
69 5
0 70
71 46
72 5
7 73
74 22
53 75
44 76
77 47
78 38
45 79
80 65
81 40
12 82
83 54
84 33
45 85
46 86
87 79
82 88
89 75
4 90
55 91
92 56
93 26
19 94
95 79
44 96
97 46
98 10
99 4
53 100
11 30
101 70
102 59
103 20
104 102
105 36
78 106
68 107
85 108
109 33
49 110
111 33
112 46
14 113
75 114
109 115
116 73
68 117
118 104
119 55
72 120
121 58
16 122
109 123
124 82
125 119
