#qgen
65
835
813
105
823
899
553
502
265
55
955
674
321
934
491
766
570
469
417
701
944
844
411
121
1011
185
853
747
864
282
716
172
761
654
521
891
451
266
369
442
939
229
978
421
787
144
675
998
850
926
41
462
850
12
537
104
560
829
872
795
283
438
460
143
693
505
64
1 0
0 2
3 2
4 3
5 3
5 6
7 0
5 8
7 9
4 10
2 11
9 12
3 13
6 14
1 15
3 16
17 3
18 8
17 19
20 7
21 6
22 13
23 5
7 24
25 11
15 26
13 27
28 9
29 3
30 7
13 31
32 22
33 12
14 34
32 35
36 0
7 37
32 38
39 19
40 38
41 7
42 29
32 43
44 12
45 3
46 33
47 16
48 11
49 12
15 50
32 51
32 52
53 47
42 54
55 45
21 56
32 57
58 23
46 59
60 34
42 61
18 62
32 63
7 64
