#qgen
241
835
813
105
823
899
553
502
265
55
955
674
321
934
491
766
570
469
417
701
944
844
411
121
1011
185
853
747
864
282
716
172
761
654
521
891
451
266
369
442
939
229
978
421
787
144
675
998
850
926
41
462
850
12
537
104
560
829
872
795
283
438
460
143
693
505
163
824
659
304
42
702
181
663
265
385
692
116
694
540
735
663
759
883
339
404
149
249
439
789
544
865
659
1022
838
52
857
73
251
180
835
704
373
486
112
89
737
987
148
22
697
974
531
296
870
735
610
551
337
684
41
533
273
527
599
191
676
757
602
393
1023
568
954
601
611
521
815
473
531
502
404
747
1024
794
733
67
242
481
141
908
438
834
942
783
880
478
157
991
696
511
69
669
550
72
566
102
162
6
980
519
17
1017
947
635
332
494
146
66
125
716
448
343
363
458
82
183
938
96
464
780
746
130
475
384
410
703
174
437
770
851
480
161
726
775
1017
580
635
152
328
127
193
611
70
695
209
116
937
976
945
739
337
213
170
208
919
656
152
612
651
50
271
628
110
265
932
20
765
136
235
359
781
201
256
1 0
0 2
3 2
4 3
5 3
5 6
7 0
5 8
7 9
4 10
2 11
9 12
3 13
6 14
1 15
3 16
17 3
18 8
17 19
20 7
21 6
22 13
23 5
7 24
25 11
15 26
13 27
28 9
29 3
30 7
13 31
32 22
33 12
14 34
32 35
36 0
7 37
32 38
39 19
40 38
41 7
42 29
32 43
44 12
45 3
46 33
47 16
48 11
49 12
15 50
32 51
32 52
53 47
42 54
55 45
21 56
32 57
58 23
46 59
60 34
42 61
18 62
32 63
7 64
65 46
66 16
67 7
63 68
69 7
44 70
67 71
21 72
73 19
44 74
42 75
29 76
32 77
3 78
79 45
55 80
29 81
17 74
82 18
83 23
42 6
10 84
85 63
86 48
87 46
88 46
58 18
30 89
80 90
91 67
92 38
62 93
94 3
55 95
58 96
97 13
22 98
99 47
100 45
56 101
16 102
11 103
99 104
64 105
13 106
107 60
32 108
50 109
110 87
111 61
112 84
113 101
78 114
59 115
99 55
32 116
9 117
83 118
69 119
120 119
55 121
122 5
123 78
59 100
124 75
32 125
79 126
127 109
101 128
129 16
130 56
131 0
32 132
50 133
134 78
50 135
136 0
137 123
138 119
139 106
66 140
141 92
94 142
28 143
32 144
31 145
146 63
42 147
148 143
9 149
42 150
151 59
14 107
152 149
153 140
154 106
32 155
82 156
157 91
8 158
110 159
118 14
9 39
5 160
161 79
162 104
163 68
81 147
160 95
164 55
165 54
166 19
167 12
55 12
168 52
169 47
46 170
171 140
172 106
40 173
174 156
175 0
176 115
4 177
177 178
179 106
180 138
37 79
34 106
70 181
49 182
180 183
184 90
185 64
186 3
187 13
13 188
189 80
112 190
134 191
192 160
3 193
168 194
195 179
15 196
40 197
46 131
74 112
13 198
183 199
200 129
199 201
188 202
203 71
204 3
188 205
7 206
157 207
32 208
46 209
210 36
93 211
42 212
154 213
181 214
215 46
216 175
217 214
151 218
219 93
220 147
221 117
222 100
223 119
224 106
126 140
225 181
177 226
7 227
214 228
229 169
160 230
221 231
168 232
31 233
228 234
158 235
236 34
237 171
216 238
239 96
240 234
