#qgen
124
835
813
105
823
899
553
502
265
55
955
674
321
934
491
766
570
469
417
701
944
844
411
121
1011
185
853
747
864
282
716
172
761
654
521
891
451
266
369
442
939
229
978
421
787
144
675
998
850
926
41
462
850
12
537
104
560
829
872
795
283
438
460
143
693
505
163
824
659
304
42
702
181
663
265
385
692
116
694
540
735
663
759
883
339
404
149
249
439
789
544
865
659
1022
838
52
857
73
251
180
835
704
373
486
112
89
737
987
148
22
697
974
531
296
870
735
610
551
337
684
41
533
273
527
599
128
1 0
0 2
3 2
4 3
5 3
5 6
7 0
5 8
7 9
4 10
2 11
9 12
3 13
6 14
1 15
3 16
17 3
18 8
17 19
20 7
21 6
22 13
23 5
7 24
25 11
15 26
13 27
28 9
29 3
30 7
13 31
32 22
33 12
14 34
32 35
36 0
7 37
32 38
39 19
40 38
41 7
42 29
32 43
44 12
45 3
46 33
47 16
48 11
49 12
15 50
32 51
32 52
53 47
42 54
55 45
21 56
32 57
58 23
46 59
60 34
42 61
18 62
32 63
7 64
65 46
66 16
67 7
63 68
69 7
44 70
67 71
21 72
73 19
44 74
42 75
29 76
32 77
3 78
79 45
55 80
29 81
17 74
82 18
83 23
42 6
10 84
85 63
86 48
87 46
88 46
58 18
30 89
80 90
91 67
92 38
62 93
94 3
55 95
58 96
97 13
22 98
99 47
100 45
56 101
16 102
11 103
99 104
64 105
13 106
107 60
32 108
50 109
110 87
111 61
112 84
113 101
78 114
59 115
99 55
32 116
9 117
83 118
69 119
120 119
55 121
122 5
123 78
59 100
