#qgen
120
116
243
334
218
6
217
638
970
623
540
50
365
869
135
34
881
768
140
54
758
77
52
187
104
469
611
959
146
3
536
276
842
774
976
428
77
339
684
302
818
220
797
348
885
460
130
310
222
948
897
468
199
46
732
53
218
540
610
464
18
212
99
464
927
124
706
768
489
834
974
197
753
300
423
939
474
547
523
411
460
109
663
419
400
939
368
535
702
591
448
802
550
933
330
506
665
766
78
792
178
181
866
790
954
737
912
226
231
458
249
520
561
386
113
344
269
954
631
48
225
128
0 1
1 2
3 0
4 2
5 1
6 2
2 7
8 2
7 9
9 10
9 11
2 12
6 13
6 14
6 15
14 16
17 10
10 18
15 19
18 20
21 13
22 2
23 17
21 24
25 12
6 26
27 25
3 28
23 29
30 17
31 17
28 32
13 33
34 26
17 35
36 17
6 37
38 17
28 23
39 1
40 17
17 41
6 42
43 39
44 32
17 45
46 37
15 47
48 31
49 17
12 29
50 7
29 17
51 48
52 3
39 53
10 54
49 55
42 56
55 57
58 33
26 59
56 60
61 58
62 17
19 63
64 23
42 26
65 58
6 55
66 27
19 67
66 28
34 68
17 69
16 70
71 59
5 72
34 73
74 38
31 75
76 53
51 77
67 78
79 55
80 58
81 48
66 82
83 57
84 33
85 61
86 18
87 75
88 57
89 14
17 44
83 90
91 48
92 59
93 75
58 94
6 95
96 14
97 2
98 58
99 37
100 18
101 39
41 102
71 103
91 104
81 99
105 33
59 106
107 68
108 103
19 28
19 109
110 78
111 90
112 68
51 113
6 114
56 115
116 5
117 18
118 75
115 119
