#qgen
248
960
83
242
7
160
313
231
588
638
70
464
236
352
921
135
651
942
259
328
994
547
208
873
118
105
185
844
966
739
686
886
183
28
985
342
600
440
850
758
635
508
828
175
437
175
115
241
833
1011
977
46
776
472
211
521
134
751
348
868
766
1
54
550
501
335
67
685
769
169
61
331
112
492
565
643
226
315
583
25
154
330
626
628
970
534
800
77
228
991
913
414
964
734
721
302
708
918
133
291
501
789
301
736
568
851
263
945
437
1023
105
124
909
754
756
491
52
275
779
896
624
190
105
10
840
803
1022
969
328
229
100
795
206
451
803
269
251
468
72
738
611
693
664
833
169
790
260
54
338
1013
686
404
206
759
852
55
602
527
285
934
536
289
152
714
237
643
89
653
1009
669
68
112
561
121
1019
146
221
637
965
54
780
748
50
1020
599
116
160
785
949
22
21
944
146
393
104
229
930
916
919
682
298
933
163
766
540
465
930
111
446
832
813
812
15
696
331
254
684
795
829
448
598
200
486
854
902
89
866
322
948
76
614
408
22
744
152
114
655
717
97
444
62
578
767
970
591
447
92
361
194
256
0 1
2 1
2 3
4 2
5 2
4 6
1 7
8 7
1 9
10 2
11 6
4 12
4 13
14 1
15 3
2 16
17 13
18 17
19 10
2 20
4 21
22 1
2 23
11 24
25 2
13 26
27 4
17 28
17 29
29 30
14 31
32 13
33 27
29 34
35 31
6 36
22 37
34 38
39 5
40 23
10 41
36 42
42 43
27 44
42 45
46 13
32 47
36 48
14 49
50 16
51 42
25 52
20 53
46 54
46 55
25 56
57 20
58 2
54 59
60 45
60 61
62 19
63 5
64 52
65 10
1 66
62 67
68 44
69 61
10 70
17 71
11 72
73 71
13 74
54 75
70 76
77 28
78 29
79 52
80 46
81 53
82 40
83 2
80 84
29 85
75 86
29 87
56 88
81 89
90 23
35 91
82 92
93 44
94 44
95 62
96 56
97 45
98 60
99 25
40 100
76 101
102 42
54 103
104 76
105 57
26 106
107 70
99 108
67 109
35 110
111 57
112 29
113 90
114 60
27 51
21 115
116 48
117 65
118 95
42 119
96 120
25 121
29 122
32 123
81 124
125 116
109 126
19 127
75 128
15 129
130 63
131 45
67 132
4 133
134 16
135 11
35 136
106 137
1 138
139 121
140 13
75 141
25 24
142 124
13 41
143 54
4 144
145 73
146 136
121 147
126 148
149 110
149 150
68 17
151 148
152 99
153 3
132 154
120 155
97 156
147 157
43 158
159 149
160 71
161 47
162 6
83 119
90 163
131 164
165 85
166 71
142 167
46 6
168 97
169 122
170 21
158 171
172 128
104 173
147 174
175 100
77 176
106 177
178 101
94 179
180 104
181 41
182 99
78 96
181 183
29 184
185 66
46 186
187 24
147 188
103 189
29 190
191 59
192 23
182 193
194 154
102 195
196 151
197 165
25 198
199 108
197 200
201 16
202 61
113 203
204 187
205 181
13 61
206 108
207 98
208 114
29 209
210 141
31 120
116 211
212 141
63 213
214 206
212 215
216 89
157 217
218 109
121 219
26 220
133 221
114 222
223 212
224 41
225 79
226 181
227 62
228 213
182 229
230 79
231 58
94 232
69 233
234 44
108 235
236 203
152 237
23 238
239 7
99 240
55 241
242 137
39 243
244 127
132 245
246 34
4 247
