#qgen
65
937
754
966
234
828
50
999
974
162
11
795
416
123
431
26
881
20
605
572
552
1011
1013
824
414
837
942
1002
766
167
695
809
174
191
468
157
48
208
46
513
844
10
545
6
682
326
508
516
72
129
129
143
797
79
781
190
742
590
221
438
683
38
506
598
404
310
64
1 0
1 2
3 0
0 4
5 2
2 6
5 7
1 8
9 2
2 10
11 0
5 12
13 10
1 14
12 15
14 16
9 17
18 4
19 6
9 20
18 21
6 22
16 23
17 24
2 25
26 4
13 27
26 28
29 20
30 9
31 12
21 32
33 27
34 20
25 35
18 36
37 28
17 38
39 25
12 40
41 26
29 42
43 35
44 23
45 37
27 46
47 21
17 48
48 49
45 50
51 45
45 52
12 53
54 27
27 55
19 56
57 44
2 58
14 59
60 23
61 21
41 62
3 63
64 16
