#qgen
62
116
243
334
218
6
217
638
970
623
540
50
365
869
135
34
881
768
140
54
758
77
52
187
104
469
611
959
146
3
536
276
842
774
976
428
77
339
684
302
818
220
797
348
885
460
130
310
222
948
897
468
199
46
732
53
218
540
610
464
18
212
99
64
0 1
1 2
3 0
4 2
5 1
6 2
2 7
8 2
7 9
9 10
9 11
2 12
6 13
6 14
6 15
14 16
17 10
10 18
15 19
18 20
21 13
22 2
23 17
21 24
25 12
6 26
27 25
3 28
23 29
30 17
31 17
28 32
13 33
34 26
17 35
36 17
6 37
38 17
28 23
39 1
40 17
17 41
6 42
43 39
44 32
17 45
46 37
15 47
48 31
49 17
12 29
50 7
29 17
51 48
52 3
39 53
10 54
49 55
42 56
55 57
58 33
26 59
56 60
61 58
