#qgen
128
937
754
966
234
828
50
999
974
162
11
795
416
123
431
26
881
20
605
572
552
1011
1013
824
414
837
942
1002
766
167
695
809
174
191
468
157
48
208
46
513
844
10
545
6
682
326
508
516
72
129
129
143
797
79
781
190
742
590
221
438
683
38
506
598
404
310
779
16
190
241
572
171
918
469
194
872
121
944
242
201
928
525
929
144
50
107
28
906
624
461
765
565
456
458
655
973
444
67
582
846
411
275
173
161
755
501
32
1006
542
4
673
734
92
122
13
635
658
267
914
139
803
213
883
292
513
734
489
118
482
128
1 0
1 2
3 0
0 4
5 2
2 6
5 7
1 8
9 2
2 10
11 0
5 12
13 10
1 14
12 15
14 16
9 17
18 4
19 6
9 20
18 21
6 22
16 23
17 24
2 25
26 4
13 27
26 28
29 20
30 9
31 12
21 32
33 27
34 20
25 35
18 36
37 28
17 38
39 25
12 40
41 26
29 42
43 35
44 23
45 37
27 46
47 21
17 48
48 49
45 50
51 45
45 52
12 53
54 27
27 55
19 56
57 44
2 58
14 59
60 23
61 21
41 62
3 63
64 16
65 17
66 53
51 67
11 68
69 20
70 35
71 35
72 4
73 21
25 74
75 48
76 10
77 2
78 10
79 42
80 0
5 81
37 82
83 72
84 25
5 85
37 86
64 87
80 88
89 43
1 90
91 26
83 92
68 93
38 94
16 95
2 96
97 23
1 98
99 20
100 60
101 54
76 102
70 103
104 89
105 12
106 30
3 107
18 108
109 51
110 67
111 20
66 112
9 113
114 6
106 115
116 16
117 60
76 118
119 4
120 2
81 121
114 44
113 122
123 44
124 95
12 125
126 48
9 127
