#qgen
123
98
912
87
957
546
994
139
344
540
254
404
683
135
249
500
735
195
2
766
102
645
277
505
622
566
886
270
889
489
649
784
854
75
737
612
116
526
495
703
337
55
756
757
142
264
185
239
895
505
449
675
77
292
410
167
849
778
692
5
645
32
776
973
731
545
829
15
356
704
306
765
304
927
6
510
55
907
599
537
172
532
56
789
684
507
21
162
1008
624
779
143
829
475
924
155
97
583
274
162
312
633
300
371
186
494
537
786
463
902
54
651
813
921
893
703
516
848
926
763
562
129
53
148
128
0 1
0 2
3 1
4 1
5 4
5 6
7 4
8 6
7 9
10 6
10 11
12 9
13 7
11 14
15 7
16 14
17 5
5 18
19 6
20 9
21 10
22 1
23 20
8 24
23 25
5 26
27 12
28 25
15 29
30 6
10 31
19 32
8 33
4 34
4 35
36 6
37 29
38 19
39 35
40 19
5 41
42 33
43 11
44 29
27 45
34 46
47 25
40 48
49 43
50 38
13 51
52 18
42 53
10 54
39 34
55 39
17 37
6 56
39 57
44 58
16 59
60 59
23 61
62 29
5 63
64 28
65 37
66 51
67 61
33 68
69 19
70 2
71 19
36 72
44 73
62 74
19 75
76 14
52 77
78 12
79 73
80 73
38 81
82 58
11 83
12 84
85 39
33 86
87 18
88 18
17 89
90 37
91 18
92 46
93 84
23 94
94 95
43 65
96 7
89 97
97 98
33 99
94 100
60 25
89 101
54 102
16 103
15 104
105 74
89 106
30 103
107 68
108 85
85 109
110 45
111 103
112 104
112 113
36 114
17 115
22 116
117 56
65 118
119 44
85 12
55 120
80 121
12 122
