#qgen
234
371
143
830
737
320
392
807
723
637
942
662
715
634
702
365
66
312
157
227
322
605
890
72
457
703
531
865
659
552
612
290
854
813
6
660
210
281
54
766
167
312
511
473
634
705
185
257
1008
89
344
798
162
819
125
462
894
296
230
464
316
135
267
673
235
643
818
411
292
651
65
751
74
296
1008
610
265
860
197
6
102
34
870
666
539
546
828
1020
656
339
374
896
624
216
423
54
778
970
17
475
532
757
169
209
628
159
560
624
735
973
667
692
396
951
282
183
340
523
1003
749
643
102
53
771
508
77
516
973
948
486
713
683
443
354
568
196
746
716
886
161
646
597
578
861
673
356
759
948
159
469
767
505
539
92
42
902
756
361
660
635
368
948
947
6
469
787
653
739
96
5
253
872
718
561
353
803
237
718
287
193
1017
703
591
195
41
657
892
187
683
995
301
575
553
1024
954
612
889
447
126
833
946
33
333
251
815
653
641
55
829
104
622
32
701
899
779
750
1022
834
829
784
511
404
899
402
285
332
385
142
609
790
737
994
619
116
190
256
0 1
2 1
3 1
3 4
3 5
3 6
2 7
4 8
9 6
0 10
11 5
2 12
13 6
3 14
15 5
9 1
0 5
14 16
15 17
17 18
19 4
20 4
17 21
11 22
19 23
24 18
3 25
26 1
27 9
24 28
9 29
26 12
24 30
28 31
11 32
13 33
18 34
24 35
36 31
11 37
28 38
39 24
24 40
23 12
41 35
39 42
43 23
44 38
45 38
18 46
47 40
48 45
49 31
50 36
51 35
31 52
53 31
41 54
36 55
45 56
36 57
47 58
4 37
2 59
41 60
61 31
35 62
63 57
64 54
65 24
66 16
67 38
50 68
44 69
49 70
71 36
36 72
73 62
4 74
72 75
76 73
77 61
70 78
79 46
80 38
81 41
67 82
59 83
84 78
85 31
86 42
87 41
88 77
89 45
44 90
91 45
64 92
64 93
39 94
50 95
80 96
97 45
77 98
99 49
100 82
42 101
71 102
103 12
104 12
105 75
106 105
7 83
107 54
108 97
60 109
110 78
111 41
112 41
113 46
114 35
115 57
116 75
117 62
45 118
119 110
93 120
121 78
76 122
123 57
124 101
120 125
88 36
35 126
127 89
128 70
129 117
121 130
131 31
123 132
127 133
102 134
123 135
133 136
137 38
114 110
68 138
108 139
11 6
140 94
141 20
142 40
24 143
144 94
91 145
146 56
147 88
63 148
135 149
150 38
151 110
152 106
153 28
154 134
127 155
156 117
64 157
113 158
106 159
81 160
161 102
148 101
50 162
163 94
134 101
67 164
68 165
17 66
166 40
72 167
117 168
47 169
165 94
170 124
151 139
41 171
19 172
173 74
89 174
161 175
93 176
53 177
178 110
105 179
180 32
85 181
67 182
183 85
43 103
184 181
164 185
144 186
114 187
188 40
72 80
54 94
189 91
190 130
191 57
116 192
193 31
194 176
195 147
196 118
127 197
198 117
199 144
200 136
201 196
202 57
156 123
99 203
93 204
61 162
205 32
206 106
207 137
86 208
200 209
210 166
211 84
212 177
213 124
211 214
210 215
204 216
213 54
217 95
218 137
219 95
28 179
154 220
85 221
179 222
223 80
224 18
225 95
38 95
156 226
227 94
77 228
85 229
230 208
170 231
135 232
233 229
76 107
