#qgen
63
98
912
87
957
546
994
139
344
540
254
404
683
135
249
500
735
195
2
766
102
645
277
505
622
566
886
270
889
489
649
784
854
75
737
612
116
526
495
703
337
55
756
757
142
264
185
239
895
505
449
675
77
292
410
167
849
778
692
5
645
32
776
973
64
0 1
0 2
3 1
4 1
5 4
5 6
7 4
8 6
7 9
10 6
10 11
12 9
13 7
11 14
15 7
16 14
17 5
5 18
19 6
20 9
21 10
22 1
23 20
8 24
23 25
5 26
27 12
28 25
15 29
30 6
10 31
19 32
8 33
4 34
4 35
36 6
37 29
38 19
39 35
40 19
5 41
42 33
43 11
44 29
27 45
34 46
47 25
40 48
49 43
50 38
13 51
52 18
42 53
10 54
39 34
55 39
17 37
6 56
39 57
44 58
16 59
60 59
23 61
62 29
