#qgen
120
83
750
516
873
163
341
322
879
9
683
435
890
818
684
20
196
724
660
816
2
757
753
669
956
624
526
955
180
389
160
833
544
595
84
616
657
367
744
956
457
17
406
954
181
947
565
1010
669
193
364
216
508
891
904
911
111
662
1022
786
840
561
437
97
1020
853
528
790
201
368
575
161
241
784
869
838
397
38
905
944
772
396
360
829
404
882
294
536
144
932
991
735
140
390
358
421
598
1011
631
19
226
379
756
104
191
905
817
169
103
669
612
250
261
106
36
292
554
396
926
162
30
128
1 0
2 0
3 2
1 2
4 2
4 5
6 5
6 7
6 8
6 9
10 7
11 7
6 12
6 13
6 14
15 7
11 16
17 13
6 18
7 19
20 7
18 21
6 22
23 8
19 24
25 13
6 26
27 16
27 28
29 17
30 11
23 31
32 14
6 33
29 34
10 35
28 36
37 23
30 38
39 33
31 35
40 23
27 41
39 42
32 43
29 44
45 16
22 46
23 47
19 48
29 49
35 50
51 6
31 52
53 50
40 54
55 53
7 56
57 18
54 58
59 31
30 60
61 33
62 47
35 63
28 64
65 62
66 19
67 62
53 68
8 69
70 45
71 22
44 72
73 36
67 74
75 18
55 76
77 23
78 41
79 76
65 80
22 31
81 80
29 82
18 83
66 84
29 72
85 22
86 80
25 24
87 62
88 40
89 68
90 45
91 83
16 92
93 41
19 94
94 95
96 23
97 25
65 98
99 41
100 78
11 101
102 33
103 95
77 104
105 56
68 52
106 74
107 31
70 79
75 108
109 63
110 82
111 50
112 87
105 113
114 45
115 6
71 78
90 116
86 117
90 11
118 83
99 119
