#query
115
D
I
A
V
E
V
K
V
R
K
K
V
L
L
F
A
L
I
V
V
N
K
E
G
G
L
V
P
D
Y
K
D
K
T
A
R
L
K
T
L
L
G
G
I
A
G
V
T
V
E
V
D
T
F
H
V
L
K
Q
I
V
G
Y
P
P
I
K
I
K
P
A
V
M
A
I
E
H
V
A
S
R
L
G
K
A
G
G
G
E
S
R
L
E
E
S
G
S
D
Q
Y
G
P
L
L
D
L
R
G
I
E
A
L
A
D
Y
256
0 1
2 1
3 2
2 4
5 3
6 2
7 0
8 1
3 9
6 10
5 6
11 3
12 7
6 13
12 14
15 13
14 16
17 5
17 18
19 11
20 14
21 14
12 22
23 10
24 16
25 16
26 12
26 27
28 6
17 29
5 30
6 23
20 31
16 32
19 33
29 34
26 9
8 16
35 11
34 36
11 37
38 22
39 32
26 14
19 15
37 24
35 40
10 13
21 41
22 27
42 25
43 14
39 4
44 4
45 13
45 46
47 43
46 48
19 49
21 50
45 44
51 36
44 16
52 13
13 8
53 3
54 29
45 2
24 55
28 10
21 29
56 20
16 57
18 14
58 53
59 16
51 60
36 16
50 33
5 14
30 47
52 10
51 48
20 47
12 61
62 33
45 6
35 3
63 13
64 52
60 37
63 42
14 7
42 65
13 2
40 63
4 1
16 66
67 44
67 68
45 16
59 32
26 55
26 46
69 25
55 3
19 42
42 69
70 50
17 26
71 35
2 8
19 37
72 21
73 18
55 65
74 2
75 73
54 17
24 41
12 76
32 66
77 28
78 49
45 59
79 6
73 80
43 51
81 75
82 64
40 62
83 19
39 73
12 55
19 84
83 85
21 34
43 18
45 5
49 73
19 63
3 86
72 51
48 7
75 36
39 65
16 65
54 43
73 36
70 7
45 26
15 81
87 25
5 88
87 49
35 52
75 89
90 74
91 10
15 75
92 16
93 74
55 59
31 88
54 94
95 27
71 96
40 80
31 26
6 97
83 49
50 34
54 98
44 25
56 88
31 27
83 99
90 100
67 101
39 41
92 50
27 97
77 93
83 39
79 102
89 11
80 16
96 44
103 93
11 70
94 98
65 32
56 31
18 60
59 65
19 75
73 65
104 78
63 2
35 84
44 101
90 28
39 70
19 25
96 11
26 22
28 71
89 58
35 8
17 46
101 48
19 60
24 48
39 59
80 57
44 80
59 4
53 22
90 93
105 13
9 16
25 24
6 52
73 57
35 75
35 10
39 106
107 97
19 108
95 22
7 9
109 68
7 16
17 110
62 39
20 76
35 67
39 80
26 41
63 81
111 98
81 111
106 57
99 112
54 53
39 49
112 37
113 96
28 52
22 13
67 80
114 23
112 36
17 70
78 87
35 109
