#query
62
K
Q
V
Q
P
T
N
R
E
E
F
V
W
A
K
Q
E
D
L
E
E
K
L
F
L
L
V
T
E
T
A
F
F
G
R
P
L
T
S
V
L
P
A
K
P
H
Y
K
S
A
A
Q
A
V
V
Q
P
H
L
T
T
R
128
0 1
2 1
0 3
4 1
1 5
6 3
7 4
0 8
9 3
9 10
4 11
12 2
7 6
5 13
11 14
8 15
12 1
11 16
17 16
17 18
19 3
20 16
21 7
22 16
23 6
1 24
25 16
2 26
7 27
22 20
28 5
18 29
0 30
22 31
2 32
0 15
12 6
24 33
2 34
35 9
7 10
13 36
2 30
28 6
2 31
20 37
29 25
20 36
1 31
6 13
17 38
17 25
5 11
26 32
39 36
40 16
16 41
15 41
17 42
10 43
15 20
27 43
44 32
28 11
45 7
29 32
23 32
32 24
46 25
40 47
15 48
49 13
50 31
51 33
52 31
19 53
54 35
52 46
9 1
2 16
26 7
55 32
38 55
10 56
55 34
24 14
26 25
51 22
23 10
54 27
57 43
19 57
26 22
13 50
42 41
54 43
18 16
40 58
59 39
21 44
55 47
4 15
45 47
9 23
23 12
1 48
25 58
54 19
26 34
49 22
5 36
52 36
23 1
60 58
61 59
23 30
18 34
18 59
20 46
42 40
19 43
2 15
34 25
61 58
45 21
12 8
13 14
34 47
