#query
32
L
E
V
Y
A
V
F
T
I
G
F
Q
V
M
V
A
L
F
S
R
G
E
M
F
N
R
A
R
V
D
D
N
128
1 0
2 0
1 3
4 3
5 3
5 6
4 0
6 7
8 6
9 0
5 1
2 10
11 7
12 7
13 10
2 14
13 14
14 10
3 15
4 7
16 1
3 7
11 8
0 17
18 5
9 19
14 11
17 10
13 20
21 10
20 10
9 22
0 15
8 0
23 10
20 11
23 24
9 11
23 0
25 0
19 8
19 5
26 9
14 23
26 11
11 27
18 24
19 18
20 18
14 17
12 4
18 4
19 15
26 5
18 7
12 3
12 27
13 26
27 21
3 6
12 18
27 3
18 27
14 9
12 11
28 9
4 8
1 25
24 29
25 21
28 16
28 0
21 6
7 15
17 30
13 12
20 28
28 19
25 22
31 25
27 23
26 16
0 30
16 25
5 4
23 30
19 7
27 0
0 7
5 29
30 10
18 16
25 7
21 30
0 24
5 21
16 21
23 22
13 28
19 16
11 22
21 0
25 29
20 19
27 29
1 22
20 26
8 7
16 10
28 23
31 21
26 0
1 24
19 24
0 3
21 3
8 29
11 4
14 19
5 25
9 7
28 10
18 1
26 10
5 0
26 12
9 5
23 25
