#query
64
R
R
D
Q
W
A
T
F
A
F
Q
V
H
V
N
M
P
A
V
V
Y
L
R
V
R
M
D
V
M
A
A
L
R
W
V
G
H
F
D
L
E
R
Y
S
N
E
S
P
I
L
V
R
V
G
G
M
R
G
S
Q
P
A
R
D
256
1 0
2 0
3 2
4 0
0 5
2 6
4 7
8 3
0 9
10 2
2 11
12 10
13 5
8 14
15 13
13 16
14 17
7 2
2 18
17 19
10 1
2 20
21 15
8 22
23 14
24 9
25 5
26 10
27 2
0 28
10 29
27 30
29 31
2 28
21 27
1 11
32 30
10 33
33 19
34 16
34 35
36 0
2 24
2 37
1 18
38 1
28 9
7 24
26 39
17 40
41 36
42 10
15 11
14 25
20 16
19 31
36 42
18 43
39 44
45 1
16 5
34 46
41 0
11 46
4 28
47 11
6 48
1 31
49 19
39 22
13 24
41 28
21 50
44 36
39 20
51 49
41 20
46 16
5 9
40 52
11 53
45 23
47 28
23 17
18 48
54 8
10 22
55 37
20 35
7 53
14 1
24 49
51 1
4 33
55 40
40 49
44 15
18 56
21 28
57 20
27 3
25 33
18 55
58 43
57 42
39 27
45 43
37 9
27 36
59 48
60 22
56 40
49 31
1 40
3 31
50 36
25 11
41 16
60 41
25 0
14 29
22 37
25 13
55 31
7 34
7 25
11 16
47 0
29 0
24 40
15 0
15 53
59 6
57 27
49 33
25 49
34 13
51 52
15 2
29 55
60 21
25 19
20 28
1 2
39 3
17 55
60 0
50 27
45 58
21 11
29 7
27 4
27 25
41 15
42 7
39 0
54 10
50 57
38 6
30 33
17 7
0 37
27 29
52 61
51 14
11 5
4 31
10 52
45 6
43 48
34 18
12 45
31 9
62 1
45 8
1 63
45 10
52 31
1 25
25 40
2 46
12 32
51 40
57 36
3 0
15 30
6 40
29 1
14 22
29 37
4 2
10 61
42 14
57 30
17 33
17 1
42 33
5 35
51 56
14 7
10 49
51 8
52 19
50 0
42 3
3 52
47 9
56 49
4 29
2 49
17 10
50 44
8 23
38 62
55 19
4 42
1 19
57 7
53 35
58 6
23 3
40 61
50 28
42 8
49 61
62 58
47 4
48 40
27 33
35 59
25 53
51 58
57 0
53 9
12 54
17 52
10 7
8 62
4 9
39 30
45 22
44 0
23 7
47 31
23 22
54 58
57 47
55 49
14 3
58 48
39 41
44 41
10 58
24 48
7 37
56 48
