#query
120
P
A
S
Y
A
D
L
W
H
R
R
R
E
I
S
K
L
A
K
A
N
D
E
E
E
A
I
M
E
V
A
F
D
V
S
W
H
G
L
F
I
K
R
R
I
E
K
I
H
E
N
Y
E
T
V
R
Q
L
A
R
I
N
L
N
N
M
Q
R
R
L
E
G
D
I
E
L
L
R
A
D
N
T
Y
V
Q
T
V
Y
Q
G
A
N
H
Q
V
V
V
I
L
Q
H
D
G
D
A
E
R
H
A
L
F
L
V
A
S
G
V
Y
S
D
256
1 0
2 1
3 0
4 3
5 4
6 3
6 7
8 3
7 9
10 2
11 7
12 8
7 13
11 14
15 13
8 16
17 9
18 0
12 19
11 20
6 17
21 17
21 22
23 21
8 24
25 14
26 6
27 14
28 1
14 29
17 8
30 13
6 31
23 32
33 31
32 19
17 24
23 34
5 10
25 35
36 33
24 37
17 38
36 39
21 40
1 18
3 16
41 28
19 42
33 43
44 10
4 45
46 10
44 13
33 47
34 48
25 49
45 50
51 1
25 52
30 10
23 40
53 20
40 7
6 5
35 54
48 55
41 42
56 46
57 9
58 43
59 25
34 60
15 3
47 61
62 30
63 43
31 64
65 52
53 66
67 65
21 68
69 28
48 70
23 71
65 20
16 59
60 72
73 51
74 10
59 75
27 75
27 76
36 51
22 77
9 5
33 1
26 51
31 63
25 78
48 19
79 29
50 78
14 80
15 46
81 1
42 18
75 80
81 43
70 8
82 47
19 9
58 39
83 34
20 84
85 16
17 50
38 86
32 31
6 40
87 68
59 88
89 87
90 70
73 33
12 17
50 91
17 88
29 92
93 1
94 38
69 95
42 50
24 96
20 29
97 96
60 70
89 12
57 8
72 98
99 35
95 100
65 14
21 11
66 14
22 12
101 96
11 19
41 31
48 68
91 75
61 102
12 87
103 2
12 42
88 29
62 15
98 70
38 13
6 8
104 36
65 29
55 38
105 46
47 43
2 39
0 45
30 74
96 106
54 107
75 108
31 1
109 46
42 0
79 84
19 50
91 110
82 51
19 16
19 96
38 9
73 111
41 64
50 25
43 61
112 86
91 99
20 78
67 53
53 75
27 35
96 78
79 78
34 55
113 75
62 39
111 39
114 15
70 112
26 15
66 107
48 86
76 107
97 59
59 79
113 49
64 93
26 73
89 96
51 10
22 89
22 42
99 113
99 75
77 75
63 39
6 95
44 51
101 78
15 115
36 3
21 59
94 85
94 39
85 87
59 91
62 74
57 44
85 33
0 102
32 21
50 80
101 92
17 7
55 116
99 106
88 77
21 19
117 112
60 38
17 42
26 42
26 44
33 93
9 2
2 45
7 91
15 10
56 10
97 101
11 118
40 24
4 10
119 36
16 96
5 45
