#query
32
H
N
Q
S
A
T
A
D
H
G
N
A
I
K
I
S
G
A
G
Q
V
H
R
F
K
R
F
D
Y
V
E
S
128
0 1
2 1
3 0
4 1
4 0
2 3
5 4
2 0
6 1
3 5
7 4
4 8
1 9
2 10
11 9
12 8
8 13
7 14
4 9
0 15
13 16
5 17
8 9
11 8
4 18
19 2
1 20
18 6
21 18
14 22
23 13
24 0
25 9
10 14
26 7
6 0
10 0
25 27
13 15
10 1
16 0
25 21
23 21
6 28
15 22
29 10
5 20
3 15
8 10
3 1
27 12
19 29
21 4
19 24
24 4
30 10
10 15
27 22
18 14
26 29
8 0
24 25
30 27
25 5
12 23
10 9
23 8
29 8
18 8
19 7
8 28
1 17
18 13
26 25
26 4
18 28
3 29
11 12
5 21
17 20
5 27
24 2
31 0
21 7
25 15
31 10
17 22
6 10
28 10
23 14
2 25
15 17
12 14
25 3
19 26
11 15
6 13
16 15
29 1
5 15
28 9
11 23
30 0
5 11
25 7
4 14
25 10
31 13
13 10
14 20
25 14
31 9
29 28
5 12
1 22
26 21
18 31
23 22
30 15
29 31
20 22
23 28
29 0
16 10
18 10
8 6
3 28
24 7
