#query
64
A
L
F
Y
V
Y
P
F
L
D
N
M
I
M
I
T
G
A
E
L
I
E
E
G
T
V
R
I
I
R
M
S
P
K
G
Q
M
P
L
T
R
A
W
I
A
E
E
M
I
A
K
A
R
E
L
E
I
A
A
F
L
T
E
A
256
1 0
2 1
1 3
4 3
1 5
6 5
2 7
8 1
0 9
0 10
11 2
12 4
11 13
14 6
15 8
12 16
11 17
14 18
8 19
19 20
21 7
22 21
23 21
24 15
6 25
22 5
7 15
26 9
14 27
7 24
28 3
17 29
8 5
8 16
30 6
11 24
27 31
5 27
4 32
31 3
22 23
28 33
1 34
2 35
31 36
24 37
6 18
23 5
38 31
8 31
37 39
40 34
21 40
15 27
16 41
30 42
14 5
30 43
17 40
30 5
32 44
25 5
9 45
38 4
33 27
2 8
42 46
8 39
33 47
29 35
48 31
26 49
31 39
41 32
36 3
17 50
3 51
0 45
48 9
24 33
52 29
11 20
13 24
0 6
40 29
27 4
52 53
33 16
37 26
54 44
41 3
18 25
38 36
4 55
51 56
28 24
14 9
46 45
13 57
21 2
48 49
56 20
1 58
32 56
27 34
18 27
23 18
37 48
38 12
1 33
47 31
10 59
2 14
4 54
39 55
15 16
12 36
58 5
15 33
30 48
30 14
19 4
0 31
30 49
21 17
42 47
33 31
1 37
45 47
0 18
8 33
26 42
2 53
17 2
44 56
59 45
8 3
40 20
48 6
30 25
8 4
59 25
41 51
7 28
14 58
49 38
32 55
60 3
15 30
50 29
52 35
17 13
10 45
52 24
30 39
8 37
0 49
26 6
50 7
58 25
11 52
59 47
22 11
8 30
7 37
13 20
12 3
16 4
24 57
54 32
23 58
36 56
15 39
39 16
11 1
8 38
5 20
9 46
57 20
11 7
23 13
39 36
51 61
47 38
26 45
55 56
48 27
1 30
42 59
51 57
5 43
60 24
15 37
54 41
27 36
1 48
11 5
2 33
50 53
11 40
60 19
8 49
3 44
28 5
13 28
6 49
41 44
36 32
25 43
25 47
0 46
33 38
23 50
28 34
60 1
19 57
43 19
1 43
11 23
58 43
8 48
3 57
14 48
40 13
10 47
32 51
32 62
48 45
60 37
3 63
3 62
10 42
21 1
37 27
33 10
27 38
8 54
30 36
28 19
48 5
22 49
13 29
23 1
32 61
24 34
49 27
18 43
30 18
40 52
37 49
55 62
40 2
60 51
14 26
26 38
40 50
