#query
63
A
G
D
R
T
V
K
V
V
E
I
A
A
E
L
Y
S
V
F
M
K
G
E
K
N
I
G
I
T
T
W
I
G
V
F
W
K
I
R
L
F
H
A
Y
N
A
P
P
T
V
M
C
L
K
A
E
P
A
G
D
K
P
L
128
0 1
1 2
3 0
0 4
5 3
5 6
6 7
6 8
9 2
10 2
11 8
6 12
13 1
14 4
15 4
1 16
5 17
18 4
19 3
20 15
21 18
22 5
19 23
15 1
22 7
14 8
23 11
16 21
10 24
8 25
26 16
16 10
27 3
21 28
29 15
30 10
31 11
32 10
12 33
34 10
35 13
18 33
36 25
26 37
38 17
2 39
40 21
16 2
41 34
32 42
31 7
6 35
8 1
41 16
22 43
15 24
22 14
42 39
44 31
10 45
31 8
46 3
8 40
30 47
2 42
1 24
48 6
19 49
50 38
0 41
20 9
40 24
35 24
51 47
52 26
6 41
5 44
6 53
45 39
54 6
27 8
15 18
55 2
44 7
52 34
36 10
0 34
23 54
37 30
29 35
56 3
30 57
58 14
20 24
31 13
43 50
38 58
22 13
10 47
54 3
2 18
59 38
1 25
32 51
43 31
57 60
11 34
28 45
24 18
0 15
61 47
55 30
13 9
22 3
57 18
54 17
62 40
0 13
22 29
16 28
31 16
22 56
59 17
45 24
61 32
31 9
20 16
11 41
