#qgen
40
8
30
18
18
16
24
13
11
6
25
3
3
28
12
8
17
32
8
15
19
22
12
20
32
4
21
9
28
15
27
10
4
9
30
3
16
7
7
2
8
128
0 1
0 2
0 3
0 4
0 5
0 6
0 7
8 7
6 9
0 10
9 11
7 9
10 6
12 7
0 13
5 12
10 14
15 9
0 16
0 17
18 11
0 19
18 6
20 9
0 14
0 20
0 9
0 15
12 14
10 9
15 14
18 15
15 11
0 21
0 22
0 23
5 24
6 20
19 14
14 24
18 7
10 15
7 14
18 20
5 14
19 9
5 19
0 25
7 15
12 6
5 9
5 18
8 19
10 20
12 20
9 24
20 11
19 20
10 11
8 11
8 14
8 9
8 10
6 14
18 9
10 19
6 15
15 20
0 26
5 15
12 19
7 11
0 27
5 6
7 20
5 20
19 15
12 9
6 7
6 19
0 18
18 10
8 12
8 20
5 11
6 11
0 28
0 29
8 6
20 14
14 11
0 30
9 14
5 7
19 7
0 11
0 31
18 12
0 24
0 8
5 8
18 19
12 10
5 10
8 18
18 14
21 9
10 7
24 11
12 15
12 11
19 11
8 15
0 12
0 32
0 33
0 34
0 35
0 36
30 35
12 35
21 35
21 37
37 35
37 14
37 11
37 38
37 39
