#qgen
63
11
18
24
23
24
17
17
19
29
24
21
7
1
20
8
11
17
28
32
18
2
18
29
30
27
16
26
11
19
31
4
23
23
31
29
7
19
24
29
4
32
23
21
19
27
12
29
3
17
14
17
18
11
14
28
30
5
31
21
16
21
31
25
256
1 0
2 1
3 0
4 0
1 5
6 0
7 0
8 5
4 9
10 5
11 5
12 0
13 9
14 0
15 8
16 8
17 0
18 0
6 19
20 9
21 12
12 9
19 22
13 10
21 9
11 8
20 13
11 23
3 5
24 21
16 25
26 0
22 27
28 0
4 13
29 10
30 8
31 9
11 9
25 0
11 0
32 28
4 33
34 24
35 0
36 23
28 9
8 0
37 33
23 33
19 38
18 39
21 8
36 17
6 3
36 27
40 0
31 38
10 41
19 8
23 42
37 0
43 13
19 18
15 6
44 23
45 1
31 18
3 32
16 44
21 46
47 5
14 32
48 41
21 0
29 16
26 49
37 13
50 22
51 22
8 52
11 17
53 9
18 33
44 0
17 54
12 52
38 0
14 31
35 33
45 11
32 5
55 54
55 43
53 38
6 46
35 22
19 0
36 37
36 56
19 32
57 17
1 52
1 33
16 22
43 5
24 46
36 9
24 47
11 54
58 0
48 0
33 49
43 11
19 21
36 42
43 0
47 0
57 59
15 14
43 54
57 11
56 26
47 38
22 9
21 22
47 2
31 0
26 33
2 0
52 49
54 9
36 21
54 0
15 47
4 22
16 9
19 5
15 33
59 0
21 60
17 44
45 0
14 37
61 54
22 56
56 9
57 58
25 42
47 9
14 21
24 19
43 29
4 37
16 32
1 62
34 38
25 23
3 18
18 27
36 30
1 9
50 54
12 39
12 5
14 24
47 19
16 42
23 32
19 2
17 31
51 9
28 33
18 32
48 33
47 22
23 6
3 21
42 22
50 52
34 14
2 9
18 52
8 46
47 10
1 46
11 44
7 25
57 34
18 56
40 33
19 54
29 34
34 32
24 0
48 54
8 54
47 26
14 38
15 0
45 35
60 0
23 9
59 17
55 22
2 46
15 9
57 44
19 9
50 0
40 38
42 34
3 19
25 14
19 1
16 23
22 53
17 23
43 32
23 14
3 46
47 21
23 1
43 57
14 12
62 5
35 51
36 29
60 46
37 9
29 47
44 32
11 32
56 0
11 16
20 0
7 23
28 54
23 0
45 17
27 52
50 55
18 12
47 37
12 27
22 18
11 25
53 0
16 5
33 5
20 54
39 10
36 39
45 32
48 9
44 9
