#qgen
63
30
30
6
9
24
26
3
28
18
5
26
19
2
30
31
8
30
10
16
20
20
4
23
3
4
5
6
14
12
28
31
1
25
15
20
5
19
26
11
30
3
16
5
9
9
6
24
22
7
25
7
24
25
22
23
4
14
29
16
8
6
8
12
256
1 0
2 0
2 3
4 0
5 3
2 6
7 6
4 8
9 6
10 9
10 11
11 12
5 13
12 14
15 14
3 16
11 9
5 17
5 18
9 19
15 20
21 1
17 9
22 0
23 14
24 12
25 1
26 7
17 27
26 19
28 8
9 29
4 20
7 30
31 16
31 32
33 17
34 14
25 15
10 18
35 14
15 30
8 20
32 36
11 37
8 18
4 38
39 0
20 40
41 14
17 20
42 13
27 18
1 7
15 36
15 7
21 43
44 18
45 19
12 32
11 19
0 18
46 30
47 18
9 16
48 14
49 18
50 46
51 50
45 3
11 26
17 35
25 44
26 52
15 18
3 53
54 53
23 30
4 40
24 31
3 26
51 27
3 8
27 40
31 35
21 28
51 49
49 14
17 6
46 20
49 36
55 20
34 20
34 23
5 38
55 41
2 43
45 28
44 39
2 26
39 40
56 7
47 20
39 18
45 50
1 46
42 24
45 55
41 26
34 53
45 20
33 48
55 17
28 38
17 54
9 32
44 10
49 16
33 28
57 19
2 50
20 48
5 48
49 26
42 6
10 55
21 20
21 9
2 9
47 15
17 12
47 52
28 31
58 57
17 36
25 55
1 31
5 26
21 27
43 30
55 54
49 6
19 36
17 26
47 45
2 12
34 51
9 18
34 19
59 18
45 38
25 47
33 3
5 0
11 36
11 60
47 11
47 57
25 60
15 54
52 14
2 14
31 13
4 28
47 1
44 55
44 35
3 21
3 48
27 14
40 48
2 59
24 26
20 14
21 55
44 20
17 57
47 13
41 52
2 15
61 52
44 30
45 30
3 60
47 32
3 61
24 15
5 29
55 1
4 56
61 23
37 16
44 6
1 32
24 38
9 36
51 56
33 15
51 13
2 22
43 57
57 9
5 8
20 19
62 29
33 41
45 4
45 7
58 6
1 61
21 10
61 6
34 60
44 2
45 9
25 20
46 6
33 46
31 54
8 50
46 53
40 12
42 31
5 23
26 14
21 13
15 57
16 13
56 41
49 40
39 16
42 34
5 50
26 35
44 11
62 43
62 15
60 18
5 9
27 35
43 20
28 17
59 41
57 12
37 22
37 6
54 61
57 36
0 29
32 30
3 6
47 55
34 3
45 39
3 19
19 54
