#qgen
32
30
6
29
5
9
20
31
25
23
19
28
8
3
16
25
30
30
20
11
16
2
6
31
25
23
7
5
14
22
3
3
28
128
1 0
2 0
2 3
4 0
3 5
2 6
7 6
4 8
9 6
10 9
10 11
11 12
4 13
14 12
15 14
13 2
8 16
4 17
4 12
18 7
13 19
1 20
21 7
0 20
18 11
10 19
1 15
5 20
13 22
23 14
16 6
11 6
4 2
24 4
21 11
23 25
20 12
26 9
10 25
26 6
9 12
15 9
5 16
25 22
7 9
4 27
2 11
11 0
21 12
8 11
10 28
8 14
27 10
3 0
10 8
4 22
17 12
11 14
29 11
13 6
19 6
0 12
23 16
10 21
5 6
8 7
10 12
27 25
29 30
2 22
17 5
9 19
13 15
23 13
23 7
1 21
0 22
19 12
2 9
13 14
13 1
29 14
17 1
20 14
16 22
27 11
26 30
30 7
3 9
17 10
18 21
11 25
23 10
15 12
2 29
23 20
1 25
15 31
23 19
1 14
26 19
3 10
11 19
21 9
27 22
13 0
23 12
26 22
13 18
17 28
10 29
17 19
27 8
18 14
29 8
4 20
5 11
8 28
15 19
13 9
1 9
10 14
2 15
13 21
3 16
5 15
18 10
4 23
