#qgen
32
22
4
25
6
1
1
19
21
19
17
30
23
5
15
10
13
4
28
7
8
13
27
14
20
4
12
19
19
10
25
4
32
128
1 0
2 0
1 3
4 2
5 4
6 3
2 7
0 8
9 4
7 10
11 4
5 12
0 13
4 14
11 9
2 15
16 2
11 7
4 10
17 9
4 18
19 15
20 5
21 16
22 14
21 10
14 23
16 24
25 16
12 4
17 18
3 26
25 9
25 22
25 27
12 7
9 16
21 2
16 7
27 19
17 15
20 14
21 5
27 14
20 22
25 18
25 15
28 2
9 5
21 29
11 19
9 29
17 21
17 27
22 5
11 21
17 7
21 25
7 29
27 2
4 24
4 19
11 5
20 11
9 2
5 10
21 27
16 10
20 7
25 7
9 19
2 10
17 2
30 13
16 18
20 29
11 25
11 27
1 28
17 16
22 10
12 14
5 18
21 7
21 9
18 10
20 18
21 15
10 15
17 4
20 19
12 19
7 19
4 7
27 4
9 14
30 8
4 23
20 27
14 18
12 10
22 7
31 14
11 29
25 29
20 10
11 10
11 12
30 0
25 10
25 5
11 15
11 2
12 16
17 29
11 14
31 1
25 14
5 7
22 9
29 18
12 2
25 2
20 4
7 14
7 18
14 24
17 14
