#qgen
47
52
32
50
35
41
16
47
19
49
41
39
22
44
58
54
1
17
38
9
27
9
27
50
60
30
34
57
20
48
50
42
16
11
30
34
23
50
9
58
34
52
20
28
30
62
42
33
128
0 1
2 1
3 1
3 4
5 1
6 1
7 1
1 8
9 4
3 10
11 4
12 1
13 1
5 14
15 14
16 4
10 1
17 14
18 0
12 14
19 4
10 11
20 14
9 18
9 11
9 10
21 10
9 16
1 4
7 14
1 16
22 0
23 1
20 1
24 22
19 1
11 16
3 11
6 18
2 14
1 11
9 1
0 14
25 1
26 24
27 24
27 26
15 1
28 13
21 18
29 1
21 1
21 9
24 14
26 1
3 16
9 14
24 0
28 1
21 11
14 8
27 1
10 16
10 4
30 1
31 1
17 1
17 32
32 8
33 17
22 32
33 24
33 26
33 34
33 35
33 36
35 36
27 35
35 32
35 22
35 37
37 38
35 38
33 38
33 37
36 38
36 39
35 39
38 39
33 39
40 39
38 40
35 40
33 40
33 41
36 41
33 42
37 42
36 42
35 41
35 42
23 42
40 42
38 42
41 42
39 42
43 42
41 43
40 43
43 24
36 43
43 26
38 43
27 43
39 43
43 44
38 44
33 44
39 44
41 44
40 44
40 45
40 46
44 46
43 45
42 45
37 46
38 45
