#qgen
36
52
13
2
28
38
11
5
40
54
15
49
47
61
16
9
39
55
44
60
16
26
6
1
3
44
15
37
21
48
15
8
6
41
57
40
5
128
0 1
0 2
3 0
0 4
5 1
0 6
7 1
0 8
0 9
10 1
10 11
12 10
2 13
14 9
12 15
12 16
17 0
18 1
19 0
15 10
0 5
0 14
15 2
18 20
12 18
21 20
16 14
21 22
0 21
0 23
0 18
0 24
6 13
17 14
15 0
0 25
25 26
27 14
3 5
0 28
3 10
14 1
23 26
29 14
20 22
15 27
11 14
0 7
0 30
29 15
19 12
23 1
29 22
0 31
12 0
12 14
0 20
29 21
12 22
16 0
0 27
12 17
3 20
11 26
16 9
5 25
12 21
12 5
29 0
29 17
29 10
12 9
10 0
11 25
3 24
0 26
14 4
15 17
16 1
29 9
14 26
29 18
14 22
14 20
27 21
14 23
3 27
23 20
12 30
15 24
0 13
14 18
5 20
19 1
12 4
0 22
12 24
0 11
5 13
29 16
17 1
18 4
12 13
12 32
5 32
12 33
3 33
23 33
25 33
33 20
26 33
12 34
9 33
34 1
11 33
28 33
2 34
21 33
14 33
33 35
21 35
23 35
14 35
20 35
35 22
9 35
25 35
26 35
