#qgen
32
61
42
41
15
1
32
16
14
39
57
58
55
35
31
49
27
34
61
58
49
61
30
62
17
61
12
29
47
26
28
9
1
128
0 1
0 2
0 3
4 2
1 5
6 1
7 5
2 8
9 8
10 2
4 11
1 12
13 3
13 14
9 15
4 15
1 14
16 9
10 3
14 8
0 17
13 18
19 12
20 5
0 7
16 21
4 22
0 23
6 5
18 21
3 21
24 20
13 2
24 5
13 25
7 24
13 15
9 26
16 26
18 12
20 18
3 14
16 27
20 3
2 18
15 8
12 26
4 24
16 2
28 20
20 26
4 20
24 14
24 12
14 22
16 28
7 28
28 24
17 19
18 29
17 28
0 25
16 25
0 5
6 22
7 22
8 22
0 10
25 26
28 3
13 24
17 29
7 19
7 6
0 9
28 12
27 22
13 22
25 22
28 1
10 12
17 24
6 12
4 5
30 6
1 29
0 4
21 27
0 30
20 22
18 15
20 21
24 21
9 14
21 22
4 19
29 26
17 5
29 5
24 23
14 12
0 29
24 15
1 24
25 8
17 16
19 14
6 25
7 16
13 21
9 24
0 20
24 8
24 26
4 13
29 23
0 16
13 5
19 27
4 1
4 8
13 11
0 31
3 5
2 12
30 21
9 25
2 27
