#qgen
61
64
10
36
55
48
13
48
28
58
41
51
14
14
53
3
58
15
21
58
30
44
2
25
26
8
64
1
37
35
58
18
15
62
25
33
53
10
18
3
6
60
38
30
21
37
49
60
44
10
14
18
49
56
44
36
44
40
2
7
6
5
256
0 1
1 2
1 3
3 4
5 4
1 6
5 7
8 4
0 9
10 5
11 3
12 2
13 12
3 14
1 15
13 16
8 17
8 18
3 19
15 20
21 4
22 7
16 7
6 23
24 22
18 14
15 25
20 26
20 27
22 28
22 19
29 6
29 20
29 30
1 10
21 17
4 26
20 19
4 31
4 23
32 7
33 12
8 31
7 34
35 19
10 36
3 28
36 5
28 37
7 38
39 37
3 40
20 30
11 18
15 11
41 18
40 42
1 18
13 34
43 26
35 34
5 41
1 21
38 21
5 40
1 44
10 17
8 25
45 25
46 14
35 14
8 2
39 36
46 26
47 10
48 18
3 44
13 18
30 26
40 46
22 40
49 25
1 50
8 51
3 46
13 36
35 41
43 2
47 13
29 8
33 52
10 53
27 14
36 40
43 52
20 43
39 53
8 22
35 54
39 23
34 25
10 43
41 25
21 30
1 25
1 55
5 38
6 4
14 19
39 56
54 2
2 25
22 43
3 34
11 12
42 25
16 53
39 6
29 42
35 57
16 51
21 23
5 46
39 41
16 30
50 3
29 16
46 12
12 25
12 58
1 20
11 2
29 22
50 26
43 23
24 30
38 26
32 58
59 32
38 4
28 25
53 37
6 12
11 21
53 44
40 17
1 46
24 13
40 25
53 31
8 53
5 31
13 51
14 26
5 2
35 46
24 17
24 18
7 44
47 34
55 36
10 7
59 38
47 17
46 44
56 18
16 5
24 55
11 52
56 51
32 51
1 38
35 53
60 51
29 12
32 38
17 58
13 55
36 6
55 5
5 25
16 20
11 44
53 19
37 34
13 59
14 25
60 11
40 44
22 37
6 38
29 51
36 37
30 2
8 34
50 32
36 20
15 50
35 16
56 42
55 14
35 8
49 45
8 21
8 56
60 10
3 53
28 54
24 56
8 28
50 40
34 38
26 51
35 7
13 17
41 19
53 21
34 30
39 40
18 46
53 14
3 33
10 8
39 8
40 4
28 18
3 42
33 26
50 55
28 19
56 23
13 41
56 33
21 26
55 23
3 52
39 59
54 25
33 34
46 19
47 53
32 26
13 44
24 50
50 46
35 30
7 26
42 19
20 22
39 4
3 12
53 59
6 17
22 12
8 59
11 16
