#qgen
28
8
41
34
24
28
23
49
13
8
44
3
23
19
9
64
45
16
53
50
28
37
48
33
59
3
7
45
39
128
0 1
1 2
3 2
4 2
5 2
1 6
2 7
1 8
9 7
5 8
5 10
2 11
11 10
1 12
13 5
14 7
15 10
3 16
0 5
2 14
5 17
18 10
14 6
19 7
19 20
21 5
18 19
22 12
21 23
9 2
4 24
0 11
15 23
22 2
18 15
7 12
22 7
3 17
22 11
6 19
21 16
4 12
13 12
13 25
9 22
3 11
9 5
21 4
9 23
18 5
9 18
0 26
1 14
0 20
9 16
1 25
18 6
8 16
25 16
9 6
13 23
21 1
11 7
14 10
5 11
5 25
1 7
27 17
11 16
15 20
4 16
17 7
3 1
0 12
4 25
16 12
27 4
20 12
27 0
22 18
27 1
17 10
20 23
3 12
18 11
10 7
5 7
5 1
0 7
3 5
25 11
22 15
5 12
18 1
24 6
14 16
9 10
22 10
17 12
2 23
6 12
0 19
13 15
11 17
1 17
0 14
15 4
15 6
21 13
6 23
27 5
18 17
13 0
22 4
2 20
14 17
17 20
10 12
24 20
21 27
21 15
10 16
14 20
15 2
13 20
3 10
0 6
4 7
