#qgen
31
22
11
52
16
32
34
47
9
41
55
49
61
6
62
34
51
12
4
11
47
1
10
8
4
5
9
48
43
21
43
13
128
0 1
1 2
2 3
0 4
5 4
2 6
1 5
0 7
8 7
0 6
8 9
0 10
10 5
3 6
9 11
12 8
13 3
14 12
3 15
2 16
10 13
10 17
0 12
2 11
9 18
19 11
2 20
10 11
2 21
1 22
14 21
0 17
23 21
11 15
1 3
19 24
0 8
25 6
25 20
0 2
7 21
19 18
10 2
0 20
3 26
0 27
22 15
11 26
0 15
1 4
19 26
14 20
16 26
25 23
27 22
11 7
13 24
1 28
0 28
27 19
10 3
16 23
27 23
3 18
13 7
1 15
1 29
9 23
28 8
0 24
10 29
23 22
19 22
18 15
28 22
1 24
30 18
13 29
13 18
26 18
23 15
10 20
12 9
25 10
8 17
8 26
0 3
27 3
11 18
1 10
14 1
22 20
25 22
1 7
1 23
22 6
27 2
3 22
27 21
12 26
19 3
8 22
12 10
1 26
5 11
28 9
3 20
2 22
10 4
28 20
28 26
0 25
8 20
10 26
13 15
0 18
0 29
14 24
29 4
13 20
23 18
11 6
10 30
26 15
23 7
12 18
12 2
11 21
