#query
32
L
N
L
Q
A
P
S
T
F
T
I
T
Y
Q
L
H
F
I
I
W
S
F
L
Q
K
A
T
D
N
V
R
G
128
1 0
1 2
3 1
4 2
5 1
1 6
7 4
8 3
3 9
10 6
11 10
9 0
12 0
6 13
9 2
4 14
12 15
16 12
0 15
12 17
18 17
15 19
13 20
21 17
16 20
22 19
23 10
19 24
9 10
20 24
16 10
25 13
5 10
10 13
11 5
21 2
12 14
5 12
20 19
13 24
9 19
20 15
26 24
27 25
16 19
7 19
4 9
16 28
6 0
26 18
0 2
16 13
18 24
29 10
12 22
10 2
4 0
18 15
5 14
7 14
10 25
18 19
26 7
23 3
29 6
29 8
26 12
13 19
25 20
29 13
29 3
23 1
21 24
19 2
29 17
7 11
26 19
4 10
6 17
6 25
20 30
5 4
16 5
26 28
31 28
12 19
0 31
8 23
14 6
8 2
21 0
14 0
16 11
14 19
25 0
13 31
27 29
19 31
11 0
14 10
7 5
0 24
15 28
0 19
29 23
5 0
14 2
15 30
25 17
24 30
14 9
16 18
27 0
22 13
16 7
18 0
14 1
20 28
23 6
29 2
25 30
26 17
27 23
6 15
18 2
10 22
11 9
24 28
