#qgen
235
6
8
38
16
41
1
44
58
36
44
38
62
59
3
24
58
8
48
9
27
34
45
25
60
23
22
55
46
11
34
27
5
56
9
56
32
3
35
29
52
56
5
3
16
25
31
2
10
7
9
37
37
5
25
9
19
62
30
59
16
40
17
45
63
29
3
57
37
20
32
59
15
62
53
46
58
51
1
19
21
36
62
29
52
21
31
54
46
30
48
60
30
18
42
31
15
21
20
20
60
10
42
19
28
57
45
62
31
34
59
48
5
4
32
53
33
18
58
33
37
30
28
1
5
35
59
25
35
60
58
37
17
63
20
60
55
48
54
31
37
57
18
51
2
55
8
32
62
26
36
56
62
15
44
60
50
39
1
28
64
63
19
38
30
3
26
26
1
1
35
51
7
56
5
29
37
24
64
58
13
32
34
11
29
15
28
27
51
4
47
62
42
62
26
49
52
47
57
59
49
47
53
50
62
30
34
18
50
59
25
62
36
55
34
57
22
11
56
64
42
35
56
21
42
14
61
25
46
41
44
11
42
13
29
46
256
1 0
2 1
1 3
0 1
1 4
5 4
6 5
4 7
8 4
4 9
10 4
8 11
12 9
13 12
14 12
14 15
16 13
15 17
18 12
14 19
20 19
17 15
21 11
22 6
22 23
12 24
25 14
26 22
26 27
22 28
11 29
30 17
31 22
22 32
20 33
27 34
35 14
36 17
36 37
38 28
39 22
20 40
14 25
41 37
14 42
43 42
44 40
6 22
41 45
46 29
47 36
42 48
14 20
18 49
45 50
51 47
30 52
53 28
54 40
30 55
56 4
57 50
58 46
33 36
27 59
17 25
12 60
61 35
30 62
4 8
63 7
64 46
65 26
66 22
45 67
68 30
22 69
37 70
34 71
72 7
65 73
74 22
75 60
76 12
77 30
59 78
4 79
60 80
22 81
57 82
83 28
84 22
85 50
86 11
55 87
88 76
24 89
62 90
91 41
92 57
93 76
94 44
91 30
95 91
63 96
97 90
42 98
99 87
46 100
90 101
90 102
42 103
104 98
105 73
50 106
40 107
108 50
109 50
110 22
111 65
26 112
113 43
90 114
90 115
52 116
87 47
117 84
118 73
76 19
118 119
22 120
121 91
56 122
47 87
91 123
124 123
125 36
89 24
93 126
90 127
115 128
129 78
127 130
112 131
30 132
133 57
134 30
135 87
109 136
43 137
29 64
138 124
90 139
140 113
91 141
142 140
36 33
43 143
144 87
42 145
43 146
91 147
13 148
96 149
150 145
151 112
98 152
153 36
154 130
155 71
128 156
119 157
158 154
133 159
160 98
30 161
42 162
133 163
113 164
165 11
166 22
167 138
158 168
115 169
112 170
171 101
172 115
149 173
154 174
175 45
176 29
177 30
156 178
179 30
180 150
156 181
182 166
183 90
117 22
184 146
185 168
169 186
187 104
188 162
145 189
43 190
188 191
192 186
193 1
132 194
195 191
34 26
196 93
184 197
198 154
199 36
200 105
201 90
202 8
90 203
204 140
205 30
112 206
114 120
207 56
87 208
90 209
186 36
210 177
195 93
211 191
212 157
89 213
214 101
215 132
216 34
149 217
128 218
30 219
220 149
67 221
30 222
223 162
168 224
14 21
225 113
206 226
227 116
228 4
229 214
227 230
231 154
27 232
158 115
62 233
80 234
