#qgen
59
6
8
38
16
41
1
44
58
36
44
38
62
59
3
24
58
8
48
9
27
34
45
25
60
23
22
55
46
11
34
27
5
56
9
56
32
3
35
29
52
56
5
3
16
25
31
2
10
7
9
37
37
5
25
9
19
62
30
59
64
1 0
2 1
1 3
0 1
1 4
5 4
6 5
4 7
8 4
4 9
10 4
8 11
12 9
13 12
14 12
14 15
16 13
15 17
18 12
14 19
20 19
17 15
21 11
22 6
22 23
12 24
25 14
26 22
26 27
22 28
11 29
30 17
31 22
22 32
20 33
27 34
35 14
36 17
36 37
38 28
39 22
20 40
14 25
41 37
14 42
43 42
44 40
6 22
41 45
46 29
47 36
42 48
14 20
18 49
45 50
51 47
30 52
53 28
54 40
30 55
56 4
57 50
58 46
33 36
