#qgen
62
17
21
54
47
43
38
58
9
18
48
44
36
39
2
34
58
15
56
63
1
14
33
48
45
16
8
21
2
37
28
24
18
16
30
19
35
7
25
25
18
45
46
16
16
42
55
45
41
53
26
19
37
59
62
26
22
24
55
55
57
18
21
64
1 0
0 2
1 3
4 2
2 5
2 6
6 7
2 8
5 9
10 6
6 11
2 12
8 13
14 11
5 15
8 16
17 2
8 18
19 10
20 11
6 21
20 22
23 6
21 24
7 25
26 11
27 4
10 28
8 29
30 7
24 4
31 4
32 11
33 6
33 34
26 35
36 11
27 37
38 33
39 30
40 11
18 41
33 42
43 39
11 44
4 45
46 25
21 47
31 28
17 48
8 49
50 42
8 51
52 24
53 36
25 54
55 52
56 45
57 45
18 40
58 6
59 55
60 23
31 61
