#qgen
224
18
23
22
22
11
19
19
26
18
26
36
35
44
54
5
20
64
47
1
32
54
41
64
37
8
4
29
29
16
57
49
18
10
5
25
43
40
1
26
20
47
42
5
13
28
52
23
56
7
56
28
29
5
8
59
45
24
26
24
60
50
50
37
49
57
28
24
24
28
26
33
41
27
4
60
62
40
9
33
51
1
57
57
29
13
63
25
62
7
48
34
23
9
43
47
31
5
3
62
6
3
43
42
47
31
13
56
24
22
6
27
44
14
12
26
22
51
57
3
34
53
27
14
6
39
19
29
46
61
27
62
51
36
12
18
16
21
22
19
55
7
58
45
4
21
22
16
63
37
57
17
49
35
35
44
13
57
5
57
51
11
43
43
22
29
17
25
64
40
16
50
62
49
56
29
25
49
14
10
38
58
18
21
25
50
53
40
61
58
64
38
47
24
33
28
35
30
34
38
8
43
6
46
46
16
29
1
31
8
60
15
50
22
28
63
61
27
5
26
15
35
20
16
40
256
1 0
1 2
1 3
3 4
4 3
4 5
6 5
6 7
8 6
6 9
10 9
10 11
7 12
11 13
14 6
15 9
7 16
16 17
6 18
19 18
20 18
21 18
18 22
13 23
13 24
18 25
5 26
27 7
28 25
29 1
6 30
31 8
15 32
15 33
27 34
5 35
33 9
36 22
37 16
25 38
28 39
9 40
22 41
6 42
41 43
44 32
45 22
46 11
33 47
48 26
49 9
28 50
51 19
52 31
53 43
33 54
55 8
48 56
57 40
58 54
53 59
42 60
8 61
13 62
59 63
64 54
15 65
9 66
67 32
25 68
53 69
19 70
32 71
72 19
22 19
28 73
70 74
54 75
76 39
48 77
23 78
79 45
80 18
52 81
82 18
11 64
83 21
84 19
76 85
86 77
87 18
88 64
54 89
90 19
91 76
48 92
10 93
94 91
54 95
96 45
97 33
32 67
98 67
74 99
100 54
6 37
20 101
54 102
103 67
67 73
21 104
8 105
28 96
106 40
64 62
107 46
108 46
109 97
73 102
41 110
94 111
99 112
22 113
53 114
18 115
116 17
13 117
19 118
60 16
73 119
120 74
121 48
122 6
48 123
28 124
125 66
126 51
53 127
20 128
22 129
130 21
44 131
132 23
133 54
134 101
113 135
132 136
137 34
138 106
139 90
140 91
84 141
142 74
143 128
144 18
97 145
146 142
147 23
129 148
149 16
135 129
150 74
73 151
134 152
153 150
154 120
155 63
61 156
157 35
158 96
159 96
59 160
8 161
162 134
144 163
131 164
128 109
165 139
18 166
167 67
84 168
128 169
170 18
21 171
172 107
36 173
174 139
107 175
62 176
115 177
178 121
179 41
38 180
39 181
182 22
183 36
93 10
113 102
115 184
185 43
39 41
186 47
149 122
187 40
23 32
188 101
17 189
190 148
74 191
192 23
193 48
60 6
173 194
67 99
23 172
102 195
116 196
197 188
198 37
18 199
200 124
184 201
202 54
203 175
32 204
205 83
23 138
37 206
207 18
153 208
88 155
209 54
22 135
191 32
139 108
210 44
211 146
121 212
213 18
40 173
150 214
215 67
41 216
217 136
165 159
64 88
48 218
85 101
60 219
96 168
101 180
150 9
80 220
221 179
222 195
223 127
