#qgen
224
38
26
29
3
47
25
6
61
64
24
20
28
57
59
37
37
2
1
8
60
12
6
24
12
35
36
16
48
35
49
24
21
18
13
49
14
17
59
17
50
23
37
42
43
19
47
7
45
53
29
42
39
21
48
29
7
27
17
3
52
34
58
54
14
34
4
20
7
34
2
63
25
63
62
22
8
3
17
17
59
38
18
2
42
44
54
52
28
11
62
35
16
5
3
51
49
50
33
26
43
24
4
24
45
18
50
37
16
27
48
10
54
31
55
23
46
18
64
6
53
8
9
2
33
7
46
17
1
25
58
34
1
28
56
18
3
22
20
33
2
16
23
47
36
11
32
29
58
39
58
7
32
39
49
39
34
55
22
2
20
5
59
7
23
27
61
21
35
15
47
8
50
12
62
63
26
42
51
31
4
5
55
25
3
61
38
4
23
33
62
39
5
34
7
4
4
11
55
23
30
46
45
20
22
45
57
37
30
20
55
7
22
50
15
59
17
54
27
42
52
34
20
49
52
256
0 1
2 1
2 3
0 4
5 3
5 6
6 7
5 8
5 9
10 5
4 11
9 12
11 13
14 5
10 15
16 5
12 17
8 18
10 19
5 20
12 21
17 22
23 18
24 7
25 6
26 10
27 22
28 19
5 29
21 30
14 31
32 20
22 33
34 12
35 28
36 14
34 37
28 38
31 39
40 8
41 10
42 32
32 43
5 44
45 10
46 21
24 47
48 44
40 49
45 43
50 48
17 51
52 31
44 50
53 31
44 54
10 55
56 30
57 31
14 36
58 13
55 59
44 60
61 45
62 17
63 29
6 64
11 65
66 61
48 67
21 68
69 12
41 70
71 5
72 17
53 73
34 74
46 75
76 46
20 77
33 78
51 79
44 80
81 78
32 82
82 83
84 62
85 44
86 41
87 21
88 61
57 89
90 16
91 35
41 35
37 91
92 72
93 44
50 94
68 95
96 20
78 97
78 98
74 99
100 78
101 94
102 46
103 31
104 62
105 5
79 51
106 102
70 94
107 95
108 94
102 109
110 96
71 111
50 112
43 113
114 88
115 10
107 116
117 107
118 51
74 34
36 119
21 120
121 78
90 122
90 123
100 122
68 124
125 69
126 71
45 127
68 128
129 126
78 130
14 131
5 107
126 10
132 11
133 78
133 134
135 132
78 136
137 120
78 138
5 139
72 34
140 53
141 16
31 142
143 45
72 111
144 66
145 78
146 85
30 147
148 56
62 149
5 46
150 133
146 151
152 78
41 147
72 91
78 153
123 154
155 78
79 83
156 141
157 90
33 158
144 149
90 159
124 160
126 161
33 162
163 130
20 12
90 164
165 154
42 166
155 167
168 69
113 120
169 78
16 170
171 149
172 155
173 78
155 174
175 142
78 176
78 177
178 16
166 168
4 179
180 160
181 82
182 91
148 183
31 184
185 139
124 186
187 133
94 117
188 85
175 189
71 190
94 191
90 192
193 52
152 194
78 195
127 196
197 86
198 181
148 199
70 200
158 201
51 202
48 88
203 123
145 204
205 134
143 206
207 132
139 208
175 123
44 209
56 210
83 211
70 71
212 16
181 34
28 94
124 213
141 214
215 16
9 181
216 51
116 217
218 63
17 161
10 191
219 7
220 111
221 213
222 163
223 208
182 168
17 94
43 77
