#qgen
62
19
38
23
24
59
35
32
42
7
9
45
35
22
17
6
44
48
41
63
15
47
52
6
13
45
32
51
50
46
10
11
28
11
34
4
62
35
19
1
58
13
51
55
36
41
18
51
62
1
30
16
10
47
2
41
9
58
2
33
63
19
44
64
0 1
0 2
3 1
1 3
4 0
4 5
6 2
6 7
8 5
9 5
10 6
6 11
12 8
13 6
14 7
15 7
7 16
17 10
18 6
19 9
20 6
15 21
9 22
5 23
7 24
18 25
7 26
27 6
22 28
29 6
30 15
31 24
7 32
33 5
34 2
35 7
28 36
37 6
38 27
39 34
12 40
9 41
16 7
6 42
24 43
44 34
33 45
6 46
24 47
48 47
29 49
39 50
51 25
6 52
44 53
44 54
55 39
6 56
51 57
58 24
12 59
24 44
60 17
61 19
