#qgen
126
19
38
23
24
59
35
32
42
7
9
45
35
22
17
6
44
48
41
63
15
47
52
6
13
45
32
51
50
46
10
11
28
11
34
4
62
35
19
1
58
13
51
55
36
41
18
51
62
1
30
16
10
47
2
41
9
58
2
33
63
19
44
28
2
23
3
47
4
44
63
51
62
49
37
54
61
50
60
33
21
8
8
54
30
49
17
11
22
12
16
58
17
38
54
32
55
23
63
5
22
46
49
53
45
34
43
28
59
64
61
36
60
1
32
57
21
21
16
2
15
12
36
35
7
54
8
128
0 1
0 2
3 1
1 3
4 0
4 5
6 2
6 7
8 5
9 5
10 6
6 11
12 8
13 6
14 7
15 7
7 16
17 10
18 6
19 9
20 6
15 21
9 22
5 23
7 24
18 25
7 26
27 6
22 28
29 6
30 15
31 24
7 32
33 5
34 2
35 7
28 36
37 6
38 27
39 34
12 40
9 41
16 7
6 42
24 43
44 34
33 45
6 46
24 47
48 47
29 49
39 50
51 25
6 52
44 53
44 54
55 39
6 56
51 57
58 24
12 59
24 44
60 17
61 19
27 62
63 17
33 64
17 65
24 66
67 20
68 15
47 69
41 70
71 27
52 72
17 73
74 19
39 75
22 76
77 66
78 43
75 79
80 50
81 6
82 79
34 83
75 84
65 85
43 86
75 87
15 88
64 89
90 19
91 43
3 92
93 78
79 94
95 66
94 96
19 97
98 91
99 22
91 100
66 101
102 78
79 103
91 104
105 103
26 106
107 7
94 108
109 91
106 110
57 111
95 112
113 104
114 98
81 115
116 85
33 117
118 54
95 119
120 103
85 121
28 122
104 123
124 45
112 125
