#qgen
61
16
37
64
33
63
38
43
47
58
34
64
48
6
5
25
3
12
50
64
23
15
8
26
11
23
42
5
17
30
53
32
35
14
64
41
44
38
38
41
35
48
59
55
41
31
26
59
64
9
37
8
27
64
46
64
10
37
16
44
52
24
64
1 0
1 2
2 3
2 4
3 5
2 6
4 7
8 7
9 7
2 10
11 9
12 11
13 5
14 4
15 7
4 16
17 4
18 14
15 19
5 20
21 2
14 22
23 0
15 24
4 25
26 15
27 6
27 28
17 29
30 28
31 10
32 14
13 33
34 27
35 33
36 2
29 4
15 37
2 38
2 39
32 22
0 2
39 40
41 2
42 13
43 17
44 11
45 23
46 11
47 0
48 35
15 49
28 27
41 50
4 51
52 36
53 27
15 54
36 55
15 56
57 15
4 58
54 59
52 60
