#qgen
122
16
37
64
33
63
38
43
47
58
34
64
48
6
5
25
3
12
50
64
23
15
8
26
11
23
42
5
17
30
53
32
35
14
64
41
44
38
38
41
35
48
59
55
41
31
26
59
64
9
37
8
27
64
46
64
10
37
16
44
52
24
9
52
49
4
49
61
29
50
20
27
20
52
29
48
12
52
64
58
10
5
61
50
50
63
24
22
29
33
10
60
45
11
62
34
48
22
56
40
24
32
13
43
45
61
52
50
12
2
20
54
47
29
28
2
2
7
33
45
52
59
24
128
1 0
1 2
2 3
2 4
3 5
2 6
4 7
8 7
9 7
2 10
11 9
12 11
13 5
14 4
15 7
4 16
17 4
18 14
15 19
5 20
21 2
14 22
23 0
15 24
4 25
26 15
27 6
27 28
17 29
30 28
31 10
32 14
13 33
34 27
35 33
36 2
29 4
15 37
2 38
2 39
32 22
0 2
39 40
41 2
42 13
43 17
44 11
45 23
46 11
47 0
48 35
15 49
28 27
41 50
4 51
52 36
53 27
15 54
36 55
15 56
57 15
4 58
54 59
52 60
61 55
54 62
63 55
2 64
13 65
57 66
67 5
68 55
58 69
70 5
63 71
15 72
73 48
74 14
58 75
66 76
15 77
78 54
79 15
65 80
37 81
82 27
83 55
84 6
60 85
33 86
87 34
5 67
88 42
89 14
90 75
91 28
83 91
92 57
33 93
11 94
55 95
96 45
97 93
42 98
55 99
100 86
101 62
14 102
103 8
54 104
39 2
33 105
106 8
107 28
15 108
60 109
70 110
89 111
76 112
40 113
17 114
115 6
116 49
75 117
118 27
119 24
119 120
16 121
