#qgen
235
16
37
64
33
63
38
43
47
58
34
64
48
6
5
25
3
12
50
64
23
15
8
26
11
23
42
5
17
30
53
32
35
14
64
41
44
38
38
41
35
48
59
55
41
31
26
59
64
9
37
8
27
64
46
64
10
37
16
44
52
24
9
52
49
4
49
61
29
50
20
27
20
52
29
48
12
52
64
58
10
5
61
50
50
63
24
22
29
33
10
60
45
11
62
34
48
22
56
40
24
32
13
43
45
61
52
50
12
2
20
54
47
29
28
2
2
7
33
45
52
59
24
59
18
19
33
49
4
34
36
52
10
41
43
24
32
1
26
17
59
46
63
45
5
13
22
36
43
34
31
47
7
18
36
32
4
60
54
6
18
29
27
62
41
5
30
30
60
44
64
46
18
27
4
17
18
51
42
49
5
56
45
41
54
15
29
62
28
2
42
31
38
48
54
35
63
5
60
41
41
25
42
57
24
9
31
34
20
51
47
9
47
14
11
59
48
56
34
11
12
29
42
51
27
4
53
8
10
8
10
14
24
31
35
6
256
1 0
1 2
2 3
2 4
3 5
2 6
4 7
8 7
9 7
2 10
11 9
12 11
13 5
14 4
15 7
4 16
17 4
18 14
15 19
5 20
21 2
14 22
23 0
15 24
4 25
26 15
27 6
27 28
17 29
30 28
31 10
32 14
13 33
34 27
35 33
36 2
29 4
15 37
2 38
2 39
32 22
0 2
39 40
41 2
42 13
43 17
44 11
45 23
46 11
47 0
48 35
15 49
28 27
41 50
4 51
52 36
53 27
15 54
36 55
15 56
57 15
4 58
54 59
52 60
61 55
54 62
63 55
2 64
13 65
57 66
67 5
68 55
58 69
70 5
63 71
15 72
73 48
74 14
58 75
66 76
15 77
78 54
79 15
65 80
37 81
82 27
83 55
84 6
60 85
33 86
87 34
5 67
88 42
89 14
90 75
91 28
83 91
92 57
33 93
11 94
55 95
96 45
97 93
42 98
55 99
100 86
101 62
14 102
103 8
54 104
39 2
33 105
106 8
107 28
15 108
60 109
70 110
89 111
76 112
40 113
17 114
115 6
116 49
75 117
118 27
119 24
119 120
16 121
122 103
44 123
35 124
51 119
125 96
31 126
98 127
98 42
15 128
55 129
130 57
131 27
111 132
133 62
71 134
125 135
103 136
94 137
138 68
139 55
140 67
17 141
142 100
94 143
45 28
14 144
145 45
68 112
129 52
41 85
146 91
21 64
85 147
148 134
81 149
150 55
18 151
45 152
100 153
154 44
155 100
156 14
79 157
81 158
159 91
1 160
161 66
162 55
163 110
144 164
165 117
26 166
6 167
71 168
134 159
45 169
86 170
171 15
119 172
173 140
174 60
175 55
176 174
161 177
178 42
179 88
180 55
68 181
144 182
179 183
118 184
149 81
185 11
186 20
179 187
188 117
173 24
62 189
190 179
147 190
48 191
192 124
193 179
55 194
147 15
166 144
98 195
196 118
176 197
198 52
199 89
200 55
201 109
202 89
48 203
204 155
205 201
206 103
35 207
155 208
209 98
210 164
211 54
115 212
204 213
214 37
215 45
108 15
109 181
37 216
197 217
159 218
183 219
220 194
11 221
222 214
223 143
224 123
225 125
226 120
227 179
14 228
229 194
230 85
118 231
15 232
233 49
234 117
