#qgen
122
32
42
32
56
43
32
54
45
10
43
52
12
47
27
39
62
7
23
16
13
64
22
46
62
60
14
32
27
15
6
22
35
31
27
17
41
52
37
38
4
46
52
17
22
3
22
17
31
23
41
52
13
46
50
16
31
4
47
46
42
18
62
7
10
13
62
6
46
2
15
19
26
38
60
23
20
42
21
24
55
54
13
12
39
2
21
24
42
51
7
10
31
34
46
42
2
22
29
23
40
57
26
51
47
57
11
44
49
11
40
60
58
2
41
23
14
43
27
22
3
46
5
128
0 1
0 2
3 0
4 3
5 4
5 6
5 7
7 8
9 8
10 4
11 7
10 12
13 12
14 6
15 14
7 16
10 17
10 18
19 9
20 16
21 17
22 16
19 23
24 10
16 25
26 10
12 27
4 28
14 29
16 30
15 7
31 16
32 20
16 33
16 34
19 35
36 9
34 37
16 38
10 39
6 40
6 41
42 6
6 43
16 44
6 45
16 46
39 47
19 48
49 37
35 50
51 16
29 52
27 53
54 39
12 55
56 5
19 15
57 13
25 58
59 47
60 27
10 61
62 37
63 7
64 41
65 16
66 16
67 37
54 68
69 37
47 70
69 71
47 72
57 73
19 74
75 59
76 14
16 77
78 16
6 79
79 80
56 81
48 82
83 37
39 84
85 79
86 39
76 79
36 15
87 7
81 68
88 66
19 89
37 90
91 79
9 92
93 81
46 16
94 69
69 95
85 96
97 39
66 98
58 99
27 100
101 7
102 38
103 56
104 29
82 105
106 66
79 26
107 48
108 27
109 92
10 110
22 111
112 38
6 113
114 51
115 59
100 116
117 27
106 118
119 34
120 16
121 119
