#qgen
253
33
21
11
57
7
54
55
55
61
20
32
6
14
38
55
19
39
59
43
12
51
16
23
3
55
11
17
41
49
10
56
36
46
41
36
31
32
5
63
53
45
63
60
38
60
46
43
43
61
15
4
26
24
14
29
13
35
55
64
32
59
38
44
58
22
20
60
32
37
1
28
10
62
26
25
53
62
7
36
35
37
24
28
10
37
42
23
1
20
61
54
18
4
13
15
14
12
12
2
32
50
36
47
13
6
44
51
19
58
4
47
25
33
16
6
7
52
16
16
43
29
35
7
34
9
39
43
1
32
38
56
63
35
3
12
55
13
60
58
47
62
29
29
21
20
13
5
40
22
63
26
53
63
37
12
19
54
47
49
6
23
2
56
14
34
10
51
12
3
43
55
61
38
64
27
47
11
5
57
9
25
17
33
3
33
33
16
21
34
12
52
60
16
42
6
46
19
55
20
29
11
17
30
61
26
31
39
16
60
15
16
52
19
60
19
39
2
27
35
32
39
1
58
40
12
6
33
58
55
35
9
43
49
56
29
31
40
26
52
31
48
52
32
23
55
55
61
22
42
5
39
13
19
256
1 0
2 1
1 3
1 4
5 1
6 1
7 1
8 1
1 9
1 10
11 1
12 1
13 1
1 14
4 15
1 16
17 1
1 18
19 1
20 1
1 21
1 22
23 1
24 1
1 25
26 8
1 27
28 1
29 7
30 1
3 31
4 32
33 1
10 34
22 35
36 1
37 1
1 38
39 27
13 40
41 1
4 42
1 43
1 44
45 32
45 46
47 1
48 1
1 49
38 50
1 51
52 1
46 53
54 1
55 29
1 56
57 1
58 52
59 4
60 58
61 15
62 61
36 63
64 61
45 65
66 4
67 1
68 65
44 69
1 70
45 71
1 72
73 44
74 54
75 1
30 76
53 77
78 40
79 68
80 61
81 15
74 82
1 83
84 4
7 85
86 59
87 13
45 88
53 89
90 63
91 45
1 92
93 65
1 94
1 95
36 96
45 97
13 98
99 32
1 100
27 101
1 102
103 1
93 104
105 75
42 106
38 107
108 40
101 109
110 15
111 1
28 112
113 1
114 10
115 64
116 53
117 106
118 106
119 115
60 120
121 74
122 59
63 123
44 124
69 125
126 67
93 127
1 128
106 129
130 1
131 1
132 1
4 133
33 134
1 135
119 136
91 137
138 59
139 42
88 140
93 141
68 142
143 138
144 119
145 105
74 146
45 147
148 92
61 101
149 41
4 150
1 151
152 114
105 153
154 61
155 55
156 38
157 23
158 63
159 1
160 55
89 161
144 40
162 83
144 163
164 54
165 74
166 96
167 136
168 138
169 44
82 170
171 54
32 172
61 173
174 1
175 138
176 119
177 136
178 30
1 179
180 163
50 181
143 182
109 183
136 184
185 15
186 164
187 171
108 188
1 189
54 190
191 26
192 50
163 193
194 1
195 115
150 60
196 132
197 77
198 8
187 199
200 184
89 201
65 28
202 60
106 203
192 204
1 205
206 58
207 25
1 208
39 209
89 210
165 211
170 212
30 213
214 204
150 215
216 1
217 112
218 160
89 219
220 169
221 218
55 222
223 190
224 147
225 138
226 110
1 227
228 173
229 99
225 230
43 231
232 149
68 233
184 234
141 235
74 236
1 237
184 238
239 78
60 240
42 241
25 242
243 1
88 244
245 3
208 246
114 247
169 248
131 249
218 250
251 93
127 252
