#qgen
129
35
48
51
20
39
33
4
1
22
13
15
32
42
50
28
13
48
17
14
53
43
43
38
21
43
35
16
60
51
52
26
9
45
60
7
22
56
1
50
32
49
19
15
51
7
7
47
25
29
22
5
36
43
41
46
7
63
27
11
7
12
18
38
44
3
29
14
55
38
44
55
5
62
2
21
12
54
58
36
46
36
10
5
34
46
31
48
12
62
58
20
19
31
33
16
35
45
13
51
17
10
37
25
1
2
4
63
59
37
38
60
59
26
23
5
43
35
45
13
43
61
32
5
13
26
41
61
19
13
128
0 1
2 0
1 3
1 4
2 5
5 6
7 1
8 1
9 2
8 10
1 11
12 6
13 2
5 14
15 12
13 16
12 17
9 18
19 16
1 20
8 21
10 22
0 23
19 24
25 3
19 26
27 3
26 28
19 29
19 30
6 31
32 28
22 33
34 19
6 35
7 36
37 9
17 38
39 19
40 21
40 41
22 42
42 43
44 9
34 45
46 39
6 47
27 48
49 22
48 50
51 31
52 34
53 25
32 54
21 55
56 26
16 57
26 58
59 20
35 60
48 61
62 26
63 33
64 26
65 49
39 66
67 34
68 66
60 69
59 70
31 71
72 62
26 73
74 30
4 75
76 4
77 22
78 12
45 79
80 46
81 6
16 82
26 83
84 35
85 59
48 86
87 78
88 75
85 89
90 21
91 44
72 92
57 93
89 94
20 95
41 96
58 97
70 98
41 99
100 45
56 101
82 102
34 103
104 83
23 105
106 35
107 87
45 108
48 109
110 44
110 111
59 112
113 59
114 29
115 106
26 116
90 117
96 118
119 5
120 85
121 1
122 62
123 59
75 124
59 125
77 126
124 127
128 127
