#qgen
234
38
23
14
60
20
56
47
48
64
38
3
44
32
38
34
3
7
11
41
22
28
23
32
3
63
26
60
60
34
3
39
17
3
12
45
15
6
63
41
37
44
7
63
8
26
62
42
56
31
38
17
55
43
31
23
12
54
15
49
59
10
54
8
46
1
54
23
10
57
58
36
44
60
7
11
10
16
23
9
7
64
32
40
10
19
44
29
17
37
59
19
62
63
18
26
18
57
31
25
4
62
25
3
2
45
18
32
38
37
48
63
28
54
22
38
27
49
33
11
59
11
57
33
41
24
5
52
6
39
63
35
5
33
18
60
20
32
55
42
10
30
23
28
36
62
3
47
7
36
11
52
34
14
23
51
60
27
63
9
55
60
20
18
29
39
26
39
38
49
15
33
37
41
43
63
35
3
21
64
48
35
10
45
14
63
47
42
55
31
51
21
26
28
8
42
12
61
18
53
44
9
64
64
56
23
53
22
11
10
5
53
55
60
51
3
53
38
31
42
62
45
36
32
25
36
19
25
32
47
30
2
31
31
28
256
1 0
1 2
2 3
4 2
5 3
3 5
6 2
7 3
8 2
9 6
10 9
11 9
2 12
13 3
9 14
14 15
16 8
2 17
18 3
19 2
16 20
13 21
22 19
22 23
24 11
25 9
17 26
2 27
27 28
13 29
23 30
9 31
28 14
32 2
30 33
34 10
35 27
17 36
33 37
38 9
11 39
40 33
41 37
42 14
43 2
44 23
10 45
23 46
27 47
48 17
28 49
50 15
51 44
30 52
53 14
54 17
46 55
50 56
23 57
58 42
17 59
9 60
61 59
62 42
21 13
63 54
62 64
65 59
23 66
59 67
68 5
37 68
69 44
67 70
59 71
72 51
73 33
74 71
12 75
76 73
77 27
57 78
22 79
17 80
18 81
42 82
83 44
84 1
85 33
74 86
71 87
60 88
89 86
90 71
33 91
92 13
93 62
28 34
93 94
87 95
96 11
8 97
48 98
99 77
100 1
101 27
102 48
103 54
24 104
63 105
106 50
107 61
25 108
109 76
83 110
50 111
112 12
23 113
114 51
115 60
113 116
23 117
9 118
108 119
120 105
121 51
6 39
71 122
83 123
88 3
59 124
125 92
12 126
102 127
60 128
13 129
127 130
131 100
132 74
60 27
133 39
115 134
90 135
67 136
137 74
46 138
106 139
96 86
68 140
141 24
137 142
143 65
144 46
2 145
57 146
147 27
62 146
148 60
96 149
150 137
120 63
150 151
152 95
74 153
154 116
150 155
156 82
157 115
109 158
159 151
141 160
161 152
162 132
91 163
164 71
62 165
166 124
167 32
168 143
39 92
58 169
170 137
100 171
96 125
172 143
173 160
148 115
75 37
174 51
62 175
26 176
104 177
178 61
122 179
180 2
181 14
119 182
183 94
184 149
168 80
90 185
132 186
75 112
187 63
188 56
189 137
190 111
10 191
171 192
95 193
54 194
195 37
67 196
163 197
137 198
30 76
143 199
82 200
201 68
202 189
203 128
189 87
109 204
205 189
27 206
111 207
1 208
209 158
14 27
167 210
37 211
212 101
107 213
214 102
215 166
216 165
62 217
218 89
219 171
220 33
184 221
10 222
223 71
37 224
184 225
226 218
65 178
120 227
86 228
118 229
111 230
2 118
214 231
22 232
233 215
39 11
