#qgen
122
54
30
36
10
63
25
7
21
58
29
58
11
7
61
29
5
62
27
41
30
25
3
16
24
18
47
25
34
25
12
23
9
35
56
50
18
57
25
5
64
32
20
28
53
48
61
1
38
38
34
8
43
25
26
33
20
17
61
56
45
21
8
2
27
15
32
9
9
56
38
63
32
60
19
16
1
3
31
61
31
57
28
62
37
37
12
44
30
60
20
61
27
3
28
15
49
48
10
27
44
4
49
49
38
15
47
50
3
47
42
33
36
43
13
56
28
23
45
21
5
30
11
128
0 1
1 2
1 3
2 4
5 2
6 2
7 2
5 8
2 9
10 6
11 7
12 6
1 13
14 1
15 5
14 16
4 17
1 18
19 1
1 20
15 21
22 7
23 21
23 24
25 6
26 4
15 27
1 28
27 29
6 30
20 31
32 2
33 7
1 34
27 35
36 4
23 37
14 38
39 36
2 40
5 41
36 42
42 43
9 44
1 45
21 46
5 25
47 20
48 24
49 14
50 27
51 9
52 43
53 32
54 9
55 16
47 56
52 57
58 20
59 46
60 14
61 2
59 62
44 63
64 6
65 54
62 66
60 67
68 20
69 57
70 1
42 71
72 49
71 73
62 74
75 53
76 38
75 77
6 13
78 73
79 27
57 80
20 81
15 82
16 83
84 43
85 46
1 86
87 37
88 75
89 70
90 57
91 82
92 72
93 36
94 6
95 62
96 27
97 95
91 98
41 5
99 1
44 100
101 73
1 102
23 103
104 43
82 51
20 105
106 57
107 46
57 108
109 20
72 92
110 76
46 85
14 5
111 17
112 47
113 54
114 111
115 16
2 116
107 117
118 105
46 119
120 1
121 65
