#qgen
64
54
30
36
10
63
25
7
21
58
29
58
11
7
61
29
5
62
27
41
30
25
3
16
24
18
47
25
34
25
12
23
9
35
56
50
18
57
25
5
64
32
20
28
53
48
61
1
38
38
34
8
43
25
26
33
20
17
61
56
45
21
8
2
27
64
0 1
1 2
1 3
2 4
5 2
6 2
7 2
5 8
2 9
10 6
11 7
12 6
1 13
14 1
15 5
14 16
4 17
1 18
19 1
1 20
15 21
22 7
23 21
23 24
25 6
26 4
15 27
1 28
27 29
6 30
20 31
32 2
33 7
1 34
27 35
36 4
23 37
14 38
39 36
2 40
5 41
36 42
42 43
9 44
1 45
21 46
5 25
47 20
48 24
49 14
50 27
51 9
52 43
53 32
54 9
55 16
47 56
52 57
58 20
59 46
60 14
61 2
59 62
44 63
