#qgen
63
17
4
41
63
63
3
6
61
8
4
17
2
53
5
42
59
59
42
14
34
13
8
14
51
26
39
35
47
3
36
45
63
29
11
31
57
18
39
50
53
56
40
17
13
14
48
11
29
59
50
20
48
30
4
49
57
26
27
33
10
19
38
55
64
0 1
0 2
0 3
0 4
5 0
5 6
6 7
8 7
9 2
10 1
0 11
12 7
6 13
14 4
15 13
7 16
10 17
18 6
19 7
17 20
16 21
22 3
23 12
24 12
18 25
26 2
17 27
6 28
9 29
30 4
18 31
32 11
33 7
34 20
35 11
36 11
37 20
4 38
39 7
31 40
41 6
42 7
13 43
14 44
45 12
12 46
35 47
37 48
49 24
6 50
51 29
52 13
35 9
53 8
45 54
55 49
56 11
57 23
1 58
59 27
29 60
41 48
48 61
44 62
