#qgen
62
15
35
5
64
18
13
45
17
42
8
44
33
62
45
21
45
15
31
45
37
31
27
13
25
63
44
55
34
34
46
32
51
32
22
62
40
18
25
2
31
32
14
8
14
19
26
42
2
24
58
10
8
46
9
56
46
25
37
9
11
45
53
64
0 1
0 2
0 3
0 4
0 5
0 6
7 0
7 8
6 9
0 10
11 9
8 12
8 13
14 10
15 2
16 5
13 17
18 12
19 2
20 2
21 17
2 22
12 23
21 24
6 25
26 2
5 27
28 3
29 23
21 30
26 31
29 32
24 33
34 0
35 6
36 35
37 12
16 38
35 39
40 35
21 41
42 27
21 43
44 42
17 45
46 32
15 47
7 48
21 49
21 50
51 17
12 29
33 23
52 35
53 45
54 32
55 42
55 56
57 42
38 58
59 41
42 60
38 61
47 26
