#qgen
226
15
35
5
64
18
13
45
17
42
8
44
33
62
45
21
45
15
31
45
37
31
27
13
25
63
44
55
34
34
46
32
51
32
22
62
40
18
25
2
31
32
14
8
14
19
26
42
2
24
58
10
8
46
9
56
46
25
37
9
11
45
53
34
6
47
18
8
25
29
41
24
43
54
22
36
41
38
7
41
48
40
40
18
36
42
9
30
32
38
29
7
45
55
49
30
33
19
62
5
38
33
5
32
9
27
5
38
11
10
64
34
58
39
40
47
29
19
31
42
59
49
38
10
37
2
47
61
1
55
30
49
24
53
45
34
50
61
3
43
7
41
17
60
59
16
1
39
57
25
27
39
43
10
4
22
16
48
11
31
54
13
63
26
7
35
7
51
59
42
9
56
12
42
33
28
41
20
59
15
2
34
37
19
20
42
32
26
14
2
57
22
40
41
35
8
15
50
12
21
7
22
35
30
42
57
22
64
1
29
52
10
57
29
10
12
16
50
25
5
27
9
37
17
53
24
18
256
0 1
0 2
0 3
0 4
0 5
0 6
7 0
7 8
6 9
0 10
11 9
8 12
8 13
14 10
15 2
16 5
13 17
18 12
19 2
20 2
21 17
2 22
12 23
21 24
6 25
26 2
5 27
28 3
29 23
21 30
26 31
29 32
24 33
34 0
35 6
36 35
37 12
16 38
35 39
40 35
21 41
42 27
21 43
44 42
17 45
46 32
15 47
7 48
21 49
21 50
51 17
12 29
33 23
52 35
53 45
54 32
55 42
55 56
57 42
38 58
59 41
42 60
38 61
47 26
62 45
63 45
64 26
59 65
0 66
21 67
68 57
69 35
0 64
21 70
71 32
72 21
68 73
52 74
47 31
75 26
8 76
55 77
43 78
79 45
80 27
33 81
19 54
37 13
82 30
76 83
62 84
85 82
47 86
87 27
36 88
20 31
89 88
90 73
12 91
90 92
93 10
94 87
46 95
11 96
21 97
98 88
46 41
68 17
58 99
100 79
53 101
102 66
47 54
103 101
21 104
82 105
106 45
42 80
107 95
108 82
28 109
73 79
110 80
86 111
102 112
24 10
113 101
114 101
115 95
0 116
117 101
103 118
106 119
120 44
121 115
122 17
29 123
124 45
29 125
126 96
127 12
128 88
55 129
64 130
131 88
132 74
111 33
7 133
134 113
71 17
100 135
54 17
95 136
137 58
110 138
84 139
68 114
101 140
141 71
142 45
143 101
55 119
26 144
93 145
98 119
21 146
104 147
128 148
68 149
150 139
96 151
152 80
94 115
153 6
154 153
155 49
156 88
41 157
56 158
69 148
55 159
160 13
161 83
162 0
163 80
58 164
100 165
155 166
83 13
21 130
42 140
167 128
168 79
169 68
77 170
24 171
89 172
173 32
174 10
169 175
33 22
176 118
177 87
131 178
179 123
180 88
125 10
181 54
129 182
68 183
122 174
8 184
185 79
38 186
187 10
168 188
189 95
190 119
156 191
192 105
143 193
194 17
72 195
196 42
197 90
155 198
68 199
195 200
201 191
76 202
193 203
21 204
71 13
205 91
206 168
154 207
208 192
209 177
210 6
133 188
211 50
144 212
213 139
131 214
181 215
190 150
106 216
83 217
79 218
219 81
220 215
21 221
222 93
70 223
62 224
195 225
