#qgen
241
51
11
36
6
41
38
30
16
47
2
56
38
50
26
21
17
59
55
32
19
19
7
49
14
53
41
17
41
52
36
48
7
15
34
27
61
64
8
5
27
22
36
51
46
64
47
20
9
22
52
6
3
40
35
37
15
43
13
35
37
47
58
41
32
63
50
28
16
44
50
26
9
49
14
58
46
36
14
33
37
9
42
50
1
30
50
59
41
60
43
31
58
27
1
40
4
25
16
43
9
29
41
22
19
31
43
38
41
3
55
38
31
29
39
48
34
47
39
63
27
11
63
55
55
11
57
59
60
50
3
34
55
5
64
9
19
35
11
31
11
59
42
5
35
28
4
38
40
49
34
64
49
54
28
8
18
50
25
9
16
54
23
20
12
16
31
10
59
31
33
31
17
29
33
38
29
54
6
15
6
9
55
6
9
30
38
53
13
41
10
18
39
4
54
34
16
45
21
33
18
47
58
9
43
59
58
25
11
40
27
17
40
38
47
32
49
21
12
1
47
40
22
48
64
59
19
36
44
45
33
48
9
16
62
12
51
6
10
10
10
23
256
1 0
1 2
1 3
4 0
4 5
1 6
3 7
5 8
9 5
10 5
6 11
6 12
11 13
14 1
15 0
16 13
17 5
18 15
19 11
3 20
21 0
22 16
23 7
7 24
25 13
26 3
22 27
18 28
3 29
1 30
31 19
32 13
25 33
32 34
15 35
21 36
1 37
38 33
14 39
40 28
41 19
3 42
43 15
15 44
8 45
16 46
5 47
21 48
49 12
30 50
29 51
52 13
53 18
53 54
55 26
56 51
57 5
21 58
32 59
60 12
61 23
14 62
34 63
64 15
65 12
4 66
67 63
68 13
66 69
17 70
7 0
32 71
22 72
25 73
65 74
39 75
76 62
77 0
7 78
25 5
79 53
63 80
81 24
9 82
63 83
84 78
77 2
85 76
26 86
52 87
10 88
72 89
90 78
65 91
92 11
9 93
94 72
95 5
25 96
71 97
32 98
26 99
22 100
101 72
102 71
15 103
104 30
56 105
106 15
79 41
66 107
95 108
21 109
4 110
1 111
4 112
110 113
4 114
115 107
116 33
92 71
8 117
18 118
63 119
98 120
121 33
122 77
123 76
124 45
3 125
54 126
101 127
40 128
129 98
71 130
131 13
132 127
133 127
134 90
16 135
53 57
136 45
137 4
138 90
54 139
140 5
141 100
142 52
12 143
97 144
110 145
146 111
147 111
146 148
47 149
87 117
150 40
6 13
151 35
152 116
153 11
154 119
155 83
65 156
157 79
21 76
158 86
159 76
160 17
161 40
162 108
163 88
110 164
165 119
35 166
16 167
129 168
1 169
170 83
148 171
172 115
47 173
174 111
129 71
175 43
4 176
12 177
108 178
179 13
60 101
180 63
181 24
182 20
183 179
184 115
129 185
25 186
187 35
137 37
55 169
98 188
189 177
190 171
37 191
192 126
27 193
64 194
195 82
196 28
197 179
63 198
171 199
200 37
5 201
61 202
103 203
204 11
77 205
206 28
22 150
160 207
208 116
209 60
210 203
211 116
210 212
140 213
158 214
215 40
216 206
217 16
218 164
219 193
5 220
221 9
222 123
39 223
224 84
14 225
226 83
227 70
89 228
61 229
131 230
231 100
142 232
31 233
119 234
137 17
72 235
207 154
236 212
237 230
238 11
239 207
122 240
