#qgen
64
22
35
15
42
42
21
9
50
53
49
31
28
57
6
10
38
33
11
61
60
9
38
42
41
22
30
10
22
34
23
4
48
23
61
62
7
27
51
37
2
58
25
38
43
11
47
59
47
49
57
18
51
59
49
41
61
22
62
55
14
30
16
22
6
64
1 0
2 1
3 1
4 0
5 2
6 1
7 1
8 6
9 6
10 6
11 6
3 12
11 13
14 2
15 9
10 16
2 17
5 18
19 9
13 20
21 15
22 13
21 23
24 14
25 13
26 12
17 27
28 16
10 29
30 27
31 22
32 7
33 28
34 6
35 11
36 17
15 37
38 16
39 15
40 2
41 2
40 42
43 12
38 44
45 5
40 46
47 20
9 48
49 46
42 50
38 43
51 35
52 17
36 53
14 54
55 45
6 56
48 57
25 58
59 18
60 44
10 61
30 62
63 41
