#qgen
127
22
35
15
42
42
21
9
50
53
49
31
28
57
6
10
38
33
11
61
60
9
38
42
41
22
30
10
22
34
23
4
48
23
61
62
7
27
51
37
2
58
25
38
43
11
47
59
47
49
57
18
51
59
49
41
61
22
62
55
14
30
16
22
6
49
4
40
23
37
58
10
64
21
9
53
59
24
9
46
8
7
35
60
42
47
24
45
28
64
32
22
49
32
16
18
38
60
38
36
35
29
19
29
36
13
47
6
44
36
37
15
61
37
28
15
8
13
57
17
57
31
4
33
52
31
39
4
128
1 0
2 1
3 1
4 0
5 2
6 1
7 1
8 6
9 6
10 6
11 6
3 12
11 13
14 2
15 9
10 16
2 17
5 18
19 9
13 20
21 15
22 13
21 23
24 14
25 13
26 12
17 27
28 16
10 29
30 27
31 22
32 7
33 28
34 6
35 11
36 17
15 37
38 16
39 15
40 2
41 2
40 42
43 12
38 44
45 5
40 46
47 20
9 48
49 46
42 50
38 43
51 35
52 17
36 53
14 54
55 45
6 56
48 57
25 58
59 18
60 44
10 61
30 62
63 41
64 16
65 46
66 12
67 41
14 68
69 36
70 44
71 16
36 72
71 73
74 8
75 42
53 76
36 77
78 50
52 79
21 80
81 30
82 28
46 83
6 84
85 44
36 86
87 10
39 88
72 89
36 90
91 20
91 92
86 93
86 94
22 95
96 61
9 97
86 98
86 99
55 100
101 51
14 102
14 103
104 47
105 20
69 106
29 107
108 70
41 109
6 110
111 0
105 87
112 41
62 113
114 96
2 115
9 116
116 117
47 118
108 119
120 44
85 121
110 122
123 38
72 124
125 17
126 8
