#qgen
62
4
30
52
47
57
29
50
38
27
33
13
13
26
57
13
36
43
35
24
49
18
35
29
10
29
41
21
28
6
63
44
38
56
31
24
10
10
62
39
42
16
49
52
29
28
45
38
29
33
51
31
34
57
44
23
54
63
62
54
60
21
62
64
1 0
1 2
1 3
1 4
1 5
6 0
7 1
8 6
9 2
3 10
1 11
12 8
13 10
14 6
13 15
16 0
17 10
14 18
11 19
20 19
21 12
22 19
23 22
22 24
25 18
23 26
27 12
28 22
20 29
19 30
12 31
32 18
33 27
27 34
35 30
7 36
37 34
6 38
37 39
11 40
19 41
1 42
2 43
12 44
45 21
37 46
13 47
11 5
33 48
35 49
50 1
51 10
52 34
53 1
54 6
55 14
52 56
30 41
57 6
58 41
21 8
26 59
14 60
61 59
