#qgen
65
51
38
48
37
8
57
50
13
22
28
7
31
60
3
26
19
48
2
56
26
9
11
22
60
11
38
11
16
52
63
60
49
51
2
46
42
27
64
20
26
20
1
51
47
45
55
45
52
9
4
35
44
18
58
42
57
31
28
35
16
60
24
64
21
18
64
0 1
0 2
3 2
4 1
5 1
4 6
7 6
8 3
9 8
10 6
11 4
12 4
13 3
14 4
12 15
13 16
17 16
18 7
19 13
20 16
18 21
22 4
14 23
20 24
25 13
10 26
27 13
28 7
29 12
18 30
3 31
13 32
33 8
34 27
17 35
36 10
37 12
38 15
39 16
13 40
40 41
42 29
43 24
44 6
45 3
14 46
42 47
48 47
49 31
26 50
43 51
52 27
37 53
54 25
26 55
14 56
47 57
56 58
59 28
60 13
36 61
62 31
38 63
52 64
