#qgen
115
13
17
44
11
36
46
20
59
8
19
49
59
10
37
9
4
3
17
58
60
25
42
41
11
7
31
4
60
11
38
38
60
8
59
59
59
44
42
48
31
9
51
27
4
4
53
56
33
59
23
62
49
20
13
9
41
9
27
58
8
31
15
64
16
19
39
35
43
49
42
21
46
14
27
63
13
33
56
45
9
50
2
36
60
30
54
45
2
7
2
35
47
8
11
33
1
16
16
3
63
18
55
51
55
60
42
6
36
57
58
59
30
64
59
4
128
0 1
0 2
3 1
2 4
3 5
0 6
3 7
8 4
9 6
10 8
9 11
8 11
9 12
11 13
12 14
15 6
0 16
16 17
18 4
15 19
17 20
2 21
15 13
21 22
8 23
5 6
1 24
25 22
5 26
25 27
28 22
16 29
30 28
9 31
3 32
33 23
13 34
22 35
10 23
36 2
37 21
7 38
39 34
17 40
2 19
29 41
42 37
2 43
29 44
8 45
36 46
23 40
16 47
48 19
49 22
50 35
51 32
52 24
31 53
54 43
41 21
38 19
55 17
20 56
36 57
25 58
59 2
59 60
3 45
61 20
62 4
36 63
33 64
57 65
66 65
36 67
68 37
60 69
70 41
17 71
5 72
31 73
49 74
75 26
59 76
10 77
5 78
33 79
80 46
81 48
82 19
83 79
84 79
58 43
85 26
86 48
86 87
88 32
89 50
2 90
60 91
58 92
54 93
19 94
95 51
96 54
73 97
17 34
98 47
36 99
36 100
54 101
102 79
9 103
104 96
60 105
36 22
3 77
7 106
83 107
66 108
59 32
83 109
64 110
89 111
15 112
24 113
87 114
