#qgen
57
13
17
44
11
36
46
20
59
8
19
49
59
10
37
9
4
3
17
58
60
25
42
41
11
7
31
4
60
11
38
38
60
8
59
59
59
44
42
48
31
9
51
27
4
4
53
56
33
59
23
62
49
20
13
9
41
9
64
0 1
0 2
3 1
2 4
3 5
0 6
3 7
8 4
9 6
10 8
9 11
8 11
9 12
11 13
12 14
15 6
0 16
16 17
18 4
15 19
17 20
2 21
15 13
21 22
8 23
5 6
1 24
25 22
5 26
25 27
28 22
16 29
30 28
9 31
3 32
33 23
13 34
22 35
10 23
36 2
37 21
7 38
39 34
17 40
2 19
29 41
42 37
2 43
29 44
8 45
36 46
23 40
16 47
48 19
49 22
50 35
51 32
52 24
31 53
54 43
41 21
38 19
55 17
20 56
