#qgen
241
28
4
26
21
23
41
58
61
34
38
7
25
1
64
3
3
32
46
26
25
4
5
37
16
4
21
15
57
7
15
59
19
47
45
30
42
21
61
42
43
59
33
4
49
61
27
61
12
51
25
17
48
54
64
6
48
24
47
18
49
15
41
20
5
36
56
29
25
13
20
51
40
40
9
52
21
25
18
49
49
64
6
2
34
55
36
9
8
13
14
27
54
62
14
31
36
44
24
56
28
55
12
51
13
11
55
43
11
18
28
62
8
46
29
11
38
64
45
51
37
3
34
10
4
22
32
5
30
2
42
6
5
38
48
12
28
17
3
32
49
31
56
13
12
12
36
49
48
11
15
5
11
46
53
53
9
7
2
63
34
55
56
7
57
7
45
58
54
19
2
12
51
4
36
26
5
43
9
61
64
46
55
31
38
58
42
52
51
28
23
41
35
62
7
34
64
25
58
30
37
23
28
44
60
53
17
33
34
13
33
1
64
53
8
20
63
26
15
51
63
28
12
11
48
54
27
53
12
30
53
14
31
36
46
35
35
20
43
63
63
25
256
1 0
2 1
2 3
1 4
4 5
2 6
2 7
3 8
4 9
1 10
4 11
2 12
2 13
3 14
3 15
7 16
17 14
18 13
19 16
12 20
21 15
22 17
23 14
4 24
2 25
3 26
18 27
28 13
9 29
23 30
16 31
4 32
33 22
5 34
12 35
36 17
37 19
19 38
39 35
2 40
22 41
42 17
43 12
30 44
45 28
20 46
4 47
18 48
46 49
46 50
36 51
33 52
37 53
16 54
37 55
46 56
22 57
25 58
14 59
60 33
37 14
61 36
62 37
53 63
64 47
65 56
18 23
66 16
34 21
67 13
68 17
54 69
35 70
71 31
31 72
73 14
68 64
35 74
36 75
60 76
33 77
22 78
33 79
75 17
40 80
16 81
82 4
73 83
49 84
22 85
36 86
68 87
77 88
15 89
90 55
61 91
2 92
82 93
85 94
95 30
3 96
16 97
12 98
99 56
61 100
54 101
73 102
46 103
1 74
24 104
25 105
106 45
107 54
76 70
108 70
3 109
110 89
111 76
103 112
46 113
105 114
115 37
22 116
117 92
60 118
119 94
120 56
65 121
82 122
43 123
105 124
88 125
66 126
117 127
33 128
15 129
56 130
131 126
73 132
133 58
25 134
105 135
117 136
92 137
138 56
69 139
140 97
141 30
24 142
88 143
144 89
145 14
146 140
117 147
128 148
149 71
88 150
151 53
147 152
153 34
154 106
155 121
156 140
29 157
158 109
25 159
40 160
161 16
18 162
126 163
82 164
46 165
166 91
102 59
167 150
156 168
133 169
170 105
171 29
170 172
173 36
128 174
14 175
33 176
98 177
166 178
111 179
25 180
181 46
109 182
183 66
173 184
185 72
140 47
23 186
17 187
76 188
189 72
34 190
95 191
192 34
193 126
147 194
140 195
12 196
197 139
198 132
170 199
73 200
201 175
171 202
118 203
185 126
204 184
205 152
46 206
173 207
88 208
73 209
210 23
211 13
144 212
15 213
214 91
212 215
35 216
110 162
85 217
117 218
145 219
220 200
156 175
86 221
222 147
223 107
224 94
98 225
226 47
68 227
187 228
25 229
128 34
95 230
175 231
19 232
233 53
2 234
235 215
234 146
236 84
188 13
162 237
23 238
39 23
35 239
240 20
