#qgen
59
60
60
48
7
13
59
25
11
57
38
36
48
60
26
62
51
6
43
30
59
7
51
34
9
48
13
15
33
62
10
51
45
52
16
18
18
10
62
20
24
18
41
61
7
46
53
28
9
21
61
12
13
45
52
3
34
6
53
63
64
1 0
2 0
2 3
1 4
5 3
2 6
5 7
8 4
9 6
10 9
10 11
11 12
5 13
12 14
15 14
3 16
10 17
18 5
5 19
20 9
16 21
22 1
10 23
24 0
15 25
26 14
2 27
8 28
18 29
22 20
9 30
10 14
7 4
31 7
32 16
32 33
34 19
35 15
36 16
25 11
16 37
20 38
32 11
39 37
40 17
41 12
7 42
1 43
34 44
22 45
46 33
47 24
35 48
2 8
29 49
50 13
51 37
52 37
39 53
54 30
28 55
0 56
51 57
58 39
