#qgen
52
143
179
128
115
134
160
129
125
162
97
146
177
104
169
161
134
182
152
142
124
159
143
152
176
150
139
131
117
135
142
134
167
126
165
144
168
145
126
179
141
174
162
143
150
128
1
122
187
132
164
174
162
128
0 1
1 0
0 2
2 3
3 2
2 0
1 4
5 4
6 4
7 4
8 6
9 4
4 7
10 5
6 11
12 4
11 13
2 14
15 13
12 16
10 17
13 18
19 12
15 20
21 12
11 15
15 8
16 22
23 4
18 24
4 25
10 4
26 21
27 21
28 15
29 16
29 30
31 27
6 32
27 16
10 28
14 2
28 30
13 28
17 21
13 19
19 27
15 22
13 27
33 18
6 34
31 33
20 10
24 35
19 24
36 29
7 37
36 38
39 17
13 15
22 40
18 27
16 19
20 21
31 15
4 41
42 8
24 15
43 39
15 43
4 20
10 20
36 15
44 34
22 45
4 46
42 11
39 12
40 16
35 27
43 47
22 31
34 22
27 10
16 38
40 10
6 29
24 43
12 10
27 34
48 4
4 31
43 10
20 28
21 43
35 28
39 21
35 44
42 6
21 29
13 36
10 12
36 40
30 45
6 49
24 20
31 40
18 45
42 43
13 38
36 10
41 50
4 30
4 5
10 43
18 36
11 42
24 16
13 8
27 20
27 6
13 43
24 21
44 18
43 51
26 10
13 34
48 21
