#qgen
103
143
179
128
115
134
160
129
125
136
146
126
166
152
162
159
161
143
174
134
161
148
186
126
138
117
124
145
135
139
152
144
167
150
150
142
148
143
163
136
182
174
131
104
110
179
147
165
168
162
169
134
158
145
176
138
134
162
195
129
1
187
131
153
162
140
164
152
177
197
135
142
147
136
146
158
156
114
157
139
130
160
128
175
174
136
130
142
126
141
100
132
159
121
132
137
172
149
166
137
163
140
141
111
256
0 1
1 0
0 2
2 3
3 2
2 0
1 4
5 4
6 4
7 4
8 7
5 9
4 10
7 11
7 12
13 4
9 14
15 2
14 16
17 7
7 18
19 7
20 7
21 7
22 7
7 23
24 6
9 25
26 4
27 14
4 28
29 4
30 25
31 27
32 9
33 16
33 34
32 33
6 31
16 25
7 35
2 15
32 36
37 7
24 16
38 7
39 25
13 40
9 24
25 41
33 6
42 36
43 7
44 31
42 25
36 44
7 45
46 44
24 47
9 29
31 34
47 24
48 16
49 27
16 50
51 4
7 19
16 46
52 49
16 49
4 53
54 7
16 55
50 48
32 56
4 57
58 7
9 52
36 24
36 59
60 56
42 32
60 32
61 7
62 19
35 7
7 63
34 46
45 7
35 64
5 32
4 50
65 7
66 30
34 31
39 41
41 32
67 50
7 68
55 31
27 9
69 7
52 70
42 56
7 69
32 30
46 52
60 25
65 71
14 9
72 7
64 73
9 4
4 46
74 7
27 50
71 7
34 24
75 7
33 31
7 37
76 13
56 32
30 33
77 73
78 7
25 9
49 33
7 79
55 30
9 66
31 49
64 49
80 7
81 16
31 4
55 50
82 7
31 67
49 83
47 33
55 67
52 46
84 36
70 55
6 52
85 7
7 86
83 31
27 32
50 83
55 49
87 54
36 27
55 16
52 83
48 55
42 88
30 66
89 4
16 33
66 52
35 90
91 7
87 6
6 92
9 60
4 34
31 16
66 70
54 87
55 4
48 50
60 36
52 44
41 39
50 67
93 4
4 6
25 60
31 55
55 59
14 36
27 39
32 16
44 70
16 83
94 7
31 50
80 84
49 14
4 5
83 49
95 4
96 7
4 26
7 61
48 31
42 4
39 33
88 29
85 75
39 59
16 31
90 35
30 50
7 80
46 30
33 47
7 97
10 4
77 7
25 5
24 25
88 41
39 29
98 7
7 20
49 48
59 52
7 99
7 100
58 53
30 4
9 83
83 6
34 4
30 44
41 56
48 6
7 90
29 9
32 5
77 92
77 37
70 44
29 39
64 90
16 34
7 96
6 50
25 49
46 24
7 17
73 101
102 7
44 66
7 65
49 24
33 39
6 33
46 33
87 51
4 51
36 52
7 64
