#qgen
117
109
194
140
173
159
173
98
173
160
168
174
161
162
160
184
125
156
151
155
174
139
154
178
176
157
149
123
155
141
169
140
172
129
133
181
144
156
175
140
121
156
131
175
116
144
157
168
141
123
165
152
172
195
130
148
141
129
154
182
151
181
139
148
198
153
164
171
139
138
130
134
160
152
146
145
147
163
217
176
135
148
155
145
136
181
118
121
183
181
129
160
168
179
108
127
149
147
136
144
146
165
114
148
149
131
189
179
182
154
114
152
137
139
153
154
143
166
256
0 1
2 1
0 3
2 4
5 2
6 3
7 2
3 8
9 4
10 9
2 11
2 12
13 2
14 1
15 10
2 16
8 3
17 3
18 2
10 19
2 7
2 20
10 21
2 22
6 23
24 3
25 2
26 10
10 27
28 5
29 4
1 30
31 2
25 5
4 9
32 16
33 2
34 10
9 35
35 36
10 34
10 37
2 38
32 39
19 10
40 1
0 41
2 5
42 6
43 3
44 40
9 45
6 43
46 22
47 10
48 36
20 2
41 37
49 16
43 50
51 5
2 52
53 47
10 54
10 55
5 25
9 56
36 57
2 33
55 58
59 35
60 36
61 17
62 46
63 26
9 64
50 65
28 33
39 9
5 66
67 58
35 9
46 68
69 6
70 3
71 9
72 2
9 73
61 8
58 67
66 5
74 33
1 2
3 6
75 3
16 76
77 10
35 48
8 61
27 19
74 28
2 78
9 79
80 4
60 71
80 79
81 28
68 46
48 35
2 82
2 83
74 25
16 84
77 54
74 66
49 85
86 5
83 2
87 2
29 46
41 0
88 9
6 42
2 13
54 37
89 11
29 90
3 91
90 2
73 92
93 50
54 67
94 88
95 2
2 44
74 62
2 96
41 51
36 60
52 49
91 50
68 39
9 94
8 76
21 10
5 74
2 25
53 77
9 88
4 48
79 9
97 9
91 43
40 44
21 9
9 98
22 2
94 92
99 13
9 100
100 73
5 86
99 2
66 74
9 39
11 2
57 48
10 101
58 55
9 90
82 2
19 34
92 94
13 99
58 102
37 10
50 91
101 67
49 3
2 87
2 103
33 66
10 26
70 50
4 68
76 61
2 81
98 9
60 59
75 24
46 74
47 53
59 56
101 54
26 63
85 2
102 77
104 6
24 75
46 89
86 33
48 59
105 3
28 74
3 49
75 0
30 1
83 106
73 94
68 4
0 107
100 88
61 108
10 15
59 45
2 109
17 6
50 70
110 9
2 72
76 8
109 2
77 55
2 111
91 70
92 9
61 3
54 77
56 36
54 101
58 10
4 29
11 89
51 41
101 55
50 43
43 91
71 60
46 32
40 16
2 112
39 32
55 10
68 90
1 14
113 2
77 102
9 48
70 91
9 114
100 9
115 2
94 9
46 2
93 3
6 116
