#qgen
62
109
194
140
173
159
155
157
173
178
108
123
160
184
176
152
139
114
136
149
149
146
168
130
143
150
153
172
139
131
161
123
168
147
145
134
189
139
160
195
164
156
151
116
135
162
173
118
98
144
147
140
165
140
181
183
160
152
137
149
133
182
156
128
0 1
2 1
0 3
2 4
5 2
3 6
2 7
8 2
3 9
10 4
2 11
12 1
2 13
3 0
9 14
2 15
16 2
17 2
2 5
7 18
2 19
2 20
8 21
2 22
23 2
24 2
2 25
14 9
9 3
26 2
27 2
28 0
2 29
13 2
30 2
14 31
2 23
6 32
33 2
34 31
35 3
3 36
2 17
20 19
37 3
32 0
0 32
2 27
29 2
2 38
39 36
38 2
40 2
38 17
36 3
41 36
2 26
42 39
14 42
40 43
44 2
2 45
46 40
42 3
3 47
48 2
49 2
21 20
50 1
46 51
17 38
20 21
32 6
51 38
21 8
52 2
40 46
9 31
3 31
19 2
47 42
21 2
42 31
53 2
2 54
55 2
2 18
4 2
45 2
51 40
2 56
11 57
1 0
2 58
2 57
6 3
3 51
20 11
43 2
39 3
18 7
1 12
59 2
2 33
43 40
0 60
4 10
31 34
57 11
2 16
1 50
51 3
3 37
40 53
42 47
36 41
20 2
2 53
2 52
47 3
60 0
3 42
11 2
61 1
31 14
3 39
14 3
2 46
