#qgen
57
112
132
153
145
254
117
158
160
149
139
174
112
178
142
173
171
134
128
139
147
149
141
190
125
135
148
153
130
178
135
186
193
131
186
252
118
152
141
175
138
163
152
146
131
147
187
157
161
166
189
157
112
131
152
173
119
129
128
0 1
2 1
3 1
4 1
5 3
1 6
7 1
8 3
1 7
3 9
3 10
11 3
3 11
1 0
12 4
1 13
14 1
12 15
1 16
17 1
1 18
6 19
20 1
21 2
21 15
12 3
22 11
18 12
21 12
1 23
23 1
11 24
15 25
14 12
26 1
11 6
27 19
6 28
2 21
1 29
30 0
12 18
12 19
25 4
31 12
4 32
33 5
34 29
3 12
10 35
13 1
28 3
18 1
3 36
25 12
1 37
16 38
4 15
29 34
39 6
4 40
1 14
41 1
42 1
35 22
35 3
43 21
16 42
33 44
1 17
21 33
45 33
42 16
12 5
4 12
5 33
31 26
33 31
34 3
46 1
9 6
19 6
9 15
13 33
22 38
37 1
19 33
28 6
24 11
15 12
1 20
42 43
15 21
16 2
47 1
35 6
12 23
48 38
2 16
31 6
16 0
48 49
50 4
26 18
33 4
23 51
16 1
3 28
49 16
33 9
52 4
53 1
1 46
37 38
26 49
24 29
22 1
12 21
54 3
38 16
3 43
38 3
15 33
55 36
12 56
31 33
6 9
44 1
