#qgen
112
125
142
129
158
173
164
188
151
161
145
176
130
126
149
129
151
122
124
156
138
121
157
156
151
115
162
149
151
154
112
154
131
154
150
140
175
170
129
155
118
152
163
132
158
114
142
101
159
114
139
137
172
167
154
130
182
127
141
122
121
157
136
125
139
151
135
161
118
155
144
174
142
160
159
162
114
171
121
155
138
143
160
145
137
190
139
138
129
133
162
109
137
151
156
172
136
160
132
169
117
122
122
155
129
140
244
156
177
179
150
164
82
256
1 0
1 2
2 3
2 4
2 5
2 6
7 2
7 8
9 2
2 10
11 0
2 12
2 13
0 14
5 2
1 15
2 16
2 17
18 2
19 2
2 20
8 7
21 2
22 2
23 15
24 2
2 25
2 26
1 27
1 28
29 2
30 24
13 31
32 0
2 33
34 1
20 2
0 35
2 1
2 36
37 2
2 38
39 23
0 40
2 41
42 2
2 43
28 44
45 0
46 44
16 40
47 2
44 32
48 1
49 46
23 50
34 51
52 2
1 46
46 53
15 54
46 27
55 40
2 18
33 36
56 1
46 8
2 24
2 57
30 58
53 16
44 29
59 0
60 2
33 61
62 2
46 57
63 53
63 1
56 49
64 51
61 36
38 2
51 34
63 50
65 2
66 2
67 30
40 46
55 8
25 46
43 2
2 22
68 6
23 69
55 70
27 68
1 34
2 7
58 46
71 44
36 72
55 19
55 46
1 64
2 28
2 73
74 67
2 75
71 2
65 50
2 76
77 1
2 47
78 56
1 79
48 27
80 2
72 42
72 2
46 51
67 2
36 61
0 58
50 63
81 2
82 56
46 16
6 44
83 1
33 2
2 66
47 67
56 78
1 53
68 66
2 60
70 2
84 55
8 46
29 68
51 44
53 27
50 44
1 50
21 55
50 49
34 44
56 54
27 53
46 1
36 85
69 0
49 64
72 36
61 72
2 81
29 86
7 65
27 48
44 50
46 87
55 53
88 26
40 58
0 46
63 21
73 68
89 2
16 57
90 2
71 86
3 2
1 77
43 72
91 2
56 27
28 39
92 1
37 19
93 2
2 94
95 2
30 2
96 1
1 83
97 2
36 2
85 36
46 40
95 98
57 16
32 21
53 65
2 78
99 2
55 57
72 43
76 2
2 100
55 2
40 55
2 84
44 28
59 46
101 86
1 102
12 57
27 46
2 54
1 78
68 73
65 8
12 2
73 2
32 23
6 68
26 46
67 74
2 89
103 2
104 64
34 81
98 95
87 46
51 64
105 2
40 106
107 29
28 56
86 71
86 73
108 2
109 1
46 25
2 88
16 1
61 33
35 46
101 44
70 55
44 71
93 40
25 2
15 1
1 110
0 111
23 39
72 33
68 64
54 44
1 56
51 56
18 12
1 109
35 59
