#qgen
116
157
126
129
72
161
191
128
178
141
109
133
117
156
159
142
116
115
160
136
166
121
177
96
143
134
124
176
142
142
141
133
151
144
116
119
174
147
144
188
137
151
197
150
152
147
201
148
119
150
156
136
168
84
100
147
161
155
138
190
139
144
113
117
141
185
167
160
142
176
106
121
161
154
125
154
137
137
133
178
104
154
137
128
157
167
137
127
128
143
148
145
129
154
146
124
155
136
154
162
174
162
131
144
154
163
135
128
142
153
144
146
152
165
194
122
172
256
0 1
1 2
0 3
4 1
5 2
6 2
3 0
7 6
2 8
9 0
10 8
7 11
11 12
13 11
14 2
15 1
11 8
16 8
17 7
3 18
19 15
20 6
21 9
17 22
23 13
24 3
10 25
26 1
15 27
28 13
29 17
18 30
1 26
31 20
32 1
33 25
17 34
2 35
36 24
0 37
38 2
39 22
27 40
2 41
39 19
42 1
8 43
44 2
45 27
34 46
47 19
48 21
8 49
1 23
50 13
51 45
52 11
53 42
54 1
55 50
17 56
38 57
43 30
21 24
22 58
39 59
60 11
61 1
52 62
1 57
20 1
2 63
64 34
43 47
65 9
47 10
66 52
24 33
21 67
29 68
69 13
65 70
56 2
58 28
0 50
25 70
25 62
15 46
23 15
71 30
61 12
48 43
17 72
67 73
71 10
58 74
43 75
76 28
77 65
38 36
78 31
79 77
45 54
12 57
80 48
79 81
30 47
82 39
30 26
83 80
31 11
84 52
85 73
72 17
86 17
75 87
80 62
63 68
13 23
10 74
25 64
33 80
88 80
75 58
30 89
10 90
44 91
12 53
76 49
38 73
70 92
17 93
44 37
41 94
37 89
23 91
39 62
7 10
2 6
68 4
66 6
80 17
77 95
90 2
46 69
46 15
73 1
34 50
74 8
19 17
88 56
39 86
74 96
52 97
27 55
39 25
93 98
99 8
50 47
50 100
91 59
39 52
2 47
36 25
15 32
47 50
101 68
96 82
71 102
89 91
2 48
103 1
17 83
1 68
10 7
100 1
104 17
11 96
50 40
31 96
92 34
83 25
76 8
87 30
52 10
43 99
98 105
106 10
65 107
47 96
91 89
50 43
107 18
93 1
6 66
95 42
58 75
1 18
43 37
44 89
0 15
46 98
51 82
17 106
107 50
95 77
21 108
109 2
7 46
1 58
52 39
52 110
93 27
107 61
78 13
111 47
56 28
13 78
105 83
18 107
110 112
106 77
1 62
30 18
107 106
49 8
1 113
80 57
10 48
107 39
63 27
10 102
37 17
11 78
31 97
75 2
7 61
78 77
10 31
87 17
114 87
68 63
67 2
105 25
115 43
86 21
8 75
33 7
73 42
4 30
31 71
63 42
113 1
46 33
1 98
98 1
