#qgen
110
127
133
149
126
110
121
134
153
130
177
159
164
133
133
126
113
162
133
141
150
131
176
122
169
150
158
200
128
112
148
135
140
155
174
156
125
172
142
134
155
148
157
156
168
127
109
148
148
148
148
165
168
161
148
184
133
195
143
170
97
186
140
187
144
155
183
148
122
85
161
173
140
164
175
209
148
178
176
162
120
135
145
144
150
118
130
147
115
142
149
182
163
117
158
169
163
174
147
159
176
185
169
121
173
150
130
39
156
202
162
256
0 1
1 2
3 1
4 3
4 5
1 6
2 7
1 8
9 5
10 5
4 11
7 12
2 1
13 11
11 14
1 15
9 16
7 17
13 18
18 19
7 20
21 5
18 13
22 5
4 23
5 24
25 20
19 26
27 16
6 28
29 3
14 13
8 30
19 31
32 9
4 33
28 21
34 11
26 4
35 9
4 36
37 7
38 35
31 4
39 6
40 21
5 41
42 31
27 5
43 1
44 31
21 33
9 38
19 45
46 45
47 11
33 48
35 31
49 7
19 18
5 50
11 47
7 51
16 21
33 5
23 21
21 23
1 43
52 6
53 29
54 11
11 55
5 56
11 57
16 50
58 11
5 27
45 23
11 59
11 60
61 26
7 62
4 26
63 3
52 53
28 3
20 25
35 38
54 64
53 65
66 11
4 52
11 66
45 26
26 46
19 44
11 67
68 10
20 69
26 33
5 45
69 70
1 49
36 9
71 11
44 19
38 44
21 28
26 6
5 33
71 65
72 57
59 11
3 52
73 67
9 36
5 26
21 44
74 3
52 3
16 32
16 75
76 5
45 77
41 5
52 46
11 34
69 20
78 5
79 54
80 5
21 9
81 54
6 45
26 38
9 31
68 33
82 11
53 83
64 84
26 19
64 47
52 74
75 57
85 54
49 69
86 6
20 1
86 11
87 7
4 28
83 53
51 37
88 7
28 45
63 86
33 4
8 1
16 89
90 7
64 91
83 26
45 21
77 45
51 62
92 6
45 4
21 35
23 45
83 89
75 16
5 16
83 45
11 58
3 63
31 35
6 52
12 7
36 35
27 22
20 93
54 81
16 94
44 9
4 95
5 78
7 96
56 5
97 5
31 42
85 14
86 3
11 81
1 70
98 62
5 21
7 99
93 100
35 36
53 52
87 93
6 39
85 101
42 77
21 94
93 102
16 19
38 95
7 100
103 5
11 13
40 68
93 104
45 83
2 93
3 39
91 64
105 7
7 102
25 2
65 71
45 28
95 4
42 6
29 46
98 90
11 91
58 72
85 71
30 0
106 30
73 60
6 74
26 83
38 26
95 36
22 27
3 29
107 13
52 45
7 49
42 38
21 26
6 29
38 19
89 21
108 7
109 11
61 45
16 27
13 107
52 29
4 31
21 38
86 55
52 39
