#qgen
109
117
167
126
246
163
143
167
143
152
141
168
123
172
156
176
161
148
178
104
242
162
149
173
135
188
177
150
131
158
117
163
127
179
178
165
145
137
137
136
164
172
169
135
119
152
113
131
166
141
159
115
134
140
160
116
162
154
139
157
164
115
156
224
135
143
172
117
171
89
128
134
156
148
148
135
152
160
155
152
167
193
179
139
161
135
165
145
131
172
162
149
127
136
146
128
170
143
121
160
140
207
120
161
142
121
111
187
149
141
256
0 1
1 2
3 1
4 1
5 3
6 1
7 1
1 8
9 1
1 10
5 11
12 1
13 1
14 11
1 15
4 6
16 12
1 17
18 1
19 1
11 20
1 21
22 3
23 1
1 24
25 20
1 26
22 27
6 4
24 28
1 29
30 1
31 1
1 25
1 32
1 27
33 1
34 3
35 7
1 36
37 9
3 38
39 9
1 40
41 1
36 24
42 27
43 1
1 44
45 1
26 46
19 47
48 3
5 49
50 1
40 12
27 1
51 1
52 9
53 52
54 1
28 12
14 1
14 55
14 56
6 28
37 53
1 57
1 58
59 4
10 1
60 14
61 47
37 33
30 62
61 1
36 18
63 22
25 14
62 20
1 34
5 62
64 5
14 62
64 49
28 65
1 19
65 1
1 18
24 55
15 1
4 44
24 1
27 66
1 67
49 64
68 1
69 51
1 70
71 1
3 48
72 1
73 47
74 1
1 62
75 25
22 63
33 53
20 3
57 1
46 7
18 12
34 27
73 58
1 76
24 77
46 26
78 1
1 79
69 47
1 43
4 59
34 1
80 1
1 81
3 82
83 1
62 5
28 1
20 1
25 56
28 44
14 16
16 47
1 84
19 36
17 1
28 73
85 3
63 27
1 0
86 47
84 1
29 87
66 42
88 3
5 64
59 12
77 28
11 14
3 22
77 36
62 56
27 89
1 37
1 90
1 30
49 5
12 65
47 6
44 28
70 1
1 14
91 1
92 42
59 1
79 63
1 60
70 72
36 1
47 87
80 69
93 1
1 83
56 25
1 94
12 47
1 11
14 20
21 1
24 16
69 67
95 92
12 16
27 22
1 74
75 14
63 34
47 14
1 54
1 96
97 1
64 1
55 1
14 36
1 98
47 16
9 33
1 77
14 75
39 53
97 99
12 18
100 82
1 101
1 99
89 92
82 15
22 1
65 12
42 89
58 73
9 37
52 39
3 63
1 61
66 92
102 69
103 47
11 56
1 12
1 68
53 33
104 1
63 3
62 1
3 88
105 87
30 91
20 14
14 12
12 40
62 14
1 106
88 11
22 79
92 1
9 52
1 107
108 12
82 100
89 95
82 3
6 24
37 52
42 66
14 47
27 95
52 33
3 5
1 65
53 37
6 36
64 58
1 91
106 47
