#qgen
116
1
1
1
1
1
1
1
1
1
1
1
1
1
1
1
1
1
1
1
1
1
1
1
1
1
1
1
1
1
1
1
1
1
1
1
1
1
1
1
1
1
1
1
1
1
1
1
1
1
1
1
1
1
1
1
1
1
1
1
1
1
1
1
1
1
1
1
1
1
1
1
1
1
1
1
1
1
1
1
1
1
1
1
1
1
1
1
1
1
1
1
1
1
1
1
1
1
1
1
1
1
1
1
1
1
1
1
1
1
1
1
1
1
1
1
1
256
0 1
0 2
0 3
0 4
0 5
5 6
7 4
6 8
9 1
0 10
0 11
12 4
2 13
14 1
15 13
4 11
16 4
17 2
18 4
13 19
13 20
21 1
10 22
9 23
16 24
1 25
14 26
27 1
28 4
29 1
16 29
30 4
31 3
20 32
33 5
5 34
19 35
34 1
36 3
37 27
2 26
38 3
9 39
40 11
7 40
6 19
41 26
34 30
19 42
4 1
22 43
15 6
41 3
3 44
45 31
37 46
19 4
15 35
0 47
19 25
43 19
48 26
34 49
30 50
48 11
51 1
48 52
53 46
3 40
3 54
55 31
56 7
22 11
57 0
29 58
59 26
42 11
14 60
14 18
61 42
56 19
62 53
2 63
47 27
64 1
48 65
21 66
10 11
67 11
22 68
40 69
51 42
70 2
44 24
71 21
72 19
73 30
49 19
13 35
74 37
70 27
73 75
66 76
49 50
0 37
77 29
31 19
45 13
78 60
79 44
80 3
14 59
81 40
72 5
62 82
47 83
62 1
84 15
85 84
16 82
77 48
47 86
48 2
63 87
10 88
77 30
89 11
90 52
74 73
91 31
26 92
61 23
53 31
21 31
10 93
94 32
95 76
37 79
96 65
59 97
18 84
98 79
99 2
93 100
56 4
96 83
48 60
41 4
12 101
48 93
102 27
0 31
26 103
37 34
97 69
43 104
2 65
3 105
103 25
92 106
95 40
75 78
22 60
58 4
13 51
107 39
47 58
6 32
10 61
77 31
95 92
33 50
68 27
94 1
108 31
109 35
110 107
25 11
111 50
12 82
111 86
15 7
13 40
23 75
67 52
4 46
16 1
108 62
7 13
31 29
73 58
109 64
78 20
5 20
88 102
79 40
66 58
42 106
106 60
112 96
5 73
56 75
37 31
98 38
65 103
1 100
84 6
68 64
22 13
77 105
76 1
10 37
112 2
16 37
38 97
67 109
23 79
52 42
52 40
37 93
6 4
22 100
23 104
62 29
35 44
102 19
98 3
18 26
106 97
113 76
16 114
113 4
43 78
65 114
104 52
27 105
77 68
81 79
13 60
55 2
107 64
16 53
16 45
76 114
66 38
77 79
48 83
115 114
33 37
19 51
37 49
62 44
56 48
96 103
74 4
13 32
