#qgen
55
1
1
1
1
1
1
1
1
1
1
1
1
1
1
1
1
1
1
1
1
1
1
1
1
1
1
1
1
1
1
1
1
1
1
1
1
1
1
1
1
1
1
1
1
1
1
1
1
1
1
1
1
1
1
1
128
1 0
2 0
3 0
2 4
1 5
6 0
7 0
8 6
7 9
1 10
11 0
12 2
5 13
14 0
5 15
16 2
17 14
4 18
19 18
10 4
12 20
21 3
7 22
23 9
20 9
24 17
25 13
7 26
21 27
28 12
11 29
30 19
24 16
19 31
10 32
2 29
33 25
34 12
33 35
36 18
21 37
1 38
36 32
11 2
2 39
8 16
40 9
41 0
25 18
42 8
8 14
8 20
17 37
23 43
30 38
40 0
17 13
15 44
10 45
10 13
19 2
38 34
3 22
28 44
46 19
18 37
35 40
47 12
1 48
35 45
1 28
49 29
44 45
47 48
38 49
1 50
8 15
42 7
3 9
51 37
20 22
36 12
30 5
13 4
3 10
1 43
5 51
42 20
28 18
34 18
49 52
23 50
13 53
30 2
13 18
1 54
25 45
28 9
15 27
28 42
41 5
27 19
17 19
5 9
19 22
48 13
16 7
36 44
42 27
11 32
30 40
10 48
40 32
32 0
16 19
46 44
1 26
50 25
42 19
41 20
7 10
20 19
8 27
48 26
35 25
28 47
48 29
11 45
