#qgen
109
1
1
1
1
1
1
1
1
1
1
1
1
1
1
1
1
1
1
1
1
1
1
1
1
1
1
1
1
1
1
1
1
1
1
1
1
1
1
1
1
1
1
1
1
1
1
1
1
1
1
1
1
1
1
1
1
1
1
1
1
1
1
1
1
1
1
1
1
1
1
1
1
1
1
1
1
1
1
1
1
1
1
1
1
1
1
1
1
1
1
1
1
1
1
1
1
1
1
1
1
1
1
1
1
1
1
1
1
1
256
1 0
1 2
1 3
4 3
2 5
3 6
7 3
8 3
9 6
10 3
11 5
12 10
13 3
14 13
13 15
16 13
14 17
3 18
19 5
19 17
20 3
4 16
3 21
22 15
23 3
24 16
25 5
26 19
12 27
28 0
29 10
7 30
14 31
21 18
32 6
33 18
34 27
35 23
33 36
37 18
34 38
26 14
21 15
39 6
14 40
41 9
2 34
7 18
42 14
43 13
44 3
45 23
46 22
47 7
12 31
45 28
48 39
49 20
19 50
51 14
40 21
34 52
53 27
45 54
45 14
54 36
20 55
43 3
21 56
30 16
57 27
58 18
36 59
60 55
28 61
4 17
57 9
53 28
14 62
29 63
54 52
50 18
10 5
28 21
28 56
19 58
3 64
22 32
46 65
26 24
55 40
13 41
12 15
30 15
66 5
28 40
3 67
28 68
69 31
27 70
71 52
63 5
72 51
63 30
3 57
21 73
74 33
13 75
58 76
57 70
50 54
77 47
43 10
59 78
7 79
43 80
14 71
31 9
15 5
2 81
35 58
82 53
53 14
83 54
73 5
76 21
84 18
7 43
58 66
61 85
35 67
82 42
76 86
54 25
23 12
86 87
49 88
84 54
14 18
87 38
41 70
0 57
23 80
57 65
74 63
42 29
89 30
15 6
41 85
90 34
91 6
15 62
43 23
22 31
3 36
28 65
46 92
21 57
34 39
39 32
12 28
27 9
49 12
20 8
93 33
94 24
95 8
82 18
12 38
24 57
70 96
58 97
24 68
38 17
98 41
27 15
76 52
29 7
22 65
29 25
48 79
99 28
41 78
82 4
81 57
45 62
32 62
31 32
94 100
36 5
3 101
12 57
102 15
63 14
37 21
87 56
40 87
29 89
71 5
103 57
72 61
101 92
40 52
13 33
16 28
84 16
30 28
3 0
76 25
57 92
49 25
58 5
16 21
3 32
72 10
26 3
47 72
46 62
34 70
46 78
104 53
80 36
82 63
100 105
106 58
12 40
56 96
28 107
43 86
95 63
15 73
77 30
71 62
63 76
47 66
7 5
108 6
8 34
29 5
100 30
77 87
84 30
36 41
12 21
32 92
101 52
85 15
35 12
27 101
86 56
66 76
41 11
24 72
77 50
10 75
12 14
