#qgen
109
1
1
1
1
1
1
1
1
1
1
1
1
1
1
1
1
1
1
1
1
1
1
1
1
1
1
1
1
1
1
1
1
1
1
1
1
1
1
1
1
1
1
1
1
1
1
1
1
1
1
1
1
1
1
1
1
1
1
1
1
1
1
1
1
1
1
1
1
1
1
1
1
1
1
1
1
1
1
1
1
1
1
1
1
1
1
1
1
1
1
1
1
1
1
1
1
1
1
1
1
1
1
1
1
1
1
1
1
1
256
1 0
2 1
2 3
1 4
2 5
6 4
2 7
5 8
9 8
0 10
4 11
4 12
4 13
4 14
5 9
2 15
14 11
16 8
9 17
17 18
19 8
6 20
21 18
1 22
4 23
24 10
4 25
4 26
27 9
24 8
21 28
11 29
4 30
4 29
15 31
32 10
2 33
21 34
5 35
2 9
24 36
37 19
15 10
2 38
37 39
36 40
5 23
41 35
21 42
43 42
34 44
45 4
16 46
47 31
6 48
49 28
45 10
24 50
43 51
44 52
2 53
54 36
55 17
9 42
55 56
57 1
55 43
2 58
43 59
4 46
4 60
27 51
45 61
62 29
61 35
45 63
24 61
60 52
39 64
4 65
66 50
20 50
14 25
9 31
16 4
33 67
68 56
27 69
4 40
70 48
18 42
71 7
56 28
68 52
28 63
34 26
60 54
14 72
69 31
73 39
70 18
41 74
5 54
24 5
8 75
73 52
71 74
72 43
76 42
46 40
70 52
60 29
2 77
4 36
51 78
15 8
79 45
45 70
49 48
60 73
27 42
4 74
2 80
78 81
70 82
46 36
83 27
84 52
85 61
1 61
86 20
11 84
71 43
87 37
71 25
82 62
18 77
23 54
70 35
24 1
88 1
89 17
83 34
90 3
27 31
16 85
91 16
5 31
88 92
2 86
93 1
54 29
5 68
4 94
95 28
76 3
95 44
94 74
63 78
34 54
79 96
11 54
68 54
97 41
85 59
72 8
56 29
6 64
64 42
1 98
49 8
66 43
26 18
74 51
56 51
67 59
2 99
2 20
91 85
1 18
3 91
100 98
72 31
9 61
4 101
83 78
16 98
61 51
83 68
5 26
24 9
60 102
23 61
103 102
104 25
9 45
55 8
74 70
21 35
60 61
73 78
68 40
68 28
14 75
17 98
8 41
105 3
48 17
9 56
2 64
75 18
16 55
2 67
75 61
35 51
4 106
55 82
76 56
67 104
45 68
107 81
4 95
31 35
45 18
4 103
93 70
39 43
16 75
56 82
75 74
4 104
49 73
45 35
56 39
89 84
60 98
56 52
2 69
5 106
108 82
4 73
34 67
70 10
5 85
74 17
108 52
14 17
4 17
37 79
4 51
74 52
54 31
9 16
9 34
60 67
16 70
