#qgen
58
1
1
1
1
1
1
1
1
1
1
1
1
1
1
1
1
1
1
1
1
1
1
1
1
1
1
1
1
1
1
1
1
1
1
1
1
1
1
1
1
1
1
1
1
1
1
1
1
1
1
1
1
1
1
1
1
1
1
128
0 1
0 2
3 1
2 4
3 5
0 6
3 7
8 4
9 6
10 8
10 11
8 12
10 13
12 14
15 12
7 16
0 17
18 16
3 19
13 20
15 21
13 1
10 22
22 23
7 24
3 25
0 21
21 26
3 23
22 27
28 17
10 29
28 30
6 27
2 31
32 17
8 33
16 34
6 34
35 1
36 13
3 37
36 27
9 13
32 0
38 19
32 39
1 40
18 24
3 31
39 27
39 12
7 12
9 12
10 41
42 21
17 30
43 12
16 38
28 43
9 16
8 38
7 44
8 27
35 18
11 28
45 0
46 44
1 43
8 47
7 1
17 48
15 14
35 41
46 49
16 37
17 50
35 51
49 18
17 5
32 1
12 30
36 22
9 50
30 31
3 45
1 41
12 44
18 30
52 20
6 40
49 47
53 43
15 54
8 23
18 27
46 50
9 14
45 17
0 55
23 34
22 47
49 20
21 4
17 39
36 18
34 27
4 37
15 33
10 47
10 56
18 29
56 30
2 5
45 57
32 21
32 5
0 41
39 1
43 31
22 30
8 16
30 44
21 37
33 57
3 11
42 5
32 47
