#qgen
58
1
1
1
1
1
1
1
1
1
1
1
1
1
1
1
1
1
1
1
1
1
1
1
1
1
1
1
1
1
1
1
1
1
1
1
1
1
1
1
1
1
1
1
1
1
1
1
1
1
1
1
1
1
1
1
1
1
1
128
1 0
2 1
2 3
1 4
1 5
6 2
1 7
6 8
0 5
9 0
2 10
2 11
2 12
2 13
14 2
15 1
14 16
15 9
17 11
16 18
19 7
14 6
19 20
1 21
2 22
14 23
3 24
2 25
26 13
27 8
23 20
14 28
2 29
2 9
15 30
31 11
32 1
33 19
9 5
1 9
34 20
35 19
36 9
2 37
38 36
36 33
39 2
32 30
40 18
36 41
23 41
2 20
23 11
30 20
3 42
31 19
43 7
44 16
45 31
33 34
1 46
22 44
28 12
16 5
46 47
1 34
25 48
1 49
27 24
2 36
2 23
50 16
27 51
36 16
44 19
28 25
15 50
36 34
20 29
2 52
33 41
14 53
44 7
22 5
2 41
50 18
43 41
15 46
2 54
28 42
8 51
2 55
15 49
31 56
15 16
15 34
34 44
15 5
39 16
23 19
57 8
44 20
2 35
2 30
2 48
30 46
47 51
57 21
33 20
25 18
46 29
15 33
1 47
2 8
24 40
27 2
50 22
22 34
23 54
36 50
14 33
2 26
57 1
57 51
44 48
32 16
23 13
36 23
