#qgen
52
1
1
1
1
1
1
1
1
1
1
1
1
1
1
1
1
1
1
1
1
1
1
1
1
1
1
1
1
1
1
1
1
1
1
1
1
1
1
1
1
1
1
1
1
1
1
1
1
1
1
1
1
128
0 1
0 2
2 3
4 3
0 5
6 1
0 7
5 8
9 8
9 10
11 10
12 1
2 13
5 14
0 15
16 8
8 3
11 14
17 11
12 18
7 5
7 19
20 5
5 18
14 3
7 21
22 8
0 23
17 24
7 25
26 10
16 27
8 18
28 9
16 29
30 11
20 31
17 22
32 3
33 19
16 34
3 27
35 30
26 31
16 23
0 36
12 27
37 27
32 24
7 38
26 19
2 21
34 25
39 37
12 39
0 40
40 11
39 35
0 6
5 19
39 8
17 34
35 31
25 27
0 41
37 14
42 6
37 25
2 43
12 22
12 28
23 31
19 25
9 26
16 32
10 3
9 23
43 44
42 43
2 18
7 45
21 45
39 6
22 1
20 46
28 24
9 1
47 1
22 34
24 3
7 42
0 39
43 24
23 3
47 27
40 24
42 21
0 42
42 13
33 27
17 13
40 34
13 22
0 47
35 6
41 48
5 26
20 25
41 45
5 47
39 25
7 29
30 49
47 50
9 46
39 11
30 24
12 33
40 14
39 9
35 18
29 26
16 9
7 20
51 34
2 17
43 48
17 18
