#qgen
108
1
1
1
1
1
1
1
1
1
1
1
1
1
1
1
1
1
1
1
1
1
1
1
1
1
1
1
1
1
1
1
1
1
1
1
1
1
1
1
1
1
1
1
1
1
1
1
1
1
1
1
1
1
1
1
1
1
1
1
1
1
1
1
1
1
1
1
1
1
1
1
1
1
1
1
1
1
1
1
1
1
1
1
1
1
1
1
1
1
1
1
1
1
1
1
1
1
1
1
1
1
1
1
1
1
1
1
1
256
0 1
0 2
2 3
4 3
0 5
0 6
0 7
4 8
9 8
9 10
11 10
2 12
2 13
4 14
0 15
16 10
4 17
18 13
19 15
16 20
21 8
22 10
23 8
24 8
4 25
12 26
13 24
0 24
20 27
11 28
14 29
30 19
12 31
14 24
19 32
16 23
23 33
20 34
35 6
36 23
34 19
4 37
34 38
39 30
20 40
0 41
18 34
33 42
43 30
12 28
25 44
4 45
37 33
45 46
19 47
0 48
19 49
46 50
51 1
9 40
34 15
52 24
53 44
36 40
0 54
23 55
12 19
56 37
5 57
58 21
21 24
59 34
30 42
46 17
60 24
48 6
60 17
60 61
60 62
26 6
37 15
33 63
56 13
64 3
33 65
39 63
9 3
2 50
36 58
39 6
66 13
0 12
39 38
17 8
67 43
40 55
68 35
0 69
33 24
66 45
70 24
71 57
72 24
2 73
22 13
74 68
67 10
49 35
75 68
76 10
46 77
14 72
53 78
76 79
19 80
81 24
82 45
48 24
39 28
20 53
34 68
56 49
83 20
79 15
68 65
84 6
85 77
77 32
14 6
75 24
16 63
61 35
18 82
67 49
39 51
34 56
46 86
67 57
10 87
43 49
88 85
80 68
71 89
57 68
66 90
14 36
13 68
36 87
45 91
56 47
78 74
67 13
92 26
16 32
34 30
25 19
23 93
57 28
64 74
90 31
94 68
89 8
59 3
11 78
73 68
48 63
53 84
67 36
49 32
74 95
72 13
62 31
59 96
33 8
18 70
46 63
22 50
61 32
60 14
86 1
13 84
10 15
16 25
97 44
62 27
73 53
88 98
68 63
13 35
99 62
20 56
4 28
86 100
25 86
16 55
101 64
102 6
0 31
25 50
60 42
80 100
43 89
77 8
52 56
103 55
87 26
53 24
86 8
81 86
104 44
10 13
9 94
60 89
40 26
60 80
15 100
11 17
57 93
81 3
53 23
39 105
66 24
39 29
75 36
62 70
53 102
45 24
106 78
57 55
89 61
73 34
48 80
28 87
46 49
100 26
12 29
71 3
74 63
71 19
0 74
103 29
31 42
58 10
16 106
76 86
88 96
32 65
4 44
53 107
37 42
106 29
20 64
89 102
81 100
73 86
75 57
