#qgen
59
13
2
17
11
29
5
32
14
28
30
21
7
27
24
24
10
14
8
23
3
24
22
19
1
3
11
5
1
25
22
2
15
32
20
2
24
23
24
2
2
9
23
14
26
16
29
6
18
16
20
21
21
32
21
15
31
4
28
4
128
0 1
0 2
0 3
0 4
3 2
5 4
3 6
7 5
0 8
9 1
9 10
11 8
12 1
13 12
14 2
9 15
16 11
17 11
13 18
11 19
13 20
21 13
13 3
9 2
22 5
5 11
23 12
24 16
9 25
14 26
27 4
28 8
17 4
12 27
16 29
30 18
11 27
5 31
32 16
33 17
34 12
25 14
35 11
18 20
21 14
18 36
7 14
7 11
10 37
30 1
38 33
3 39
40 27
9 3
7 18
28 3
13 41
36 42
43 40
35 41
18 44
5 45
9 46
46 31
42 27
0 25
47 19
40 6
7 27
9 42
42 48
49 28
50 40
51 11
14 40
18 14
49 2
30 31
49 32
23 14
35 45
28 52
21 53
23 48
51 42
45 54
34 44
16 12
40 52
35 32
13 10
30 15
0 27
55 23
56 10
33 41
24 52
0 33
19 1
0 28
40 10
0 57
49 30
9 20
14 54
27 8
34 35
18 43
51 2
24 30
33 2
58 54
30 13
28 41
23 41
12 54
28 25
16 52
35 42
30 20
50 10
47 6
41 4
13 46
54 47
34 17
30 8
23 51
