#qgen
115
2
15
24
29
24
9
23
21
13
7
13
21
22
17
30
10
21
6
4
20
21
17
5
9
5
5
15
31
17
29
5
31
24
4
9
18
5
15
16
14
19
21
4
27
7
31
20
16
22
21
4
26
27
6
14
17
4
30
25
27
7
21
6
13
8
15
30
3
29
26
27
20
25
8
3
9
25
28
13
29
1
3
14
31
19
29
20
26
18
16
10
31
8
25
1
29
19
28
14
15
8
26
20
30
17
15
6
20
4
25
25
12
26
4
18
256
1 0
1 2
1 3
1 4
1 5
6 0
1 7
8 5
1 9
10 1
1 11
12 8
13 8
6 14
11 15
16 0
8 17
13 18
7 19
20 19
21 8
22 20
23 22
23 24
24 19
23 25
10 26
27 24
22 28
21 29
30 8
19 31
32 26
33 26
34 26
6 35
36 29
12 2
37 28
38 6
28 17
39 0
1 40
41 7
42 20
43 31
8 44
1 30
25 45
46 26
1 47
6 48
49 25
1 50
3 51
10 30
49 52
36 22
3 45
53 31
5 54
55 20
56 8
57 54
11 24
1 58
59 7
6 60
8 61
1 60
20 31
41 28
1 57
21 62
47 63
64 26
12 43
1 65
66 31
61 54
45 67
37 68
1 69
21 70
41 71
69 7
34 58
38 72
38 73
68 44
32 20
69 47
4 40
28 74
46 75
20 67
76 33
61 77
46 24
49 78
68 79
61 52
21 25
80 75
41 8
8 59
28 78
81 22
49 11
82 6
83 19
74 84
85 53
21 31
86 20
87 26
44 26
88 70
37 2
4 26
40 52
23 66
61 83
46 89
90 72
67 35
84 91
28 65
25 74
25 92
16 93
55 21
18 12
94 38
56 20
22 43
51 95
89 61
96 52
79 74
78 95
96 95
67 84
97 48
21 40
8 63
49 6
58 62
1 77
54 11
68 98
44 95
99 39
92 47
20 87
28 95
100 12
19 101
102 83
44 92
48 95
10 87
82 101
70 103
67 54
16 104
19 14
79 26
1 101
82 92
37 21
83 95
81 101
66 8
46 44
17 26
20 71
105 52
97 102
21 106
75 77
67 107
78 79
56 26
108 28
81 10
80 77
65 47
56 25
109 68
71 19
3 107
110 100
42 11
81 111
78 52
69 24
68 6
8 40
88 25
1 103
28 35
22 86
88 89
82 43
112 85
79 11
105 72
105 47
23 8
9 41
36 113
93 112
96 1
92 98
61 26
23 15
92 71
48 3
89 45
81 50
94 21
51 107
56 49
36 30
56 43
24 111
88 73
52 101
55 33
20 79
55 98
110 89
105 45
50 98
38 75
39 97
69 95
25 83
13 71
113 98
40 50
102 52
88 92
45 106
49 92
23 65
67 114
34 45
65 26
48 26
12 88
89 57
28 6
94 71
16 100
