#qgen
82
19
30
6
16
30
19
28
29
17
9
18
19
24
23
5
32
29
32
8
25
4
25
21
14
6
30
13
22
2
25
30
31
1
18
3
12
27
28
3
4
7
8
17
31
3
11
25
13
23
7
27
8
3
9
7
16
27
24
21
17
3
8
22
7
26
6
3
21
30
9
31
5
22
19
4
32
30
9
7
25
21
7
128
0 1
2 1
3 1
4 1
5 1
6 1
7 1
1 8
9 1
1 10
11 1
12 1
1 13
1 14
1 15
1 16
17 1
1 18
19 1
20 1
1 21
0 22
23 1
24 1
1 25
1 26
1 27
28 1
1 29
1 30
31 1
1 32
18 14
1 33
34 25
35 1
36 1
37 1
1 38
1 39
40 1
7 37
1 41
42 1
1 43
44 1
7 45
7 18
46 1
47 1
48 1
49 1
50 1
51 1
52 1
53 1
54 1
25 14
1 55
17 22
29 56
37 29
47 57
58 1
57 45
59 1
1 56
57 1
1 45
60 1
58 53
1 61
1 62
1 34
63 1
8 32
64 32
64 8
64 65
64 66
7 66
66 18
66 29
65 66
37 66
66 45
66 14
66 34
66 67
67 45
47 67
47 68
67 29
9 67
67 56
66 68
57 67
67 18
68 13
68 69
68 70
69 1
69 71
69 72
71 45
71 34
60 71
66 71
67 71
64 71
11 72
11 73
74 11
75 74
75 76
76 68
75 17
75 73
75 77
75 78
75 79
78 68
78 80
77 80
80 26
78 81
81 18
80 63
