#qgen
112
7
9
5
21
29
6
18
11
30
17
8
30
25
24
18
16
2
30
9
27
21
5
4
21
4
28
9
1
13
27
30
26
29
3
15
23
24
2
2
9
22
28
25
22
4
28
14
6
28
18
23
32
32
4
19
3
1
10
4
2
5
10
7
23
21
26
25
18
22
8
19
21
26
30
7
27
22
10
7
28
5
16
10
28
17
27
7
29
15
30
16
5
3
25
30
21
4
16
30
13
19
21
5
5
32
26
21
24
16
7
30
25
256
0 1
0 2
1 3
4 1
5 2
0 6
2 7
8 3
7 9
8 10
11 10
8 12
13 10
12 14
15 12
7 16
0 17
17 18
19 2
20 14
21 17
22 1
13 23
23 24
8 25
4 10
0 26
27 22
28 3
29 25
30 21
14 31
31 32
8 33
2 14
22 34
25 10
35 20
8 34
1 10
36 18
5 19
30 37
19 13
1 38
39 25
37 40
1 25
41 24
5 42
43 34
44 19
36 12
18 16
45 18
39 31
46 26
37 20
25 47
48 38
17 49
15 50
39 13
51 15
30 41
20 34
1 52
53 50
1 54
15 55
56 1
30 57
58 24
48 59
59 60
29 38
58 31
61 49
45 33
62 10
2 63
22 61
64 38
61 19
45 62
5 14
15 1
22 65
57 33
35 37
12 66
64 65
67 62
30 53
17 31
68 33
66 69
20 70
71 33
1 72
40 73
74 38
37 65
39 10
44 33
36 75
45 64
8 68
30 61
21 60
39 21
40 34
50 70
15 3
70 76
43 38
12 74
1 77
2 10
78 52
79 39
18 80
61 50
81 38
59 82
7 63
13 41
67 56
30 64
66 54
83 59
84 10
29 82
29 70
22 60
2 50
5 61
8 9
13 62
83 38
85 33
50 38
12 25
21 42
44 50
29 10
0 86
73 87
13 50
88 3
67 49
66 89
34 23
36 90
33 82
22 16
44 91
49 92
5 63
13 59
46 37
85 93
25 32
24 3
29 39
57 94
8 18
36 95
88 96
22 82
11 12
58 33
0 97
45 25
98 68
46 53
60 38
72 99
43 57
60 100
0 95
27 82
46 77
25 89
1 90
67 16
44 58
49 91
1 101
57 81
102 90
40 66
54 90
103 23
46 95
16 90
44 13
67 99
61 95
72 12
17 65
84 1
48 77
48 17
30 48
63 41
1 12
5 85
37 86
79 44
78 104
38 80
45 8
43 50
48 0
13 12
83 81
46 85
104 89
0 20
50 33
105 85
79 40
20 93
22 106
22 70
105 38
39 83
95 16
27 38
98 60
35 93
60 31
64 37
98 62
0 35
15 93
67 107
5 108
61 102
38 101
39 1
80 26
58 50
46 109
29 33
110 95
43 87
23 10
85 87
43 89
47 54
78 111
20 109
45 2
43 19
