#qgen
108
30
30
24
4
7
30
13
6
29
19
15
25
4
22
13
20
3
19
20
31
3
5
6
7
10
17
24
23
14
16
6
28
4
15
8
3
16
2
4
26
9
6
31
1
3
5
4
5
22
8
22
23
26
28
15
7
11
4
8
26
20
16
18
9
5
30
14
12
31
30
3
31
8
30
17
14
17
24
26
11
9
9
31
9
4
25
17
25
6
32
14
2
29
9
11
7
25
31
10
15
7
23
25
23
4
29
21
13
256
1 0
2 0
2 3
1 4
5 3
2 6
5 7
8 4
9 6
10 9
10 11
11 12
13 4
14 12
15 14
3 16
9 17
5 18
5 19
9 20
21 15
2 1
9 22
23 0
15 17
13 24
2 25
7 26
18 27
20 28
21 8
9 29
18 4
7 24
27 17
30 29
18 31
32 14
33 15
10 34
15 35
36 15
9 37
38 35
13 39
40 8
41 4
1 29
33 23
17 42
43 20
18 16
21 44
1 26
18 45
46 8
27 45
47 22
24 48
49 14
13 14
0 50
51 36
52 23
11 38
39 17
23 53
51 54
55 54
56 4
14 29
21 27
57 31
40 32
27 19
58 3
58 59
60 29
5 27
33 31
17 4
49 35
61 4
59 35
39 62
30 38
60 63
31 19
8 64
65 29
46 66
52 29
67 29
32 57
7 68
69 55
3 44
40 70
71 52
3 19
52 72
10 73
31 74
67 27
63 75
2 45
76 35
64 72
38 44
47 77
67 31
47 78
26 79
41 80
26 42
39 12
63 15
24 42
41 54
32 29
3 81
40 30
7 45
62 38
9 30
82 15
83 31
13 84
3 85
23 54
39 18
86 70
41 61
87 85
81 25
88 37
2 89
7 90
33 57
91 42
86 92
9 42
47 29
26 88
93 69
41 2
59 50
13 40
31 37
63 29
57 63
39 37
5 94
1 27
17 19
72 17
18 35
89 73
80 38
31 22
23 20
2 67
20 89
62 6
2 56
67 87
52 89
5 95
72 4
21 40
60 70
7 3
36 67
21 60
33 72
32 64
80 26
63 20
77 61
3 18
83 84
60 43
44 96
24 4
48 53
63 4
23 63
7 64
2 30
97 6
98 35
24 43
24 9
39 1
91 36
13 32
89 85
23 99
79 20
3 22
76 65
13 100
8 19
41 30
76 42
49 70
7 72
11 50
88 9
76 1
67 15
101 8
75 50
4 102
95 14
32 87
9 16
49 96
45 65
12 38
74 73
57 18
46 93
7 11
21 32
61 20
67 22
20 29
103 63
61 64
41 24
51 93
8 42
39 88
18 37
67 104
66 23
29 96
7 52
40 57
32 72
27 105
71 63
35 19
50 35
9 12
91 106
66 53
65 0
43 61
105 4
75 107
5 45
61 72
77 4
39 30
