#query
64
K
A
A
S
Q
T
L
Q
V
Q
A
P
L
T
E
E
E
L
E
W
A
P
F
V
Y
T
H
R
T
L
A
T
F
L
E
V
R
L
K
F
K
T
D
T
H
E
N
K
L
D
T
Q
S
A
D
R
Q
G
A
N
F
V
L
P
256
0 1
1 2
2 3
0 4
5 1
2 6
5 6
7 2
2 8
4 6
4 2
5 9
8 10
11 1
6 12
13 12
14 4
11 9
14 11
7 11
7 8
15 9
16 9
17 12
8 12
3 18
19 0
16 20
5 21
18 22
19 23
8 6
20 24
16 21
15 25
11 0
23 4
16 26
18 27
24 22
24 28
24 29
20 30
6 27
31 28
32 5
20 33
12 34
8 34
19 35
36 11
7 37
20 13
7 38
14 39
17 24
18 40
41 7
42 24
43 29
44 38
0 5
19 45
1 8
46 38
27 12
15 47
11 10
23 9
38 36
48 33
44 48
49 22
20 29
16 50
43 33
1 3
51 21
40 12
19 10
8 3
5 51
37 21
5 10
35 5
39 23
35 26
21 10
52 34
35 37
12 50
6 37
26 25
17 30
52 33
6 49
21 9
46 32
53 12
46 54
30 12
54 32
16 37
38 55
28 12
19 26
15 23
42 56
41 49
21 26
3 21
51 18
11 23
39 16
6 33
10 26
57 55
28 34
39 36
46 6
56 32
20 50
58 57
50 10
16 59
35 21
6 30
14 9
25 47
44 55
44 37
19 60
27 48
40 27
56 41
16 32
8 50
24 33
61 37
7 36
61 8
10 60
14 26
39 56
20 17
16 36
19 32
42 62
20 34
36 25
14 0
52 24
33 10
24 57
39 5
58 30
4 22
51 8
11 26
5 3
61 49
6 24
27 30
43 62
15 39
8 21
22 55
7 63
17 56
1 6
8 37
27 53
17 34
3 6
38 32
35 34
61 33
41 11
5 22
13 34
2 58
30 48
32 4
61 24
19 5
61 36
14 60
38 49
6 58
37 50
1 18
40 30
35 42
20 12
24 12
37 24
36 23
39 32
20 43
39 60
42 17
2 22
49 48
4 51
18 30
2 21
19 8
41 55
38 63
58 29
61 2
34 21
35 50
42 21
16 33
19 11
2 37
32 11
58 49
42 41
20 37
23 45
42 5
45 8
62 29
7 32
61 48
42 37
0 21
62 53
46 57
43 28
32 50
15 36
63 36
19 56
44 36
14 5
35 12
52 17
39 9
43 13
36 59
57 49
35 51
20 21
14 23
52 28
58 33
1 22
32 22
20 62
61 41
63 32
32 8
29 12
