#query
61
Q
N
P
S
L
S
P
P
C
N
W
I
D
A
Y
Y
V
I
E
L
V
W
G
T
R
A
Y
S
M
S
E
E
Q
L
T
V
A
I
I
K
G
P
H
K
P
Q
T
T
R
T
F
T
P
A
R
A
Q
A
F
R
K
128
1 0
2 1
3 2
4 2
5 4
6 3
3 1
7 0
6 8
9 0
10 8
11 8
12 9
10 13
3 0
14 12
15 8
16 2
17 12
7 8
18 1
19 1
6 20
8 21
22 19
8 23
14 24
9 25
1 26
27 19
19 28
22 15
1 20
29 25
9 26
27 15
26 20
9 1
17 30
16 31
11 32
7 4
33 14
7 26
9 31
16 8
4 16
9 16
34 29
11 28
35 8
25 36
36 37
20 28
7 38
39 19
22 23
11 6
16 32
40 21
4 41
39 6
40 13
7 41
16 26
34 42
32 23
15 19
43 8
44 8
7 45
19 32
38 37
7 46
1 32
15 23
2 28
46 47
48 27
49 42
50 4
44 32
51 46
35 20
33 10
23 52
49 41
18 28
50 8
17 24
39 21
37 10
46 30
39 23
14 38
18 23
44 6
17 45
9 32
49 47
49 53
53 31
37 54
49 29
29 2
17 47
11 22
15 18
34 1
41 45
55 36
48 28
9 56
55 1
27 28
9 57
44 58
50 14
33 49
7 51
7 59
37 58
14 42
60 15
47 5
48 58
39 52
7 17
