#query
118
G
Y
S
V
D
G
N
Y
I
V
I
K
Y
E
R
K
V
R
A
A
G
L
W
A
D
V
K
T
D
P
R
A
A
K
L
T
N
D
V
L
Q
A
T
Y
S
D
A
A
L
Q
L
N
Y
K
K
I
G
G
L
G
V
H
L
R
S
K
V
E
A
K
R
I
K
N
I
E
D
I
I
L
E
I
G
E
R
Y
F
A
S
A
F
E
S
E
R
R
K
R
D
V
Y
N
D
E
H
R
V
V
Q
N
M
E
I
H
Y
Q
S
D
256
0 1
0 2
1 3
0 4
5 2
6 3
4 7
6 8
9 7
10 9
6 5
0 11
6 12
0 13
7 14
15 6
14 16
17 14
12 18
19 7
20 19
6 1
21 13
22 14
4 23
24 19
14 25
26 2
26 5
27 18
28 1
29 6
30 10
27 31
20 32
29 33
34 24
35 19
22 36
12 31
10 22
10 16
37 20
35 37
38 6
39 17
31 40
41 4
28 4
38 42
4 43
38 44
15 45
27 46
3 47
33 48
17 49
50 11
17 51
43 14
24 52
29 53
54 18
26 55
22 56
27 57
22 58
34 59
60 5
24 14
47 61
62 43
63 14
42 45
26 41
7 64
24 20
53 6
12 65
60 66
34 58
67 44
68 12
69 47
10 70
71 57
15 72
65 73
66 21
61 14
74 3
75 69
30 76
77 49
50 44
43 78
79 7
80 78
4 55
52 18
80 56
61 64
81 66
55 64
53 54
69 82
39 83
49 84
15 62
76 85
64 86
87 71
17 70
41 13
88 18
34 25
41 61
38 89
23 64
67 37
12 2
90 27
90 71
50 1
29 42
68 33
85 51
91 32
65 92
61 63
12 62
52 70
93 77
90 94
60 81
69 78
50 61
36 95
30 96
69 79
97 64
89 71
67 87
38 53
21 78
61 98
54 65
14 99
83 100
101 8
87 18
102 95
56 63
24 91
2 1
39 52
80 77
83 103
48 61
88 15
66 89
50 86
82 23
32 104
24 10
66 44
51 49
101 46
67 79
42 105
47 4
74 66
23 93
81 103
15 42
106 9
41 63
30 85
77 51
38 81
74 89
39 100
66 48
35 95
22 78
85 106
91 77
23 63
53 52
107 48
75 21
98 58
77 108
31 109
87 53
42 81
69 13
15 110
28 3
94 46
32 14
95 100
65 94
36 77
42 62
111 22
24 103
104 80
74 67
28 43
55 59
88 42
67 71
112 106
20 79
113 111
81 52
99 94
50 13
60 34
27 92
43 35
55 34
96 75
12 114
17 32
69 115
0 28
42 27
67 29
26 66
37 25
53 100
35 10
71 18
26 61
81 31
50 33
26 43
50 66
116 35
79 78
26 3
68 81
56 117
13 11
80 58
91 10
24 39
6 71
116 107
13 55
97 16
79 80
90 40
26 1
