#query
58
I
E
A
P
R
R
R
P
L
A
L
F
K
R
Y
S
E
F
V
E
S
R
V
R
V
F
S
K
G
I
V
K
V
E
A
Q
L
E
K
D
E
V
A
T
G
K
V
R
Y
V
E
V
F
I
Y
E
R
A
128
1 0
0 2
3 2
2 4
0 3
1 3
1 5
6 0
7 4
6 8
9 8
10 6
11 8
12 3
11 13
6 14
4 15
12 16
17 3
4 11
18 12
18 16
19 15
20 8
20 21
22 9
12 17
23 8
23 10
23 24
21 25
26 8
10 24
27 2
24 21
1 12
2 20
24 18
24 1
28 16
24 29
11 30
4 8
11 31
20 32
33 25
23 6
29 30
23 30
20 34
35 20
17 7
36 14
29 37
10 8
22 14
35 34
22 18
30 38
24 11
34 21
29 39
10 15
1 30
32 36
9 24
3 4
9 40
41 13
8 41
42 7
35 8
43 3
13 21
8 44
15 45
42 46
10 47
5 25
5 48
8 47
9 49
12 38
45 44
1 25
47 14
28 30
12 37
40 50
4 5
20 15
35 13
18 48
35 51
49 16
46 52
1 16
45 53
48 38
39 54
40 47
2 15
4 20
34 25
22 47
49 11
34 8
6 2
34 55
39 28
5 21
43 27
33 13
36 29
1 42
26 32
18 38
24 16
30 21
26 45
56 38
23 57
36 45
35 31
10 18
8 55
15 8
23 1
