#query
119
H
W
E
Y
W
D
A
L
V
A
V
E
N
R
F
N
M
H
R
F
M
N
F
A
T
N
A
M
T
K
S
I
R
W
D
V
V
L
Q
I
L
R
G
M
V
A
Y
G
E
F
A
A
F
R
L
P
A
E
D
Q
K
W
V
E
S
D
R
R
H
Q
S
N
V
D
L
I
E
D
R
G
R
D
Q
V
R
H
Q
S
L
D
L
A
G
A
T
V
V
I
I
H
E
L
V
Q
A
A
S
E
N
I
M
G
K
N
H
P
L
V
V
256
1 0
0 2
2 3
3 4
4 5
6 5
4 7
3 8
9 7
10 6
3 11
10 12
9 13
13 14
14 15
16 7
4 17
18 15
6 19
20 7
21 14
22 7
21 23
21 16
19 24
1 25
26 4
1 27
28 16
7 19
29 17
5 30
13 31
32 10
33 6
13 21
34 22
35 8
36 24
16 5
37 27
38 16
39 35
20 6
11 40
41 8
37 42
43 36
14 16
44 22
45 11
8 46
18 28
28 38
47 46
48 8
33 19
13 49
27 50
51 4
20 4
43 52
33 53
15 54
42 55
18 16
56 29
1 24
6 52
57 26
33 36
3 44
23 58
23 59
60 11
33 7
13 18
61 44
26 62
63 59
64 31
5 24
14 65
42 66
67 58
58 68
55 30
69 29
70 12
71 69
72 16
47 73
15 70
9 20
74 14
67 75
75 40
33 76
11 46
77 68
78 28
79 72
79 80
43 2
81 36
82 4
66 83
55 27
8 84
85 40
32 86
87 79
34 88
14 52
89 19
90 74
27 19
87 90
26 29
64 74
61 40
69 54
64 21
9 76
67 10
84 46
44 69
91 43
26 76
92 47
93 85
44 9
72 31
89 13
94 63
95 55
73 84
96 2
72 18
51 63
97 21
97 63
98 47
56 99
41 100
11 8
82 69
19 30
101 95
33 30
26 6
34 82
41 61
89 27
41 53
78 102
83 74
14 17
85 44
96 69
22 20
36 50
103 64
104 12
105 97
106 60
37 95
107 86
54 7
13 28
51 16
96 53
97 94
11 47
66 49
36 19
43 56
103 74
37 66
102 50
81 25
85 92
96 89
108 77
70 58
36 7
67 70
83 90
13 105
103 97
85 98
70 104
102 64
104 26
77 71
50 80
59 10
79 90
108 109
110 49
89 111
22 54
106 8
33 4
99 22
43 102
98 92
33 99
18 58
97 74
59 4
60 47
53 13
112 106
87 13
76 29
108 12
89 50
113 58
70 57
96 7
102 13
72 97
113 114
33 56
101 115
116 84
35 60
108 71
102 14
55 7
82 7
117 98
16 10
61 4
5 17
45 53
71 78
81 5
109 77
102 83
97 16
25 22
11 44
0 5
74 16
25 2
34 3
99 118
103 28
85 53
86 94
23 16
51 10
2 99
34 56
