#query
64
S
K
S
N
T
A
S
Q
E
V
H
A
N
L
I
L
A
T
P
E
S
R
Q
N
S
N
R
Q
D
Q
P
E
T
R
V
Y
M
D
T
R
E
A
F
E
T
F
E
Y
I
D
R
G
M
N
A
T
E
C
Y
D
G
R
E
N
256
0 1
2 1
1 3
4 0
4 5
2 6
3 7
8 3
4 9
3 10
6 1
2 11
12 11
13 12
4 14
15 6
6 16
2 8
17 1
18 11
0 5
1 19
17 20
21 17
4 22
13 5
23 3
15 10
15 14
2 15
17 24
9 25
3 5
3 20
17 26
25 22
12 6
15 27
28 0
2 7
23 29
21 30
31 19
24 32
13 33
15 34
33 35
36 11
37 9
37 34
28 19
38 26
37 39
13 10
8 40
41 19
42 17
43 30
23 1
44 19
44 17
38 24
38 30
2 19
16 45
46 24
3 19
47 41
19 39
3 11
42 48
37 45
31 37
17 7
13 49
50 32
0 3
20 7
6 29
2 41
51 24
4 8
46 50
9 52
26 53
52 19
40 5
54 47
16 52
23 25
15 9
29 37
38 55
23 39
11 45
42 35
2 4
15 41
6 37
21 26
7 40
56 53
18 23
29 9
18 4
15 57
33 30
38 58
48 2
51 58
42 23
1 20
52 39
4 11
38 2
47 57
42 44
41 1
15 47
28 5
36 21
38 28
6 52
21 5
54 2
28 59
15 19
54 15
23 19
36 17
44 15
23 8
4 1
39 57
60 18
17 4
20 56
17 14
50 51
60 4
2 14
23 14
18 25
20 26
23 22
15 11
4 6
11 57
12 31
7 19
48 3
44 52
17 39
23 47
28 14
46 40
31 44
33 61
40 19
35 39
54 57
13 61
52 27
17 3
13 46
4 10
54 27
48 30
35 30
5 11
6 41
28 10
8 62
48 36
28 2
49 5
50 7
18 28
36 39
15 37
26 56
12 5
60 54
55 43
33 28
41 0
21 7
44 35
29 63
48 41
18 38
23 9
3 53
6 39
36 5
12 39
28 23
17 10
42 36
29 16
13 44
44 6
17 58
38 17
22 57
46 36
15 1
36 30
47 0
11 14
49 61
7 59
8 53
41 8
24 58
51 30
20 5
18 55
33 24
38 32
48 4
60 57
38 36
14 45
60 27
30 24
12 44
54 48
13 31
61 7
23 27
33 53
10 19
38 43
55 28
18 19
6 22
44 23
35 28
7 51
33 3
9 57
33 59
47 45
54 4
6 19
48 43
12 10
31 16
2 20
31 11
42 28
54 14
23 45
6 11
3 62
