#qgen
57
22
5
9
8
2
17
22
4
19
22
10
22
10
27
25
23
20
4
31
23
26
32
15
19
18
6
7
30
11
31
2
5
21
6
31
17
23
13
19
10
23
21
26
23
24
18
2
14
17
21
16
21
22
28
21
23
1
128
1 0
1 2
1 3
1 4
5 1
6 1
1 7
5 8
5 9
10 1
5 11
11 5
12 5
13 5
14 7
15 11
1 14
1 16
17 2
18 12
15 19
1 20
8 21
1 22
4 1
11 23
18 8
24 18
14 16
19 15
19 11
21 15
1 25
26 25
1 27
22 16
10 28
29 1
18 11
30 1
23 12
1 31
32 21
1 33
34 17
9 8
28 35
21 32
11 8
36 1
13 37
32 5
22 7
1 38
15 5
14 28
39 14
26 28
23 11
7 40
15 21
16 1
41 1
32 19
1 42
5 19
12 23
18 23
43 8
0 1
28 44
45 28
1 36
28 14
40 39
46 25
47 39
28 36
13 43
21 8
1 6
1 40
32 18
9 21
1 48
49 34
39 47
19 50
51 24
11 9
1 47
8 9
14 17
2 1
1 30
17 28
9 19
14 46
23 5
26 52
14 26
1 53
19 32
16 22
50 18
19 18
19 8
18 50
37 13
54 28
1 34
40 14
37 32
50 19
46 40
53 55
17 34
34 49
19 23
8 18
15 8
19 51
51 23
56 28
28 41
26 39
14 40
56 1
