#qgen
103
22
5
9
8
2
17
23
4
23
27
29
21
10
30
19
7
10
23
31
21
31
17
32
14
32
20
31
22
19
7
1
31
22
19
2
21
18
25
25
24
3
26
22
26
31
32
24
8
4
5
23
29
20
17
18
16
27
16
19
32
20
4
14
10
11
4
12
25
31
3
11
5
2
23
20
9
8
16
5
18
22
31
20
16
27
20
23
21
28
21
30
21
21
10
13
22
7
10
27
15
18
9
19
256
1 0
1 2
1 3
1 4
5 1
6 1
1 7
8 5
8 9
10 5
8 11
12 8
8 13
14 8
9 15
16 14
17 1
1 18
19 8
20 15
19 21
5 22
15 12
1 23
8 24
15 25
15 14
26 24
20 27
25 28
20 29
30 26
5 31
31 32
28 5
32 26
20 33
8 34
20 34
35 8
34 20
36 5
27 31
16 5
37 25
38 15
39 30
31 27
16 40
10 28
22 41
14 34
15 42
1 43
14 44
45 24
46 26
47 31
27 21
15 22
48 26
8 49
50 8
51 29
52 7
14 53
54 24
55 28
31 16
56 55
57 39
49 54
8 58
47 27
58 59
60 39
61 59
49 62
42 26
63 20
6 64
2 65
66 35
24 66
55 5
67 63
68 64
39 69
45 53
70 25
71 69
72 20
29 73
10 59
5 55
34 74
75 24
29 33
30 15
76 48
29 56
73 7
77 39
34 60
62 38
57 38
24 54
69 35
28 78
67 60
1 79
78 31
80 64
60 40
75 81
78 82
38 49
72 66
58 40
31 22
24 63
40 66
53 45
83 64
84 56
85 50
30 67
45 14
19 78
86 56
78 87
58 85
69 62
39 51
49 26
49 29
88 17
58 89
11 27
58 56
82 45
66 11
34 24
39 49
59 69
85 22
75 38
27 66
21 19
19 39
59 61
48 44
78 90
50 31
38 81
69 54
74 20
12 58
1 88
81 39
87 85
86 91
48 27
62 81
39 81
68 92
25 30
89 69
51 75
32 31
82 49
70 27
60 48
10 50
9 38
33 51
31 28
58 50
8 54
58 81
8 37
66 90
29 86
5 15
72 27
10 26
59 81
69 58
20 82
74 59
35 27
66 19
69 59
78 89
14 54
85 27
93 64
34 59
26 47
44 74
12 27
14 15
15 11
90 66
21 66
19 27
29 94
60 67
8 61
33 81
44 60
10 11
58 28
20 14
14 16
93 95
30 21
3 64
75 58
58 42
92 64
20 69
90 89
67 49
44 16
13 58
39 15
62 14
78 53
45 75
64 80
82 75
96 64
97 7
64 98
67 15
24 74
25 46
62 8
67 26
99 93
57 69
34 44
29 27
100 97
55 84
27 85
22 87
101 58
19 61
52 1
48 49
38 66
1 102
53 27
76 66
