#qgen
57
21
10
23
25
21
16
26
8
8
1
2
27
19
10
10
20
12
16
23
6
9
14
21
12
23
12
8
11
9
22
11
28
1
13
5
15
18
4
8
14
14
15
4
14
7
12
2
31
18
22
15
3
19
14
5
1
12
128
1 0
1 2
3 2
3 4
5 4
6 4
4 7
3 8
9 3
3 10
11 2
12 3
13 1
14 1
15 3
16 3
13 17
18 2
19 3
17 13
20 2
14 13
3 21
9 22
23 7
3 24
25 8
0 26
4 5
27 3
28 4
2 3
14 0
3 29
15 30
30 27
31 2
6 23
4 32
28 33
26 0
26 14
21 3
2 25
34 17
0 35
13 8
11 29
8 2
2 36
32 4
37 3
37 38
37 39
40 2
41 16
3 42
38 32
18 43
25 21
29 3
41 3
37 29
24 3
10 13
13 34
3 37
38 23
44 2
27 23
16 38
3 45
23 4
2 40
4 3
46 3
2 43
45 47
45 48
49 3
2 50
7 6
38 28
2 1
4 51
46 38
51 27
13 44
51 30
51 4
42 3
2 20
30 23
2 17
4 9
3 23
23 52
38 21
53 0
38 54
15 4
28 38
2 34
47 45
37 49
9 4
3 55
48 46
52 4
25 2
3 49
38 9
16 56
0 14
26 13
48 55
55 38
3 9
38 10
20 25
23 27
36 38
28 51
4 28
45 38
2 44
43 18
44 13
