#qgen
109
19
2
8
25
13
11
2
31
31
19
32
30
17
25
29
30
15
13
18
10
1
6
22
19
31
9
6
20
2
29
32
8
24
32
4
5
4
23
22
2
32
30
10
32
10
19
11
17
14
4
2
16
24
12
23
6
22
20
19
25
18
32
26
5
16
10
26
5
24
32
24
4
29
1
20
17
14
13
22
15
9
9
7
4
17
19
13
1
17
3
21
15
29
11
10
11
28
25
23
17
12
13
10
30
14
9
6
14
23
256
0 1
1 2
2 3
4 1
5 1
1 6
7 1
3 8
2 9
10 2
1 11
8 12
13 1
4 14
0 15
16 8
17 2
1 18
19 9
0 20
2 21
22 1
8 23
24 1
25 1
26 1
1 27
28 1
29 1
30 8
5 31
32 5
33 17
34 2
1 28
35 1
5 36
37 5
19 38
19 39
40 38
41 37
42 9
43 1
44 5
45 9
45 46
33 47
19 45
48 29
39 49
1 50
1 39
8 51
13 2
2 52
18 39
53 3
54 5
39 55
0 56
47 57
58 4
40 59
50 2
8 19
1 60
19 61
55 48
48 62
9 23
47 45
40 63
64 1
1 51
65 3
66 39
56 0
67 1
59 9
40 47
68 0
25 15
47 69
57 8
40 70
41 1
61 1
71 1
57 9
70 72
73 1
8 61
5 72
74 0
45 19
39 75
1 26
5 76
33 28
76 77
78 48
17 28
45 55
1 79
59 18
55 1
48 67
19 80
4 81
8 10
33 8
81 4
1 82
5 83
51 40
48 84
61 8
72 70
1 48
1 29
65 85
2 55
49 8
39 3
57 2
2 86
1 87
17 3
12 88
40 48
3 65
8 89
90 5
1 70
9 17
0 91
3 85
5 77
22 85
28 13
42 53
92 1
60 48
46 59
9 59
85 22
89 28
93 77
18 59
42 33
93 90
94 14
58 95
52 8
89 47
57 1
55 19
89 57
72 5
2 8
57 28
19 33
19 17
1 62
33 53
1 55
1 10
75 96
8 59
46 33
97 8
86 2
61 47
5 32
98 0
95 4
90 93
33 42
28 3
17 53
8 9
42 3
18 1
4 58
47 39
77 93
77 5
99 5
71 48
59 39
16 42
55 9
36 5
27 1
17 42
1 100
2 97
40 19
96 101
18 48
5 102
55 8
45 57
96 1
74 44
46 45
59 8
103 39
9 39
39 66
5 101
59 101
99 104
42 8
2 88
39 45
38 5
42 16
51 1
55 2
16 3
46 26
39 103
59 26
45 42
46 3
39 33
105 78
64 96
30 66
13 47
75 2
60 1
4 51
5 93
70 94
1 71
45 47
26 59
16 17
9 61
90 106
8 33
9 42
83 5
42 17
2 12
43 48
82 1
47 3
94 104
8 42
74 85
107 30
1 108
