#qgen
44
24
25
18
9
31
9
29
26
20
31
10
22
16
26
24
21
24
26
22
29
6
29
23
7
4
25
18
19
30
17
19
14
7
21
13
25
14
5
14
3
18
20
13
31
128
0 1
1 2
3 1
4 1
1 5
6 3
2 7
6 8
1 9
2 10
2 11
1 12
13 1
6 14
15 3
8 1
14 16
16 17
10 18
10 16
19 16
20 1
21 3
11 16
22 10
11 23
22 24
25 19
17 26
7 27
25 22
28 25
21 14
6 22
10 6
29 26
2 6
24 30
17 23
24 2
7 6
31 1
23 6
28 14
16 14
19 22
22 30
30 10
18 19
10 25
5 1
15 14
22 14
29 10
32 5
33 3
34 1
20 4
35 1
26 36
17 16
1 37
25 30
28 6
7 21
5 14
32 6
14 26
2 27
1 38
24 39
32 11
2 32
34 2
27 2
28 22
1 40
1 24
22 7
21 26
14 34
12 26
34 8
41 3
26 1
30 19
11 24
29 5
1 15
23 17
6 2
32 19
29 19
2 1
17 1
28 1
8 10
10 34
34 19
15 26
28 11
26 15
2 15
27 19
30 25
8 39
27 14
30 28
24 10
1 42
30 18
6 1
14 28
26 2
8 43
18 21
1 31
39 36
1 19
1 10
29 17
5 32
39 24
10 11
8 11
1 18
16 18
26 24
