#qgen
105
24
25
18
5
17
7
8
22
11
6
10
7
2
7
1
20
9
8
14
25
7
22
24
32
24
25
23
18
4
15
30
21
29
26
22
21
6
29
28
14
17
9
2
19
31
27
23
29
29
3
3
20
27
21
17
5
11
13
3
29
4
6
3
13
24
18
31
24
5
20
5
19
8
8
12
26
10
23
14
25
8
25
3
15
29
20
8
29
22
5
5
27
7
16
14
14
6
13
26
19
14
29
30
2
18
256
0 1
1 2
2 3
4 1
5 1
6 2
2 7
8 2
1 9
2 10
2 11
1 12
13 1
2 14
2 15
16 1
13 17
17 18
19 3
20 2
21 16
1 22
2 23
16 7
6 24
11 25
26 25
25 27
24 28
29 2
30 27
30 31
25 24
32 2
33 8
33 34
2 35
36 32
28 37
38 2
11 27
21 1
11 39
40 27
27 41
42 31
43 33
25 37
44 30
45 24
2 25
28 45
39 27
35 24
35 7
46 2
2 26
47 2
2 48
39 40
43 28
1 35
36 49
50 12
16 51
33 6
11 28
27 52
2 20
27 1
53 35
26 31
2 28
54 2
42 2
55 34
1 32
44 1
56 16
33 35
37 27
27 33
24 26
57 2
39 1
58 32
26 59
8 18
51 1
60 31
18 2
33 37
33 61
2 62
2 38
2 63
24 27
25 32
34 64
30 28
65 27
42 29
27 2
34 66
47 67
24 43
40 28
58 68
26 28
1 69
33 63
2 69
28 60
69 2
23 67
70 32
1 27
69 71
1 72
50 1
32 73
8 74
75 45
69 25
24 45
1 34
31 38
45 76
59 26
69 24
37 26
2 77
2 78
71 33
53 79
1 80
77 2
34 26
74 81
33 43
69 27
59 33
52 82
2 60
76 71
50 11
75 59
83 78
11 41
71 75
32 1
1 84
67 2
74 85
26 71
32 45
86 0
87 2
88 27
27 50
30 69
89 1
31 35
59 34
69 39
34 27
37 43
33 0
90 1
35 56
45 33
30 37
26 88
91 28
40 75
25 26
60 78
34 44
32 24
92 2
43 32
27 30
36 2
88 69
27 26
34 75
60 28
44 26
93 59
2 49
94 1
87 27
3 95
37 33
32 11
96 1
66 8
93 1
97 1
67 16
50 69
59 37
98 91
59 16
22 27
50 39
42 99
12 70
27 59
81 8
27 87
73 2
42 100
35 48
33 2
16 32
34 25
85 38
52 58
56 20
80 84
76 63
76 69
91 2
69 30
101 2
13 8
64 63
102 15
43 16
96 8
103 2
2 54
8 85
33 27
44 27
37 1
32 17
69 50
29 49
31 32
85 18
50 59
25 30
2 42
1 93
40 59
29 60
43 75
32 36
1 97
39 44
69 28
75 76
1 104
28 2
