#qgen
54
30
26
29
10
6
24
15
23
8
9
15
25
25
29
21
22
16
22
2
17
2
19
18
7
26
28
10
32
27
9
11
24
18
5
12
29
4
5
26
9
7
14
32
13
16
16
22
8
11
25
13
29
32
10
128
0 1
1 2
3 1
4 0
1 5
6 0
1 7
1 8
9 1
10 1
11 4
12 9
13 11
14 1
13 15
16 12
17 1
1 16
18 1
19 1
0 20
21 0
22 13
19 23
24 1
25 10
16 26
27 1
0 28
1 25
22 15
1 11
29 12
30 7
31 1
1 32
20 16
33 21
34 8
11 1
35 1
23 1
1 27
2 1
35 20
1 3
1 36
36 1
6 37
23 38
39 37
10 25
37 39
26 16
4 11
40 1
26 1
32 1
31 20
37 3
12 13
12 16
27 13
37 1
1 41
0 6
7 14
0 42
33 43
1 44
8 1
5 1
37 9
35 15
20 37
25 1
38 45
34 0
27 38
46 5
45 38
23 31
28 0
37 31
31 12
11 13
1 15
47 0
48 37
7 0
49 10
12 31
45 17
1 45
0 50
0 47
33 1
14 7
20 0
1 18
15 23
12 6
38 15
1 35
1 51
9 12
17 45
1 48
14 13
13 27
23 19
13 22
37 6
45 28
32 11
1 37
6 12
31 37
1 52
5 46
38 0
45 37
1 53
48 23
1 49
1 10
31 29
13 14
