#qgen
109
30
26
9
18
5
29
16
23
7
12
18
11
14
9
27
7
27
2
29
13
26
9
15
19
26
14
25
22
5
12
16
32
21
12
17
26
26
29
32
11
15
18
18
12
12
16
29
18
32
8
5
8
27
10
29
18
24
25
28
3
22
23
7
31
30
3
21
1
24
15
4
11
16
26
25
32
2
17
29
10
11
3
18
25
15
13
11
10
10
2
4
12
31
5
24
4
30
13
13
16
10
24
11
21
31
27
13
9
18
256
0 1
1 2
2 3
1 4
5 1
1 6
7 1
8 1
9 1
10 1
6 11
12 11
13 11
2 14
12 15
15 11
6 16
17 1
18 7
3 19
1 20
1 21
14 22
23 19
2 24
25 11
19 26
27 8
1 28
2 29
30 19
31 1
18 32
33 11
34 2
4 1
23 35
28 36
24 11
23 4
11 37
8 38
2 39
8 40
31 41
42 1
2 43
11 44
45 11
46 34
43 47
17 48
43 44
44 26
49 11
6 35
11 19
50 6
51 32
52 11
53 21
22 54
55 26
10 13
2 15
1 56
18 57
1 58
53 59
27 1
60 11
28 11
32 19
32 51
61 39
62 11
63 58
1 64
52 65
66 18
67 63
51 57
68 1
69 58
70 26
71 24
7 11
72 1
71 73
35 1
51 24
59 26
43 63
35 8
1 0
1 74
11 75
21 75
1 10
15 8
39 34
76 19
39 52
8 77
7 8
54 22
46 39
4 11
32 63
31 39
78 44
32 79
80 19
61 81
32 27
2 52
21 68
74 69
11 50
73 19
1 70
78 71
71 1
57 70
16 6
2 74
77 67
53 30
61 41
1 77
82 81
83 18
70 24
75 39
50 47
84 57
53 8
21 39
81 1
18 0
85 2
75 86
39 33
50 68
58 69
11 20
57 0
13 24
6 32
11 87
88 81
11 89
88 8
33 1
43 2
26 32
11 42
80 1
19 4
65 1
35 2
4 46
65 29
57 51
49 0
13 78
39 59
11 14
88 90
81 58
11 62
3 2
54 89
1 91
1 66
41 88
92 11
1 29
2 8
80 32
47 11
93 1
1 8
39 61
11 94
8 67
11 27
88 39
75 18
95 26
58 81
47 38
96 57
97 19
21 81
81 61
76 78
6 50
93 2
98 75
99 1
71 26
2 23
1 72
33 100
8 2
45 44
1 101
32 6
81 88
63 43
33 80
87 1
51 102
103 11
35 19
1 42
78 41
15 3
24 80
11 38
91 1
8 39
51 2
53 32
53 63
104 1
30 89
105 1
75 11
26 63
8 27
100 0
51 83
10 106
38 43
1 107
1 52
68 50
32 8
1 67
52 21
90 97
13 2
11 71
94 11
44 63
57 15
108 1
1 68
1 102
60 19
62 1
11 49
44 45
54 93
