#qgen
115
9
1
2
26
19
13
6
19
9
17
30
16
17
32
29
4
23
26
1
32
19
2
5
13
19
13
3
26
2
17
5
30
29
32
1
10
24
4
21
31
10
10
16
19
27
16
18
7
12
4
16
17
30
14
13
32
4
25
10
10
3
19
16
26
28
19
12
28
30
2
12
30
25
7
10
8
24
23
10
17
25
30
23
3
9
26
18
31
15
21
9
8
6
21
27
26
24
20
5
32
22
21
21
28
16
8
31
26
30
10
30
29
27
18
5
256
0 1
2 1
1 2
3 2
3 4
3 5
5 6
7 3
8 3
5 9
10 4
8 11
12 4
13 9
14 4
5 15
16 8
5 17
4 12
3 18
19 4
4 20
21 8
4 22
23 19
5 24
8 25
26 3
5 27
28 23
29 4
28 30
25 16
31 5
32 8
25 33
34 8
35 5
4 3
36 16
37 33
16 38
39 8
40 8
41 12
36 40
3 13
42 6
8 43
9 5
9 13
44 28
45 19
4 46
40 47
16 48
19 49
12 20
21 40
50 41
51 8
40 52
40 39
3 53
5 54
55 8
41 56
49 30
57 32
46 58
8 59
32 60
19 61
47 40
62 4
61 63
64 30
56 4
8 65
3 66
19 67
61 38
38 68
42 3
49 69
46 30
21 52
16 36
4 19
4 70
8 38
19 45
67 58
71 4
20 72
45 4
36 21
73 8
58 74
8 6
6 8
75 6
76 71
39 40
4 14
41 4
52 37
40 48
25 8
4 77
42 78
61 45
65 47
79 27
72 53
41 44
80 5
81 18
82 4
75 9
25 36
23 83
47 65
39 21
37 52
38 8
68 38
84 5
65 36
65 33
47 25
83 85
79 84
25 52
64 40
15 3
37 40
21 61
47 52
86 3
46 28
31 42
58 87
41 19
5 88
46 44
89 5
21 48
5 90
91 19
50 92
46 93
3 94
37 64
43 8
46 38
53 3
4 95
83 2
96 41
41 97
89 27
41 98
62 38
4 92
21 37
46 97
49 99
3 100
31 89
62 61
30 101
8 61
93 46
4 30
83 23
46 29
64 8
102 3
103 49
46 67
91 67
60 32
97 46
101 30
1 0
33 25
48 36
4 96
27 89
19 20
49 61
4 104
5 105
28 106
86 6
52 40
15 42
4 107
68 41
75 3
3 108
15 86
52 8
64 52
20 30
85 61
19 38
48 59
97 81
8 72
39 30
91 58
104 97
19 91
25 21
90 89
3 22
5 109
81 3
30 28
40 36
63 61
39 52
71 81
20 19
110 2
33 59
96 58
4 74
38 16
71 76
46 4
48 47
6 75
3 81
8 111
23 4
67 19
4 69
4 112
53 45
41 50
1 113
97 41
67 4
40 21
41 96
5 114
41 68
107 46
47 59
18 81
47 36
53 23
42 9
