#query
61
Q
N
M
L
E
K
A
T
R
A
D
H
P
Q
M
G
A
G
L
L
T
K
V
N
V
P
Q
A
H
D
E
K
S
L
L
L
I
N
I
A
E
H
A
V
Y
D
N
S
N
A
N
A
A
S
W
K
I
Y
T
K
A
128
1 0
1 2
3 2
0 4
3 5
4 6
2 7
3 7
0 8
9 6
9 10
11 1
12 5
13 11
10 14
13 0
11 8
8 4
9 14
4 15
16 9
5 17
2 18
19 18
0 20
21 7
8 16
3 22
3 23
24 17
23 25
18 26
22 27
28 2
29 11
6 23
0 30
14 31
32 31
33 16
18 34
15 34
16 35
36 6
15 6
37 10
38 32
18 14
15 39
12 7
38 40
24 20
9 31
34 14
14 41
21 23
42 5
43 31
22 42
44 6
45 22
44 26
3 46
18 47
23 31
48 14
28 4
23 35
19 49
50 17
7 25
51 35
43 41
19 31
42 40
46 42
40 7
43 7
31 35
14 52
33 0
42 39
53 21
44 47
33 2
30 32
2 9
43 35
53 47
10 35
14 27
19 54
53 10
55 17
24 2
21 10
40 50
21 56
44 14
12 6
57 47
36 28
29 19
30 58
19 52
23 27
16 26
22 7
8 19
59 1
53 57
46 25
30 31
19 9
37 12
44 10
36 20
51 23
4 18
21 60
38 3
12 42
8 58
12 47
4 54
16 34
55 45
28 10
