#query
64
L
G
N
L
A
T
Q
A
L
T
L
L
L
V
A
V
E
I
P
A
A
Q
L
L
L
R
L
T
M
A
I
F
W
V
T
I
A
G
V
A
K
D
A
T
E
A
S
T
D
G
V
Q
M
K
L
P
A
K
A
Q
N
N
E
S
256
0 1
2 1
3 0
2 4
2 5
6 5
7 3
8 1
9 0
0 10
0 11
8 10
7 12
12 13
14 0
5 11
5 15
16 10
17 15
14 5
17 18
19 17
17 20
8 11
7 21
17 8
22 10
3 12
17 23
3 5
23 24
8 25
6 2
25 26
27 24
20 13
25 12
28 2
9 29
14 8
19 24
30 29
5 12
31 3
32 29
12 33
24 14
34 32
28 35
27 28
36 10
27 14
17 24
5 37
27 38
23 18
0 32
19 39
31 12
40 2
13 30
18 38
3 33
41 27
42 3
20 38
18 14
6 0
43 12
40 13
44 25
45 33
46 7
17 28
6 8
39 2
8 33
47 28
40 15
19 15
19 48
44 45
7 10
49 6
9 15
31 10
13 29
9 13
50 5
33 34
25 51
52 8
1 53
19 11
3 13
36 54
52 43
55 11
28 38
16 21
7 31
25 33
2 25
32 55
25 34
50 56
35 13
36 57
10 58
57 16
8 4
48 39
43 2
54 43
30 15
39 14
3 35
2 58
43 8
8 40
52 4
20 32
0 45
19 59
41 8
13 38
54 3
60 29
52 22
21 45
14 20
4 44
24 39
43 0
9 61
52 39
45 12
60 9
17 29
3 4
36 3
37 30
9 59
43 15
33 26
4 58
8 5
14 38
52 3
50 35
39 28
17 11
41 28
49 47
8 37
60 61
29 11
26 37
2 53
43 4
40 53
35 30
3 10
56 36
39 6
40 3
5 25
7 26
54 6
50 43
18 35
62 27
50 42
26 13
13 32
58 45
8 13
19 14
52 31
40 4
18 39
4 25
8 35
28 14
54 8
57 10
24 6
24 8
5 34
14 2
46 28
62 47
50 36
20 15
16 44
19 28
17 13
18 43
5 20
25 32
56 31
8 0
57 63
35 15
32 15
40 25
62 39
37 35
41 47
57 21
59 14
42 54
16 25
58 44
9 11
52 28
48 24
51 34
52 56
22 16
0 53
8 38
3 45
0 30
45 26
11 15
54 62
3 1
51 12
0 12
52 57
59 24
3 51
41 14
17 2
37 20
14 43
49 41
59 6
31 62
14 15
39 43
0 29
17 14
28 6
52 42
40 33
60 0
18 28
47 24
0 4
45 34
37 15
42 43
57 4
41 43
