#qgen
98
ENSBTAP00000039868
ENSBTAP00000017294
ENSBTAP00000027775
ENSBTAP00000008785
ENSBTAP00000005903
ENSBTAP00000013921
ENSBTAP00000005686
ENSBTAP00000014141
ENSBTAP00000022125
ENSBTAP00000010925
ENSBTAP00000025974
ENSBTAP00000043861
ENSBTAP00000026435
ENSBTAP00000052015
ENSBTAP00000028801
ENSBTAP00000027111
ENSBTAP00000034778
ENSBTAP00000028418
ENSBTAP00000006980
ENSBTAP00000013362
ENSBTAP00000053614
ENSBTAP00000038495
ENSBTAP00000027480
ENSBTAP00000026534
ENSBTAP00000045584
ENSBTAP00000000972
ENSBTAP00000017320
ENSBTAP00000025418
ENSBTAP00000003981
ENSBTAP00000006297
ENSBTAP00000045314
ENSBTAP00000000188
ENSBTAP00000028617
ENSBTAP00000046578
ENSBTAP00000041811
ENSBTAP00000044005
ENSBTAP00000049470
ENSBTAP00000016440
ENSBTAP00000025399
ENSBTAP00000042078
ENSBTAP00000052366
ENSBTAP00000035211
ENSBTAP00000003109
ENSBTAP00000033771
ENSBTAP00000020419
ENSBTAP00000027556
ENSBTAP00000011451
ENSBTAP00000048181
ENSBTAP00000048615
ENSBTAP00000048925
ENSBTAP00000037356
ENSBTAP00000015322
ENSBTAP00000010386
ENSBTAP00000039219
ENSBTAP00000031235
ENSBTAP00000030774
ENSBTAP00000034674
ENSBTAP00000048995
ENSBTAP00000043860
ENSBTAP00000042463
ENSBTAP00000025279
ENSBTAP00000026133
ENSBTAP00000050647
ENSBTAP00000025663
ENSBTAP00000053325
ENSBTAP00000011791
ENSBTAP00000043233
ENSBTAP00000052644
ENSBTAP00000027940
ENSBTAP00000053704
ENSBTAP00000053227
ENSBTAP00000053623
ENSBTAP00000053765
ENSBTAP00000053449
ENSBTAP00000044029
ENSBTAP00000029234
ENSBTAP00000053484
ENSBTAP00000020952
ENSBTAP00000053758
ENSBTAP00000053695
ENSBTAP00000036451
ENSBTAP00000053646
ENSBTAP00000029021
ENSBTAP00000047700
ENSBTAP00000017649
ENSBTAP00000018986
ENSBTAP00000044884
ENSBTAP00000050519
ENSBTAP00000050851
ENSBTAP00000048993
ENSBTAP00000043987
ENSBTAP00000039579
ENSBTAP00000053604
ENSBTAP00000053560
ENSBTAP00000053383
ENSBTAP00000053291
ENSBTAP00000053533
ENSBTAP00000049639
256
1 0
0 1
1 2
3 1
1 4
2 5
1 3
4 6
5 7
8 4
9 6
9 10
9 11
9 12
9 13
9 14
9 15
6 4
9 16
17 9
18 6
19 7
20 13
9 21
7 5
9 22
9 23
6 24
6 25
24 26
5 2
9 27
28 15
4 1
10 9
24 29
30 4
12 9
6 31
9 32
33 4
34 4
6 26
35 9
23 9
16 9
6 9
9 36
15 28
27 9
6 18
6 28
6 37
6 38
10 13
9 39
13 20
9 40
41 9
4 42
29 6
14 9
43 9
6 44
45 9
9 17
5 46
24 25
44 6
9 43
9 20
9 35
47 9
11 9
4 48
9 49
37 6
50 6
47 20
5 51
4 30
4 33
9 45
28 6
24 6
6 52
53 13
4 24
54 9
9 55
56 5
57 37
48 4
29 24
51 5
26 24
31 6
9 47
32 9
39 9
20 47
2 1
45 49
9 58
53 9
59 2
60 9
57 36
25 6
40 9
4 8
9 41
24 9
13 9
61 9
25 24
44 9
9 54
36 57
26 6
60 20
49 45
6 50
45 36
13 53
9 24
22 9
62 4
55 9
38 6
21 9
9 61
57 6
58 9
20 60
37 57
36 9
9 53
27 28
39 45
36 45
13 10
5 56
52 6
6 57
28 27
42 4
2 59
6 29
4 34
9 63
24 4
4 62
49 9
46 5
45 39
7 19
15 9
9 60
63 9
9 44
20 9
20 64
64 20
65 64
64 65
66 65
36 66
66 40
65 66
50 66
66 36
66 50
40 66
67 40
40 67
40 68
68 40
68 69
69 68
70 68
70 69
69 70
68 70
68 71
71 68
72 71
71 72
73 71
71 73
74 71
71 74
71 75
75 71
75 76
76 75
76 77
77 76
78 77
77 78
78 79
77 79
79 77
79 78
79 80
80 79
80 81
81 80
82 81
81 82
79 82
82 79
83 82
82 83
80 83
83 80
83 84
84 83
79 84
84 79
84 85
80 85
82 85
85 77
77 85
85 80
85 82
85 84
85 86
86 85
86 87
87 86
88 87
87 88
89 87
87 89
90 87
87 90
91 87
78 91
87 91
91 78
92 91
91 92
93 91
91 93
94 91
91 94
91 95
95 91
96 95
95 96
97 95
95 97
91 97
97 91
