#qgen
32
ENSBTAP00000039868
ENSBTAP00000017294
ENSBTAP00000027775
ENSBTAP00000008785
ENSBTAP00000005903
ENSBTAP00000013921
ENSBTAP00000005686
ENSBTAP00000014141
ENSBTAP00000045314
ENSBTAP00000020419
ENSBTAP00000006297
ENSBTAP00000037356
ENSBTAP00000003981
ENSBTAP00000011451
ENSBTAP00000016440
ENSBTAP00000006980
ENSBTAP00000045584
ENSBTAP00000010386
ENSBTAP00000034674
ENSBTAP00000048995
ENSBTAP00000010925
ENSBTAP00000017320
ENSBTAP00000003109
ENSBTAP00000048615
ENSBTAP00000022125
ENSBTAP00000042463
ENSBTAP00000000972
ENSBTAP00000046578
ENSBTAP00000041811
ENSBTAP00000050647
ENSBTAP00000025399
ENSBTAP00000015322
76
1 0
0 1
1 2
3 1
1 4
2 5
1 3
4 6
5 7
8 4
9 6
6 10
6 11
6 12
13 5
6 14
6 15
4 16
6 17
16 10
18 5
6 19
20 16
6 21
4 22
16 6
11 6
23 4
24 4
21 16
2 25
19 6
16 21
4 1
9 20
16 26
4 8
26 6
6 4
6 9
4 27
4 28
16 4
20 6
20 9
15 6
28 4
7 5
19 14
12 6
27 4
22 4
29 4
4 24
10 16
6 30
10 6
31 5
21 6
5 2
5 13
17 6
14 6
4 23
14 19
6 20
4 29
26 16
5 31
6 26
6 16
5 18
16 20
30 6
25 2
2 1
