#qgen
64
Y17G9B.5
F01G4.6b
F08F3.9b
T05F1.8
C53D5.6
K08H10.2b
Y22D7AL.10.1
K01G5.4.1
Y47G6A.8
C47E8.5.1
F35C5.7
ZC434.2.2
F23B12.5
ZK1307.6
F53F10.5.2
F32G8.6
W08F4.8b
R13H8.1f
W02F12.5.1
D1054.2.1
Y48B6A.12.3
W04G3.5
F28B3.8
R151.2d.1
T20B12.2.1
F25B5.4a.3
F38A5.13
F32E10.4.1
F54C9.5.1
CD4.6.1
C36B1.4.1
F42A8.2.2
R07E4.6c
F42A6.7d
R06A4.4a
F01F1.9
C24H12.4a
F35H8.5
T05H10.6b
C36E6.5.2
C15H11.7.1
F52B5.6.3
Y54E5A.4.2
ZK430.7.1
F26B1.3.1
F35B12.5
R11G11.7
Y39B6A.34
Y75B8A.35a.2
C29E4.2
F55D10.2.2
Y46G5A.31
T01C3.7.2
C32E8.2a.1
C06A8.2
Y106G6H.2a.4
F10G8.3.1
T08G11.5
K08H10.1.2
C53D5.5.1
K11G12.1a
F18H3.3a.2
ZK596.1
C16A3.4.2
256
0 1
2 1
0 3
4 0
5 0
1 2
0 5
4 6
4 7
4 8
9 4
10 4
11 4
12 4
13 4
14 4
15 4
3 16
17 4
18 9
4 19
20 4
21 19
22 4
4 20
23 6
22 7
4 24
4 22
25 22
26 0
13 8
27 22
0 4
21 25
25 28
16 3
29 21
4 30
9 16
3 31
32 3
4 33
13 34
23 29
29 19
4 27
35 4
34 25
28 22
4 12
4 35
4 10
4 28
23 25
36 4
30 23
37 4
38 18
2 39
18 4
40 19
19 21
4 41
21 30
8 13
4 42
27 35
43 4
7 44
45 4
29 4
41 11
34 13
1 46
27 4
47 4
48 4
27 44
4 47
46 1
1 32
7 49
24 4
4 49
4 15
25 24
1 31
18 25
7 34
4 11
41 36
3 32
28 50
4 51
28 41
38 4
34 4
23 20
27 15
52 25
53 52
52 50
44 4
19 29
0 26
29 23
54 39
52 4
11 28
32 1
49 4
12 38
11 50
22 27
29 30
25 51
9 6
34 37
21 4
29 40
52 53
4 44
41 52
52 28
30 4
44 22
34 1
30 21
7 4
21 29
49 7
55 4
19 40
36 25
53 41
19 30
38 8
50 28
43 52
47 50
34 33
4 45
9 43
6 4
39 54
4 17
56 55
4 53
1 0
51 4
1 57
0 58
52 11
50 52
34 28
36 50
23 19
52 34
11 25
50 47
24 9
59 47
4 23
31 1
21 23
60 2
22 28
1 16
34 45
25 11
53 50
22 44
44 27
61 4
61 52
30 19
50 11
52 61
36 41
53 11
4 25
47 59
28 11
25 52
30 40
50 4
15 27
7 22
4 48
3 62
28 4
19 23
55 56
53 9
22 25
15 25
38 12
8 4
25 18
40 4
34 52
10 59
16 1
25 15
45 34
0 59
4 50
63 4
55 52
3 54
52 55
4 18
61 56
43 9
41 53
28 34
28 52
8 38
4 37
60 54
59 10
11 52
22 15
9 25
57 1
4 56
62 3
23 21
11 53
40 23
58 0
19 4
4 34
39 2
56 61
34 3
3 34
4 61
9 24
3 0
23 4
34 7
4 52
42 4
52 41
54 3
4 43
28 25
20 23
25 4
25 36
31 3
33 34
41 4
40 21
