#qgen
32
ENSDARP00000092301
ENSDARP00000049502
ENSDARP00000023777
ENSDARP00000019656
ENSDARP00000033106
ENSDARP00000103460
ENSDARP00000055005
ENSDARP00000104363
ENSDARP00000020711
ENSDARP00000036715
ENSDARP00000028819
ENSDARP00000104220
ENSDARP00000098602
ENSDARP00000013115
ENSDARP00000097899
ENSDARP00000088242
ENSDARP00000089879
ENSDARP00000066545
ENSDARP00000089060
ENSDARP00000102858
ENSDARP00000084113
ENSDARP00000053587
ENSDARP00000009152
ENSDARP00000030819
ENSDARP00000104188
ENSDARP00000019647
ENSDARP00000102909
ENSDARP00000087380
ENSDARP00000099992
ENSDARP00000067130
ENSDARP00000060954
ENSDARP00000077875
128
0 1
2 1
3 2
0 4
0 5
0 6
0 7
1 0
8 0
9 0
10 8
8 6
5 10
11 6
5 12
13 5
14 6
7 0
15 5
16 9
17 4
5 18
16 19
10 5
20 0
12 7
8 12
21 0
1 22
22 23
0 14
8 22
22 16
0 24
12 20
22 25
11 0
14 12
2 8
8 26
0 13
24 0
3 0
9 16
12 14
14 9
13 0
5 22
16 22
11 12
1 2
2 27
2 0
4 0
12 11
12 5
20 12
5 28
9 29
0 10
4 30
24 9
9 20
23 0
28 9
22 5
26 0
19 14
27 2
18 5
5 19
5 31
12 8
29 8
0 27
5 26
8 2
2 9
26 13
12 0
0 21
0 18
6 7
4 17
22 1
10 0
14 10
0 29
9 28
31 5
5 0
23 22
0 8
24 16
16 0
14 19
30 4
9 4
9 25
13 8
13 26
0 11
25 28
5 15
22 8
0 12
22 9
26 22
22 3
8 29
0 23
19 5
26 8
8 9
29 9
16 24
10 14
28 5
22 26
3 22
19 16
28 25
6 0
22 27
20 10
5 13
9 22
0 9
