#qgen
64
ENSDARP00000092301
ENSDARP00000049502
ENSDARP00000023777
ENSDARP00000019656
ENSDARP00000033106
ENSDARP00000103460
ENSDARP00000036715
ENSDARP00000104363
ENSDARP00000060954
ENSDARP00000052344
ENSDARP00000066545
ENSDARP00000009152
ENSDARP00000020264
ENSDARP00000030819
ENSDARP00000002437
ENSDARP00000052180
ENSDARP00000079014
ENSDARP00000097899
ENSDARP00000053182
ENSDARP00000085705
ENSDARP00000040726
ENSDARP00000028819
ENSDARP00000074303
ENSDARP00000091019
ENSDARP00000048163
ENSDARP00000102858
ENSDARP00000069134
ENSDARP00000084113
ENSDARP00000028630
ENSDARP00000083707
ENSDARP00000102909
ENSDARP00000065554
ENSDARP00000099992
ENSDARP00000055005
ENSDARP00000020711
ENSDARP00000038675
ENSDARP00000078684
ENSDARP00000032728
ENSDARP00000019647
ENSDARP00000079367
ENSDARP00000098602
ENSDARP00000088242
ENSDARP00000013115
ENSDARP00000103056
ENSDARP00000089060
ENSDARP00000067130
ENSDARP00000004795
ENSDARP00000089879
ENSDARP00000104188
ENSDARP00000087380
ENSDARP00000042248
ENSDARP00000104220
ENSDARP00000061350
ENSDARP00000015326
ENSDARP00000088115
ENSDARP00000035216
ENSDARP00000096546
ENSDARP00000095151
ENSDARP00000077875
ENSDARP00000099529
ENSDARP00000073228
ENSDARP00000053587
ENSDARP00000014779
ENSDARP00000068557
256
0 1
2 1
3 2
0 4
0 5
0 6
0 7
8 4
5 9
4 10
11 6
12 6
6 13
14 6
6 15
16 6
13 6
6 0
17 6
18 11
6 19
6 20
21 17
22 6
3 11
23 7
8 24
5 25
17 5
22 26
0 27
8 28
29 18
0 30
17 31
32 26
2 0
17 21
31 5
33 7
1 0
34 0
5 35
36 11
20 37
38 14
30 5
39 6
27 40
21 34
41 5
9 5
5 42
5 22
22 30
37 6
22 37
43 6
13 25
44 0
6 45
14 38
13 36
5 31
16 36
40 7
2 34
26 32
6 32
46 6
6 46
27 6
11 13
11 42
0 21
6 14
6 47
6 48
42 22
49 2
7 0
0 2
38 6
6 29
35 5
5 21
18 38
0 38
39 11
50 6
11 1
45 34
45 0
47 25
2 49
51 23
6 39
6 52
12 26
11 53
34 21
54 51
55 42
6 34
49 11
0 40
17 33
34 44
6 56
25 9
0 11
32 6
11 49
9 50
25 13
23 53
25 17
36 6
55 30
6 57
53 23
50 43
5 58
34 33
26 22
48 6
16 39
48 0
13 31
6 16
38 11
15 6
6 59
47 11
50 17
34 40
32 11
34 6
36 22
34 45
40 34
30 37
5 41
55 6
6 43
33 51
10 4
60 51
40 5
0 49
11 5
0 61
51 60
31 9
35 42
27 21
37 30
11 38
30 55
9 31
34 62
54 7
51 33
11 3
0 42
22 11
30 0
42 11
0 45
30 35
63 10
42 35
26 12
18 56
6 55
42 37
29 11
10 63
37 42
42 30
11 32
5 17
34 42
28 10
17 40
23 51
6 27
11 29
29 6
11 0
40 0
6 17
30 11
42 55
63 8
13 18
11 36
11 47
12 5
11 34
56 6
38 29
28 8
0 34
11 18
34 30
0 51
6 4
6 11
57 37
49 0
37 57
2 3
51 54
7 33
32 38
22 36
22 42
53 6
5 40
51 40
9 25
9 44
11 22
7 54
0 13
5 12
27 0
55 11
11 30
39 16
0 17
6 62
5 30
5 0
48 47
33 0
17 0
5 32
62 6
0 48
26 5
19 6
34 2
22 5
38 32
61 0
13 0
40 17
11 39
6 18
17 25
47 0
29 38
21 5
26 11
