#qgen
17
ENSDARP00000092301
ENSDARP00000098602
ENSDARP00000084113
ENSDARP00000104363
ENSDARP00000055005
ENSDARP00000103460
ENSDARP00000087380
ENSDARP00000104220
ENSDARP00000089060
ENSDARP00000067130
ENSDARP00000097899
ENSDARP00000053587
ENSDARP00000049502
ENSDARP00000104188
ENSDARP00000089879
ENSDARP00000102909
ENSDARP00000036715
64
0 1
2 1
0 3
0 4
0 5
0 6
0 7
8 0
9 0
1 0
10 4
10 1
1 7
5 1
11 0
1 10
3 1
0 9
1 3
5 10
10 0
6 0
8 5
12 0
0 11
1 2
7 1
0 12
13 0
14 13
0 15
4 3
10 5
0 10
5 8
13 14
0 2
7 4
5 0
1 5
0 8
3 0
15 0
4 10
5 15
4 7
7 0
2 0
0 13
15 5
4 0
14 0
3 4
0 14
0 16
16 2
2 16
16 10
10 16
14 16
16 13
9 16
13 16
16 14
