#qgen
25
FBpp0073313
FBpp0083505
FBpp0288740
FBpp0113105
FBpp0074353
FBpp0075280
FBpp0113037
FBpp0289074
FBpp0074525
FBpp0088489
FBpp0111799
FBpp0087651
FBpp0111743
FBpp0085223
FBpp0288527
FBpp0289752
FBpp0289460
FBpp0085176
FBpp0288733
FBpp0288958
FBpp0289659
FBpp0289347
FBpp0111806
FBpp0111565
FBpp0084255
64
1 0
2 1
3 1
0 4
5 1
1 6
4 1
7 1
1 3
8 0
0 9
10 1
6 1
4 11
1 12
4 0
11 8
1 7
11 0
9 11
9 4
0 8
8 9
5 0
13 0
1 14
8 4
1 2
12 1
0 13
15 1
1 10
9 8
1 15
14 1
4 8
8 11
9 0
0 5
1 5
11 4
1 4
0 11
4 9
0 1
11 9
16 11
11 16
11 17
17 11
17 18
18 17
18 19
19 18
19 20
20 19
20 21
21 20
22 21
21 22
23 21
21 23
21 24
24 21
