#qgen
45
FBpp0073313
FBpp0083505
FBpp0099808
FBpp0089115
FBpp0074353
FBpp0087238
FBpp0086954
FBpp0075280
FBpp0089417
FBpp0099514
FBpp0088489
FBpp0110417
FBpp0087183
FBpp0086969
FBpp0088543
FBpp0113105
FBpp0111722
FBpp0074525
FBpp0288527
FBpp0089410
FBpp0088268
FBpp0113037
FBpp0088675
FBpp0091051
FBpp0111799
FBpp0111743
FBpp0087197
FBpp0288740
FBpp0087651
FBpp0289074
FBpp0289752
FBpp0085223
FBpp0289460
FBpp0085176
FBpp0084955
FBpp0083647
FBpp0082134
FBpp0288419
FBpp0088492
FBpp0288926
FBpp0088020
FBpp0083378
FBpp0085311
FBpp0084614
FBpp0086911
128
1 0
2 1
3 1
4 0
5 1
1 6
7 1
8 1
1 4
1 9
0 10
9 1
11 1
12 1
1 13
1 11
14 7
1 3
1 15
9 16
2 7
17 0
7 6
1 16
1 18
1 19
10 4
1 14
20 1
0 17
21 1
1 22
6 7
1 23
24 1
14 1
4 17
1 25
1 21
1 2
26 1
1 27
10 28
7 0
17 10
1 5
15 1
28 4
6 1
7 2
3 9
1 20
16 9
25 1
19 1
0 28
7 14
1 12
1 8
29 1
30 1
10 17
4 10
31 0
0 1
1 30
17 4
16 30
18 1
0 31
0 4
10 0
1 26
17 28
1 24
28 0
1 7
9 3
30 16
28 10
16 1
13 1
1 29
27 1
0 7
4 28
22 1
23 1
4 1
28 17
32 28
28 32
33 28
28 33
34 28
28 34
35 28
28 35
28 36
36 28
37 36
36 37
20 37
37 20
37 38
38 37
39 38
38 39
40 38
38 40
40 41
39 41
41 40
41 39
41 37
37 41
42 37
37 42
37 43
43 1
43 37
43 9
9 43
1 43
44 43
44 1
43 44
7 44
