#qgen
64
FBpp0073313
FBpp0083505
FBpp0086794
FBpp0084334
FBpp0099808
FBpp0083146
FBpp0078863
FBpp0080331
FBpp0082793
FBpp0082511
FBpp0075280
FBpp0080631
FBpp0079598
FBpp0088268
FBpp0087197
FBpp0081580
FBpp0083324
FBpp0111722
FBpp0111799
FBpp0079251
FBpp0086969
FBpp0082406
FBpp0111743
FBpp0079420
FBpp0089115
FBpp0086954
FBpp0289752
FBpp0089417
FBpp0288527
FBpp0113105
FBpp0289074
FBpp0080261
FBpp0084614
FBpp0099514
FBpp0085914
FBpp0091051
FBpp0089410
FBpp0086622
FBpp0083154
FBpp0086722
FBpp0110417
FBpp0113037
FBpp0079907
FBpp0087183
FBpp0078789
FBpp0085223
FBpp0085321
FBpp0087651
FBpp0081957
FBpp0086911
FBpp0074353
FBpp0288740
FBpp0088489
FBpp0081318
FBpp0082499
FBpp0082067
FBpp0087238
FBpp0088543
FBpp0074525
FBpp0082692
FBpp0088675
FBpp0086898
FBpp0085442
FBpp0080096
256
1 0
2 1
3 1
1 4
5 1
1 6
7 1
8 1
4 1
1 9
10 9
11 1
12 1
13 5
14 1
1 15
11 16
17 1
1 5
16 18
9 19
1 20
21 13
1 19
1 3
22 1
23 14
24 1
9 25
1 26
12 3
27 1
16 24
28 1
4 10
10 7
15 29
30 1
1 31
1 10
9 32
1 11
33 17
1 34
35 21
36 1
8 4
28 16
10 37
11 38
12 31
39 1
40 19
41 7
9 10
42 37
19 40
16 1
43 1
44 1
19 1
17 26
16 26
1 8
45 0
1 46
39 16
38 20
5 13
39 38
47 0
0 1
1 48
28 38
1 38
1 18
1 49
21 10
42 21
24 16
35 1
8 27
50 0
1 51
52 50
11 53
0 50
21 42
42 49
54 1
1 7
55 1
1 27
32 49
9 35
1 25
1 28
20 1
35 42
21 7
40 1
49 42
41 8
21 6
37 21
29 15
8 41
38 53
56 1
9 1
16 51
35 9
34 21
26 16
10 49
27 21
46 1
57 10
49 10
51 1
49 32
35 19
42 9
58 47
12 11
10 0
1 33
35 15
37 1
50 58
1 43
27 8
42 34
11 12
37 42
51 16
33 1
3 12
53 12
57 7
16 23
49 1
59 57
7 10
50 52
32 9
57 1
18 1
1 60
27 37
7 21
58 50
10 59
0 47
38 39
1 54
58 0
57 59
24 33
21 1
47 58
42 35
21 55
38 28
34 8
18 16
19 9
19 35
1 24
1 59
60 1
21 27
6 21
29 1
41 1
53 3
21 49
8 34
15 35
39 29
53 1
1 61
37 27
32 33
1 2
26 17
1 22
1 16
17 33
31 36
7 22
16 39
21 32
34 1
10 25
15 1
52 58
1 13
1 40
1 17
32 1
23 1
38 24
16 38
10 34
1 36
1 39
10 1
59 10
21 35
1 23
44 54
33 32
1 30
32 21
0 10
49 21
49 29
1 42
34 9
33 16
53 11
62 1
9 42
53 38
55 21
29 39
34 59
47 52
54 44
52 47
1 44
61 1
16 31
36 31
31 16
21 34
52 0
1 55
6 7
37 15
50 1
3 24
34 10
4 8
1 63
38 11
1 50
1 35
24 38
16 28
38 16
7 27
1 29
42 1
10 4
