#qgen
28
ENSMUSP00000022828
ENSMUSP00000022962
ENSMUSP00000034277
ENSMUSP00000025885
ENSMUSP00000039486
ENSMUSP00000022842
ENSMUSP00000032078
ENSMUSP00000091439
ENSMUSP00000029740
ENSMUSP00000094845
ENSMUSP00000096279
ENSMUSP00000038263
ENSMUSP00000033087
ENSMUSP00000104463
ENSMUSP00000081544
ENSMUSP00000119829
ENSMUSP00000022030
ENSMUSP00000122623
ENSMUSP00000105349
ENSMUSP00000117153
ENSMUSP00000112103
ENSMUSP00000118105
ENSMUSP00000121346
ENSMUSP00000110498
ENSMUSP00000109123
ENSMUSP00000109304
ENSMUSP00000108106
ENSMUSP00000104855
64
0 1
1 0
1 2
2 3
4 3
3 5
6 3
7 3
3 8
3 4
2 1
9 3
10 3
11 3
3 12
3 7
6 5
3 11
3 10
5 6
12 3
3 13
5 3
3 14
3 9
15 3
8 3
3 6
14 3
3 15
13 3
3 2
3 16
16 3
17 16
16 17
16 18
18 16
19 18
18 19
18 20
20 18
20 21
21 20
21 22
22 21
21 23
22 23
23 22
23 21
24 21
21 24
23 24
22 24
24 23
24 22
24 25
25 24
26 25
25 26
27 25
20 27
21 27
27 21
