#qgen
69
ENSRNOP00000024095
ENSRNOP00000037011
ENSRNOP00000051747
ENSRNOP00000046821
ENSRNOP00000003992
ENSRNOP00000006963
ENSRNOP00000015047
ENSRNOP00000028904
ENSRNOP00000048193
ENSRNOP00000004808
ENSRNOP00000022190
ENSRNOP00000007472
ENSRNOP00000022953
ENSRNOP00000027803
ENSRNOP00000019404
ENSRNOP00000020883
ENSRNOP00000009452
ENSRNOP00000037674
ENSRNOP00000047911
ENSRNOP00000063473
ENSRNOP00000030138
ENSRNOP00000012957
ENSRNOP00000027961
ENSRNOP00000009656
ENSRNOP00000041853
ENSRNOP00000009727
ENSRNOP00000009345
ENSRNOP00000036690
ENSRNOP00000049521
ENSRNOP00000005461
ENSRNOP00000049595
ENSRNOP00000048903
ENSRNOP00000007928
ENSRNOP00000059382
ENSRNOP00000009563
ENSRNOP00000035860
ENSRNOP00000050941
ENSRNOP00000031905
ENSRNOP00000039535
ENSRNOP00000018359
ENSRNOP00000021963
ENSRNOP00000014846
ENSRNOP00000042868
ENSRNOP00000049261
ENSRNOP00000056960
ENSRNOP00000023419
ENSRNOP00000062675
ENSRNOP00000055901
ENSRNOP00000053154
ENSRNOP00000010266
ENSRNOP00000037642
ENSRNOP00000051319
ENSRNOP00000053214
ENSRNOP00000038817
ENSRNOP00000016001
ENSRNOP00000014672
ENSRNOP00000020750
ENSRNOP00000017782
ENSRNOP00000023418
ENSRNOP00000013265
ENSRNOP00000024656
ENSRNOP00000053654
ENSRNOP00000001996
ENSRNOP00000035064
ENSRNOP00000059772
ENSRNOP00000062997
ENSRNOP00000063148
ENSRNOP00000057758
ENSRNOP00000060510
256
1 0
2 1
1 3
3 1
1 4
1 5
6 1
7 6
1 8
1 9
9 1
10 1
11 1
1 12
13 4
14 1
1 15
16 1
17 1
18 13
1 19
20 1
1 21
22 18
6 23
4 18
24 22
25 1
26 1
23 6
22 27
28 4
1 29
1 30
1 14
31 13
32 1
18 33
13 34
4 35
1 2
15 1
31 27
36 13
4 37
38 22
1 39
13 36
34 1
18 4
7 40
5 1
40 23
22 31
41 1
42 4
43 1
40 1
44 27
18 31
35 34
36 22
1 34
1 25
27 33
45 1
27 36
46 1
44 38
35 4
18 44
1 47
48 22
13 48
18 36
8 1
4 24
22 24
27 44
22 42
30 1
4 36
1 6
1 20
1 49
36 4
6 25
4 28
22 38
4 27
1 50
27 18
51 1
52 1
38 27
1 7
7 5
22 33
12 1
22 4
50 1
34 35
6 7
1 53
25 6
1 32
54 1
38 36
48 34
1 55
22 44
19 1
13 33
48 27
56 1
36 18
4 1
25 40
1 40
1 57
58 1
1 26
27 31
27 4
4 38
40 21
13 18
33 38
31 4
27 48
4 22
31 18
44 22
36 38
22 48
59 1
1 56
1 17
39 1
1 60
61 1
1 52
21 1
33 22
38 31
13 31
24 4
60 1
4 31
33 13
4 42
34 13
22 36
53 1
1 41
1 23
42 38
33 18
1 45
38 4
13 38
21 6
1 11
62 1
37 4
34 48
18 27
48 13
1 46
38 44
18 22
47 1
38 42
31 38
38 33
27 38
48 4
4 48
1 54
27 34
1 51
40 7
13 44
31 22
21 40
22 13
36 27
44 18
23 1
1 61
1 62
34 27
33 4
49 1
7 1
0 1
55 1
33 27
6 21
57 1
23 40
63 1
5 7
27 22
1 59
44 4
18 42
38 13
1 43
40 25
13 22
1 63
4 44
1 16
42 18
29 1
1 58
42 22
1 10
4 13
4 33
44 13
64 44
64 31
33 64
64 22
64 36
27 64
64 38
38 64
64 13
64 42
13 64
18 64
64 18
64 27
64 33
44 64
36 64
42 64
31 64
22 64
22 65
65 22
65 66
66 65
65 67
67 64
67 65
64 67
66 67
67 66
67 68
68 65
65 68
68 64
