#qgen
25
ENSRNOP00000024095
ENSRNOP00000037011
ENSRNOP00000062675
ENSRNOP00000053654
ENSRNOP00000053214
ENSRNOP00000037642
ENSRNOP00000048193
ENSRNOP00000051747
ENSRNOP00000055901
ENSRNOP00000046821
ENSRNOP00000049595
ENSRNOP00000049261
ENSRNOP00000037674
ENSRNOP00000051319
ENSRNOP00000038817
ENSRNOP00000063473
ENSRNOP00000024831
ENSRNOP00000063487
ENSRNOP00000060926
ENSRNOP00000060126
ENSRNOP00000061993
ENSRNOP00000062676
ENSRNOP00000060442
ENSRNOP00000046052
ENSRNOP00000043934
64
1 0
2 1
1 3
4 1
1 5
1 6
7 1
0 1
1 8
1 9
10 1
8 1
11 1
1 7
5 1
1 12
1 13
3 1
1 14
1 15
1 4
13 1
1 11
1 2
14 1
9 1
1 10
12 1
6 1
15 1
15 16
16 15
17 16
17 2
2 17
16 17
18 16
16 18
16 19
17 19
19 17
19 16
19 20
20 19
21 20
20 21
22 20
20 22
22 23
23 21
21 23
23 22
20 23
23 20
20 24
24 16
24 17
24 22
23 24
19 24
24 23
24 20
17 24
22 24
