#qgen
32
YJL197W
YJR032W
YGR003W
YIL033C
YDL116W
YDR159W
YPL106C
YDR074W
YHR018C
YNR051C
YPL240C
YAR002W
YBR171W
YDL229W
YKL213C
YAL005C
YLR424W
YOR026W
YPR097W
YIL131C
YDR328C
YDR137W
YPR189W
YJR031C
YBR111W-A
YLR359W
YPR052C
YOR073W
YHR005C
YCR052W
YPL161C
YDR292C
128
0 1
2 0
0 3
4 0
5 0
1 0
1 6
7 6
0 8
8 0
4 9
10 1
5 11
0 12
11 13
4 14
0 15
11 5
6 1
15 16
0 17
18 1
19 0
20 15
9 21
17 5
15 20
3 6
4 17
9 12
16 13
6 22
3 0
0 23
0 4
14 9
24 1
12 9
9 10
14 4
0 25
1 18
14 22
9 14
9 4
15 11
0 13
15 6
22 1
5 12
10 6
1 15
24 11
20 10
1 26
12 5
21 0
15 0
13 15
26 9
17 26
17 11
9 0
17 0
12 21
24 0
27 12
28 0
29 26
6 10
22 9
0 16
11 15
7 16
9 15
7 0
4 5
15 10
30 12
13 10
31 0
20 2
0 29
0 20
27 0
5 24
22 6
6 3
11 17
17 4
0 2
10 13
13 0
29 0
15 13
0 31
6 15
30 10
1 22
6 7
12 0
16 15
6 13
0 19
13 6
25 0
1 24
26 29
17 14
0 11
10 15
23 0
8 10
13 29
1 30
10 30
15 1
12 27
0 21
0 7
1 10
14 0
13 16
9 6
11 4
11 24
9 22
22 14
