#qgen
63
YJL197W
YJR032W
YNL259C
YDR074W
YMR223W
YNL079C
YPL051W
YNL297C
YOL018C
YDL229W
YNL051W
YMR312W
YPL106C
YNL041C
YDL116W
YOR070C
YPR189W
YAL005C
YOR216C
YOR026W
YBR111W-A
YML071C
YIL033C
YPL240C
YMR198W
YNL064C
YNR032W
YNR051C
YNL330C
YBR171W
YOL081W
YOL012C
YNL153C
YDR137W
YOR073W
YLR424W
YNL307C
YKL213C
YOR027W
YMR186W
YPR052C
YML094W
YNL229C
YPL161C
YPL057C
YNL278W
YDR159W
YPR097W
YAR002W
YDR328C
YDR292C
YNL199C
YJR031C
YNL197C
YCR052W
YOR220W
YHR018C
YGR003W
YOR076C
YOR154W
YNL309W
YLR359W
YHR005C
256
0 1
1 2
0 3
1 4
1 5
1 6
7 1
8 7
0 9
1 10
11 5
3 12
13 6
14 0
13 15
5 4
1 16
7 8
17 1
18 17
0 19
4 20
1 21
21 22
23 13
24 9
25 23
8 23
8 13
15 18
23 26
11 27
28 1
0 29
1 30
31 18
9 24
32 19
25 18
12 30
0 33
21 6
31 34
33 18
12 23
27 29
1 31
17 35
33 8
13 36
16 37
9 38
39 27
40 24
18 8
14 41
24 4
7 11
31 42
30 20
38 43
28 44
45 1
8 1
34 29
33 6
30 32
35 3
46 41
47 15
21 31
0 22
31 28
18 29
21 33
5 8
16 12
27 33
30 36
31 27
20 4
27 11
47 1
29 0
38 1
14 48
17 49
42 11
27 37
17 12
50 0
24 36
51 4
32 4
32 46
20 0
27 16
26 50
7 13
33 15
5 11
43 39
30 16
52 0
17 39
13 1
8 51
53 41
41 53
44 1
27 40
4 34
25 17
32 41
7 28
49 23
10 18
30 31
1 42
1 11
6 33
53 1
31 32
18 15
12 27
39 25
18 32
38 39
37 14
31 40
13 18
30 24
51 28
49 39
32 27
22 8
1 24
3 0
10 7
1 12
4 32
0 54
33 7
30 27
36 39
18 31
24 14
8 6
11 32
39 18
15 11
21 36
27 39
37 4
43 1
31 1
53 46
42 23
1 23
14 27
35 17
24 16
42 1
25 9
19 14
39 53
22 21
29 18
0 35
53 39
23 38
4 11
46 48
41 46
48 46
46 31
37 16
36 13
55 1
37 32
0 46
38 17
39 17
28 46
28 51
23 56
39 43
50 26
11 42
0 57
20 1
58 39
17 27
10 13
7 33
51 54
8 10
39 58
18 41
8 21
41 31
41 4
16 30
31 59
39 1
15 27
25 39
53 23
37 51
37 31
40 19
60 40
23 12
30 1
36 24
21 1
37 30
31 21
42 39
6 23
23 27
1 17
41 1
4 5
27 15
36 14
2 4
29 59
12 17
36 27
1 15
44 8
0 52
25 19
58 1
4 30
1 8
40 32
54 32
19 0
28 48
17 42
54 51
4 41
23 49
24 40
12 38
53 17
11 28
10 15
29 32
17 0
32 15
0 61
8 22
0 62
