#qgen
74
ENSTRUP00000018818
ENSTRUP00000030383
ENSTRUP00000009840
ENSTRUP00000027673
ENSTRUP00000008967
ENSTRUP00000047360
ENSTRUP00000017715
ENSTRUP00000002505
ENSTRUP00000045865
ENSTRUP00000036305
ENSTRUP00000038596
ENSTRUP00000020257
ENSTRUP00000014947
ENSTRUP00000039006
ENSTRUP00000033050
ENSTRUP00000034494
ENSTRUP00000008211
ENSTRUP00000044638
ENSTRUP00000010471
ENSTRUP00000006482
ENSTRUP00000044618
ENSTRUP00000020840
ENSTRUP00000005243
ENSTRUP00000036989
ENSTRUP00000025584
ENSTRUP00000015614
ENSTRUP00000031009
ENSTRUP00000012231
ENSTRUP00000001631
ENSTRUP00000004627
ENSTRUP00000035846
ENSTRUP00000024665
ENSTRUP00000033344
ENSTRUP00000031277
ENSTRUP00000026307
ENSTRUP00000035679
ENSTRUP00000035621
ENSTRUP00000027765
ENSTRUP00000033868
ENSTRUP00000030645
ENSTRUP00000014299
ENSTRUP00000022556
ENSTRUP00000041697
ENSTRUP00000009633
ENSTRUP00000037854
ENSTRUP00000038968
ENSTRUP00000042707
ENSTRUP00000020873
ENSTRUP00000033561
ENSTRUP00000022738
ENSTRUP00000011665
ENSTRUP00000035712
ENSTRUP00000031223
ENSTRUP00000023405
ENSTRUP00000023940
ENSTRUP00000027995
ENSTRUP00000026337
ENSTRUP00000039232
ENSTRUP00000000282
ENSTRUP00000039476
ENSTRUP00000029205
ENSTRUP00000046157
ENSTRUP00000038718
ENSTRUP00000018804
ENSTRUP00000047803
ENSTRUP00000046411
ENSTRUP00000046142
ENSTRUP00000045323
ENSTRUP00000046634
ENSTRUP00000044800
ENSTRUP00000046790
ENSTRUP00000046289
ENSTRUP00000045485
ENSTRUP00000042842
256
1 0
1 2
3 1
1 3
1 4
5 4
6 5
4 7
4 5
5 8
5 9
10 8
4 11
12 5
5 6
7 13
14 12
15 8
16 5
3 17
5 18
17 3
19 3
20 12
21 4
22 12
5 23
24 1
5 25
16 26
27 5
5 28
5 20
18 29
30 5
31 5
32 8
5 33
34 12
34 14
35 8
36 27
12 27
16 20
12 26
36 34
25 5
8 37
26 14
26 34
34 9
2 1
0 1
14 20
20 16
7 4
18 5
34 26
5 38
16 12
16 34
37 8
26 22
39 21
7 40
5 41
8 5
42 40
43 7
39 44
26 16
44 45
27 36
38 5
17 39
8 15
46 5
4 47
47 1
1 47
3 19
48 13
49 3
50 3
48 5
22 26
5 31
34 16
29 18
7 43
34 5
51 8
45 44
5 22
42 7
13 7
52 8
22 14
28 5
53 39
27 12
4 45
39 47
8 51
29 5
14 22
48 39
16 27
18 54
40 42
27 14
20 26
27 9
22 16
22 34
22 27
8 32
50 49
8 10
5 55
56 5
26 20
27 16
23 5
4 1
4 53
39 17
57 8
46 18
4 36
58 5
5 58
39 4
59 5
18 46
8 60
44 39
14 26
53 4
61 13
12 14
21 39
54 5
4 39
8 62
5 30
39 48
42 41
5 46
26 5
11 4
12 20
47 4
34 27
27 34
5 48
41 42
12 34
14 16
14 27
13 61
63 1
42 53
50 17
14 5
14 34
5 26
5 54
5 16
9 5
27 26
34 22
3 50
5 34
35 51
62 8
7 42
19 50
40 7
9 34
4 61
12 22
1 24
5 56
8 57
51 35
41 5
55 5
44 7
53 47
47 53
49 50
1 63
26 27
16 22
20 5
9 27
27 22
60 8
54 18
36 4
33 5
12 16
5 59
13 48
22 5
50 19
47 39
61 4
4 21
8 35
5 14
17 50
8 52
7 44
3 49
5 29
22 20
26 12
20 22
34 36
5 27
16 14
39 53
5 12
20 14
45 4
53 42
53 64
64 40
64 41
41 64
64 53
40 64
65 40
40 65
66 40
40 66
67 40
67 42
40 67
42 67
68 42
42 68
42 69
40 69
69 42
69 40
70 69
69 70
71 69
69 71
72 69
69 72
73 69
73 65
