#qgen
17
ENSTRUP00000025261
ENSTRUP00000015823
ENSTRUP00000034544
ENSTRUP00000045439
ENSTRUP00000040282
ENSTRUP00000044129
ENSTRUP00000036585
ENSTRUP00000040191
ENSTRUP00000044638
ENSTRUP00000043486
ENSTRUP00000043440
ENSTRUP00000041934
ENSTRUP00000043728
ENSTRUP00000036222
ENSTRUP00000039282
ENSTRUP00000037888
ENSTRUP00000046332
64
0 1
1 2
2 3
4 2
5 2
2 6
3 6
7 6
2 8
9 2
6 5
3 9
10 5
2 11
12 8
13 2
2 10
9 3
7 2
10 9
2 0
11 2
2 14
9 10
6 12
8 3
14 8
15 2
6 2
6 9
8 12
3 10
2 7
1 0
2 9
6 7
10 2
8 6
6 8
3 8
2 1
8 2
8 14
6 10
10 3
7 15
2 12
5 10
3 2
6 3
5 6
2 13
15 7
9 6
2 15
14 2
2 4
12 2
0 2
10 6
2 5
12 6
16 12
12 16
