#qgen
31
ENSTRUP00000025261
ENSTRUP00000015823
ENSTRUP00000034544
ENSTRUP00000043486
ENSTRUP00000035418
ENSTRUP00000040191
ENSTRUP00000024932
ENSTRUP00000036585
ENSTRUP00000040282
ENSTRUP00000037888
ENSTRUP00000034377
ENSTRUP00000034094
ENSTRUP00000030620
ENSTRUP00000032042
ENSTRUP00000030547
ENSTRUP00000028911
ENSTRUP00000043440
ENSTRUP00000025937
ENSTRUP00000025119
ENSTRUP00000045439
ENSTRUP00000044638
ENSTRUP00000043728
ENSTRUP00000025196
ENSTRUP00000034689
ENSTRUP00000032161
ENSTRUP00000029649
ENSTRUP00000044129
ENSTRUP00000039282
ENSTRUP00000033562
ENSTRUP00000031263
ENSTRUP00000041934
128
0 1
1 2
2 3
4 2
5 2
2 6
6 2
7 6
2 8
9 2
5 9
3 7
10 4
2 11
12 7
13 3
2 14
6 7
3 15
14 16
2 0
3 12
3 2
16 17
13 7
18 5
19 16
4 18
17 4
10 19
15 17
7 20
8 2
2 21
2 13
12 16
4 7
12 14
16 10
13 5
2 20
22 2
19 23
12 10
10 5
19 13
2 24
16 7
7 3
7 19
19 7
16 3
13 22
14 12
3 16
13 6
10 2
25 2
26 16
12 19
21 20
13 23
19 2
2 18
23 13
14 2
22 13
27 2
26 25
7 23
11 13
2 1
13 16
23 7
13 11
28 2
5 18
13 19
16 14
18 12
11 2
18 4
2 12
2 9
2 22
7 21
20 7
5 10
13 26
7 5
2 27
16 12
23 2
24 2
19 20
2 7
7 14
29 12
17 2
7 12
13 2
27 20
7 15
2 30
21 7
21 2
3 22
25 26
29 20
2 15
15 12
30 2
11 7
18 20
18 2
12 18
4 10
14 13
2 10
2 29
3 19
26 2
16 26
7 13
6 11
13 12
15 7
20 21
