#qgen
16
ENSXETP00000022365
ENSXETP00000053761
ENSXETP00000034249
ENSXETP00000050395
ENSXETP00000050061
ENSXETP00000034256
ENSXETP00000049524
ENSXETP00000045738
ENSXETP00000031201
ENSXETP00000034484
ENSXETP00000040086
ENSXETP00000039404
ENSXETP00000044540
ENSXETP00000045001
ENSXETP00000041059
ENSXETP00000057318
64
0 1
0 2
3 0
0 4
0 5
4 5
6 5
7 0
0 8
9 0
10 0
11 5
1 0
11 4
1 4
5 4
11 12
5 12
13 3
0 7
11 0
0 12
0 14
5 11
15 0
5 10
6 0
0 3
5 0
6 15
3 4
2 0
4 0
7 14
4 1
3 13
4 11
13 0
5 6
12 5
4 12
0 15
12 4
10 5
13 4
0 6
5 1
4 13
15 6
12 11
5 3
0 10
0 13
13 5
11 13
12 0
1 5
0 11
8 0
14 7
13 11
4 3
0 9
14 0
