#query
119
T
G
P
G
G
A
Y
T
N
T
I
T
L
P
N
F
M
A
Q
E
Q
N
T
Y
H
Y
V
T
T
A
G
S
G
A
G
A
V
N
D
F
F
N
Y
M
T
T
S
L
F
R
A
A
V
S
T
V
G
F
S
A
A
D
L
F
R
Q
V
S
E
T
R
D
A
N
G
L
L
T
T
A
V
V
R
V
T
L
L
T
D
L
D
T
S
D
F
T
L
G
S
H
R
D
A
E
V
V
R
L
A
A
P
G
D
G
S
P
V
Q
V
256
0 1
2 0
0 3
2 4
5 4
4 6
6 7
0 8
7 9
10 4
11 8
12 11
13 11
14 8
15 9
16 7
7 17
18 0
19 1
20 11
6 21
16 22
23 9
24 23
25 11
0 19
21 26
27 7
28 25
27 29
24 30
10 31
6 12
32 30
4 11
33 5
18 34
7 12
35 12
4 36
37 22
38 12
39 29
40 4
41 12
27 42
23 43
44 15
45 35
11 46
14 47
48 29
49 4
25 50
15 51
10 52
6 47
31 11
53 42
54 13
55 10
19 56
15 57
42 14
16 58
59 16
32 6
0 60
61 10
34 25
62 9
23 37
52 42
63 55
20 6
9 12
25 17
60 1
64 40
65 52
9 29
23 66
67 38
16 68
52 69
70 35
54 40
32 36
71 31
48 72
73 46
17 47
61 74
7 23
75 51
13 14
7 51
23 17
76 8
33 77
75 44
69 11
78 31
18 26
79 68
17 26
80 23
35 3
81 29
33 67
82 70
83 28
30 36
31 36
69 6
84 44
85 67
56 86
5 35
87 36
38 10
88 28
79 2
81 9
71 65
83 38
43 89
90 60
39 80
45 91
92 15
25 20
44 81
92 93
51 94
95 58
64 20
96 68
97 83
98 34
41 20
14 26
59 33
64 10
30 42
79 33
90 14
85 77
39 7
74 99
68 95
72 100
84 101
10 74
5 102
70 25
10 103
80 9
104 43
14 66
31 52
18 79
62 33
4 105
33 16
106 23
39 87
57 81
93 9
69 46
107 86
104 106
107 6
96 12
69 20
39 35
79 82
6 51
76 79
70 41
48 108
109 73
64 12
30 17
39 36
28 41
110 99
111 70
68 97
112 48
72 94
111 26
90 19
26 77
80 69
59 8
64 78
25 14
12 73
101 81
0 46
34 8
103 20
113 70
70 38
100 81
46 14
101 114
91 41
48 114
18 2
23 114
89 94
72 9
82 86
56 105
88 25
115 13
116 114
95 117
16 95
111 25
84 29
79 111
64 110
18 11
54 46
23 21
80 75
33 96
91 35
107 3
84 93
100 94
93 57
4 0
0 86
64 118
62 98
0 90
39 4
30 6
112 81
58 117
79 46
61 117
61 110
88 35
54 107
39 61
114 89
33 6
30 47
42 23
76 34
40 3
