#query
64
P
F
L
R
T
S
I
V
S
V
V
L
D
K
S
K
T
G
L
H
Y
D
G
A
D
A
S
A
D
S
D
D
G
V
V
M
K
L
S
Y
C
R
N
E
D
F
M
A
F
C
T
P
G
A
A
D
T
T
H
R
R
T
T
I
256
0 1
2 1
3 1
0 4
5 1
6 3
3 7
6 8
9 2
10 8
11 6
12 8
13 1
14 1
9 15
3 2
16 2
17 3
11 18
17 15
4 19
20 8
21 3
9 22
11 23
24 4
25 2
26 6
20 3
11 27
12 4
0 28
18 6
27 28
0 29
30 19
11 9
31 13
30 32
30 33
34 23
29 23
0 24
35 21
23 36
37 2
38 7
39 29
40 36
33 2
19 3
41 22
42 4
43 14
27 40
12 44
12 15
45 25
33 46
39 47
47 7
48 20
16 25
16 45
22 29
12 23
10 23
49 2
50 1
51 49
49 52
34 53
32 52
7 43
31 6
10 54
55 43
34 33
27 9
38 20
45 2
9 25
37 23
27 52
3 43
11 40
49 40
24 3
39 25
53 43
38 13
6 20
28 9
41 39
28 19
37 14
38 54
28 34
56 50
35 17
57 53
57 43
20 17
29 1
20 58
35 15
59 16
12 56
56 1
32 60
48 35
39 45
22 3
33 60
59 39
56 23
42 21
7 23
45 23
17 29
5 45
15 1
55 18
61 36
50 43
57 46
26 40
5 40
61 19
59 20
26 5
44 38
6 10
34 25
18 20
44 54
22 19
30 3
55 5
38 29
22 17
40 52
37 50
24 29
24 44
54 8
62 25
21 1
20 54
11 1
13 3
44 48
38 35
62 7
10 13
7 14
21 29
18 5
34 43
26 49
4 63
10 40
41 19
37 43
20 7
0 61
4 15
48 17
41 23
16 39
50 52
62 2
51 0
25 60
24 38
48 29
37 41
8 21
59 60
9 3
10 3
2 14
0 52
48 45
11 52
4 3
27 0
32 33
41 4
11 49
18 60
9 29
51 30
11 21
34 57
41 45
59 54
41 9
3 14
37 7
34 50
35 5
51 43
26 52
17 1
59 5
47 56
6 1
17 7
2 43
8 15
44 7
24 15
27 3
35 13
19 29
53 2
7 2
30 40
48 47
63 44
55 10
62 39
46 2
30 14
15 29
51 14
41 50
20 2
59 58
22 4
51 24
7 56
60 14
54 3
24 7
63 19
0 42
37 19
30 52
31 1
59 46
49 5
60 1
45 8
6 52
48 56
50 23
8 13
41 25
44 47
58 45
0 23
10 43
51 23
45 7
