#query
62
Y
L
V
Y
M
T
A
G
A
N
G
T
F
R
Y
S
A
K
A
A
N
Y
G
A
T
V
G
G
V
T
V
F
V
N
Q
I
L
V
Q
A
F
R
V
S
G
T
T
S
A
N
R
M
T
V
S
T
I
L
D
T
T
A
128
0 1
2 0
3 0
0 4
2 5
4 6
7 0
0 8
8 4
0 9
10 0
0 11
2 12
13 4
5 14
15 14
13 16
2 17
18 1
17 19
3 20
21 1
15 22
3 7
11 1
7 20
3 18
19 23
24 5
24 25
26 23
21 16
27 7
7 14
28 1
29 0
2 19
30 25
31 20
32 9
31 27
11 33
27 34
3 14
12 35
36 34
33 9
22 8
32 8
21 37
38 28
39 10
22 11
17 40
41 7
35 42
36 20
19 25
12 43
27 29
15 5
24 17
44 22
18 45
22 7
27 36
11 28
41 2
46 7
20 47
39 47
24 22
34 7
10 48
31 14
49 9
50 2
9 28
51 31
27 11
45 52
44 53
51 4
14 33
10 28
54 16
24 12
55 4
56 54
41 34
2 53
34 0
40 43
55 8
17 46
43 57
31 44
39 57
53 16
9 45
28 6
29 49
10 4
58 12
24 19
19 5
57 20
51 59
53 17
37 28
28 4
32 28
14 28
59 18
5 46
41 22
53 19
40 54
47 37
10 11
22 0
31 60
41 55
16 59
7 18
61 18
9 4
25 18
