#query
32
G
C
L
T
K
C
P
I
S
D
E
F
A
V
G
D
V
A
S
T
Y
L
R
S
P
L
P
R
R
Q
R
F
128
0 1
2 0
3 1
1 4
5 1
6 3
7 1
2 8
9 0
7 10
2 11
12 10
7 13
8 4
1 14
15 8
13 16
17 14
2 18
19 13
13 20
5 8
9 21
22 21
22 10
2 13
23 10
19 18
24 6
7 17
25 12
16 3
23 18
12 8
15 4
15 14
15 26
5 0
7 18
25 1
7 11
19 2
15 27
28 2
9 13
6 17
27 14
24 7
29 28
0 13
28 7
2 3
30 18
12 4
2 1
25 11
28 13
30 2
29 2
21 14
21 8
11 1
18 13
0 10
29 13
27 11
13 17
2 5
31 21
30 27
31 16
8 17
13 22
2 23
24 15
9 20
30 31
11 4
16 17
16 10
12 26
8 26
27 8
29 9
2 17
10 14
12 1
24 22
19 23
18 31
25 24
6 14
3 17
21 10
5 17
24 5
5 10
10 11
9 18
23 8
31 3
14 4
20 22
2 10
19 7
22 14
15 1
18 11
16 21
13 10
12 22
30 10
5 7
7 20
25 18
17 11
2 16
12 15
5 21
22 1
22 16
28 20
15 10
24 12
10 17
30 20
20 31
14 26
