#qgen
48
945
973
677
872
527
597
786
106
174
635
554
939
206
215
875
353
289
575
424
201
274
717
71
369
464
19
243
549
799
320
883
45
203
805
697
198
65
97
708
669
181
787
472
142
558
125
305
486
128
1 0
2 0
3 0
3 4
5 0
4 6
3 1
7 2
5 6
8 7
1 6
9 4
8 10
3 2
11 2
9 12
3 13
13 1
14 13
3 15
13 10
15 5
11 16
16 17
15 18
19 1
20 1
7 21
11 22
20 5
11 18
11 23
15 6
16 24
7 10
25 9
26 9
16 27
28 25
3 29
20 15
30 1
14 31
13 32
7 27
33 32
8 9
16 34
3 23
8 35
36 0
27 30
22 34
20 21
37 23
38 16
39 34
7 0
3 40
14 33
7 33
26 21
5 41
19 42
13 26
16 43
44 5
14 1
38 9
22 4
44 6
4 32
31 6
8 0
45 25
37 17
26 0
26 5
44 8
3 26
37 16
20 8
35 1
11 13
4 5
44 34
20 4
3 25
37 46
8 25
37 22
37 6
3 37
1 24
47 1
32 21
19 32
7 26
37 32
38 3
15 13
5 32
8 31
45 31
37 5
5 23
14 44
6 41
11 39
11 0
10 32
45 3
10 17
23 12
26 18
16 23
31 10
37 40
26 34
16 9
7 25
15 34
20 37
33 12
16 18
44 25
22 6
8 18
