#qgen
56
1011
292
546
211
641
924
206
967
607
162
527
776
288
152
883
735
181
368
235
516
339
299
103
684
645
378
840
306
622
854
369
267
1022
193
701
6
899
678
880
850
715
266
847
251
594
949
61
359
774
673
568
97
427
850
282
757
128
1 0
0 2
0 3
1 4
0 5
1 6
3 7
1 8
1 9
10 4
1 11
8 12
13 5
14 8
1 15
16 0
17 11
1 18
15 9
19 12
1 17
20 8
0 21
20 22
23 0
20 24
2 25
15 24
2 20
7 18
26 25
0 27
28 20
6 29
14 11
22 30
31 19
2 18
32 3
0 33
22 34
33 11
23 20
14 7
1 35
36 35
37 12
28 32
2 38
39 0
18 25
12 9
24 18
40 21
31 7
24 30
39 17
14 24
41 9
28 40
38 31
39 9
32 36
20 32
38 22
10 17
41 14
13 12
42 17
23 31
20 12
31 8
2 3
9 4
21 22
41 7
39 3
2 43
44 4
10 45
12 5
46 31
47 25
48 34
17 49
0 40
20 19
1 42
50 18
0 30
47 51
13 34
21 10
38 43
1 24
26 0
44 6
21 24
28 17
33 52
10 11
0 24
14 4
18 49
49 5
39 53
54 38
39 12
0 10
48 0
32 33
8 19
48 41
19 25
3 13
31 14
32 22
46 30
20 34
34 5
32 30
26 18
24 25
3 25
55 13
50 30
19 7
48 24
