#qgen
113
1011
292
840
675
460
701
378
739
594
774
494
274
684
162
967
895
288
130
359
641
486
525
757
607
266
667
763
678
546
211
235
1008
427
705
776
516
111
385
97
51
955
368
655
72
847
1003
735
751
924
725
235
857
210
449
850
112
851
267
850
568
230
337
96
912
899
340
411
103
954
715
645
193
886
599
622
251
170
545
691
750
766
527
880
645
75
282
369
339
196
142
673
56
609
892
169
657
899
15
249
1022
216
287
490
883
976
152
162
306
129
325
911
181
393
256
1 0
2 0
1 3
1 4
0 5
2 6
7 4
2 8
9 1
10 5
11 1
12 7
13 6
8 14
2 15
7 1
11 16
2 17
9 18
13 19
2 20
9 21
1 22
20 23
24 1
25 20
2 26
24 14
4 27
28 6
28 29
9 0
30 20
15 6
12 31
24 32
33 20
4 34
5 6
0 35
24 36
37 12
24 30
38 8
2 39
40 39
28 15
36 41
42 5
2 43
44 23
12 45
24 46
31 47
10 48
33 39
24 49
50 19
23 14
40 43
41 51
35 14
52 42
32 51
53 33
54 15
55 21
55 18
56 29
52 37
20 41
57 14
58 6
11 6
36 59
16 13
40 6
60 5
11 7
61 16
9 15
62 48
46 42
52 63
29 58
2 64
41 34
65 5
32 66
0 67
68 64
26 20
37 17
54 69
4 8
2 68
11 18
37 70
69 32
55 66
17 42
24 0
35 8
71 32
10 19
72 58
58 73
61 22
1 56
2 33
74 53
59 14
66 75
76 35
77 6
26 36
72 41
53 78
38 58
38 10
79 53
40 36
67 42
7 56
60 24
53 68
80 12
46 81
23 35
82 57
74 34
54 64
61 83
52 84
55 16
2 30
85 41
9 8
32 86
46 86
87 14
17 88
87 82
9 82
70 89
90 6
91 45
36 39
76 92
14 50
93 56
52 91
94 66
28 95
96 72
15 82
11 54
97 7
94 98
79 43
99 96
36 100
26 43
69 66
15 57
74 54
76 101
83 76
85 82
26 99
41 43
11 53
55 65
40 66
28 65
46 70
53 54
4 15
10 17
55 47
21 89
102 98
56 23
11 55
28 67
72 16
53 35
48 64
72 31
35 70
34 17
31 48
2 103
55 104
17 75
20 51
33 34
11 77
15 105
39 29
90 48
97 73
68 49
26 71
61 31
70 5
2 40
70 10
11 74
16 73
106 72
106 42
15 107
15 69
69 82
108 53
108 40
82 23
55 23
2 100
80 90
53 76
37 109
110 109
87 31
99 69
20 67
106 92
3 31
100 46
33 25
69 57
37 56
4 67
54 8
1 13
11 71
101 14
12 99
31 109
40 62
94 5
2 9
70 73
37 26
99 86
57 41
0 87
35 19
111 110
60 3
54 14
54 65
93 45
103 14
9 112
