#qgen
55
642
43
750
689
241
610
843
596
368
513
20
637
152
579
836
201
254
582
76
605
557
807
437
654
54
943
33
112
610
64
985
803
186
1013
166
136
867
661
694
312
157
461
761
767
702
780
694
167
408
163
905
260
851
988
394
128
0 1
0 2
0 3
4 3
2 5
4 6
7 5
8 5
9 4
4 1
10 2
6 11
12 3
0 13
14 7
7 15
16 5
3 17
5 1
14 18
8 19
20 3
0 21
10 22
23 17
6 3
14 5
7 1
24 16
25 15
26 17
27 15
0 28
2 11
13 25
12 29
23 30
31 9
7 32
10 33
23 19
18 34
9 1
0 35
31 19
36 20
19 17
13 3
0 14
24 37
0 15
14 24
38 1
1 17
37 2
28 37
7 18
39 11
40 39
0 12
4 41
41 20
42 22
4 20
28 38
7 43
44 23
29 20
24 38
25 1
19 3
28 11
23 37
6 19
14 37
10 45
0 26
5 3
24 18
0 23
44 46
20 34
16 47
27 1
42 23
28 22
41 48
10 1
7 4
41 49
23 2
28 9
28 20
30 29
44 18
14 50
11 3
9 51
5 52
38 49
51 11
24 9
39 9
5 11
21 49
40 41
31 20
28 21
2 43
7 29
22 33
45 1
43 53
33 5
39 4
23 27
49 54
4 46
27 37
8 4
50 3
50 37
23 18
28 33
27 41
5 29
23 8
50 48
