#qgen
114
642
772
152
710
1013
112
513
867
854
610
206
850
836
983
437
103
814
596
16
689
292
65
661
76
767
20
158
923
654
368
241
579
312
910
196
933
988
582
54
874
210
293
240
764
780
540
702
761
43
836
186
943
461
637
201
161
611
694
375
847
694
732
594
804
761
867
95
782
300
871
163
145
166
557
565
851
335
605
747
64
985
113
750
157
160
610
959
542
167
942
643
33
78
540
409
967
260
577
807
964
909
342
930
748
394
594
905
803
376
254
408
701
705
970
256
1 0
0 2
0 3
4 3
1 5
6 3
6 7
6 8
9 5
10 0
3 11
12 6
13 3
0 14
8 15
16 7
17 6
18 3
2 19
20 16
9 21
5 22
0 6
12 23
17 24
25 4
26 6
27 0
28 18
29 18
30 19
31 19
0 32
33 3
16 34
35 15
28 36
37 13
9 38
39 14
24 40
23 41
2 42
0 42
26 43
28 44
45 24
14 5
0 46
33 47
0 20
48 21
3 49
1 50
51 5
52 43
12 53
53 21
54 53
0 55
38 6
33 56
38 57
53 7
48 58
12 15
41 42
37 59
60 41
3 58
61 6
22 23
41 62
63 11
26 30
21 55
0 28
64 6
57 30
0 65
66 63
37 67
28 62
29 3
68 42
41 67
69 62
54 2
70 8
71 67
57 5
32 19
72 37
57 52
31 56
27 55
57 6
17 40
9 69
73 62
24 49
20 55
20 74
9 75
41 56
76 67
40 47
77 41
71 5
14 44
52 42
5 40
74 78
12 79
9 80
47 81
82 79
68 7
57 51
9 14
83 6
71 84
37 49
85 53
86 52
9 56
87 17
88 84
37 41
36 89
90 73
12 3
0 57
17 85
91 15
70 44
14 81
92 86
22 80
23 79
14 48
4 21
30 93
26 12
19 89
50 82
93 94
82 18
77 95
96 53
32 51
4 49
50 77
47 7
85 76
32 88
83 22
29 14
31 48
0 60
97 69
28 50
4 76
98 70
99 56
50 22
53 37
6 60
22 70
0 51
31 80
100 43
5 101
79 3
80 79
61 27
79 59
79 101
82 58
52 102
50 75
87 22
91 69
29 57
37 103
104 56
3 42
0 98
6 75
50 40
0 19
0 8
6 36
6 85
77 101
87 84
30 78
38 30
72 3
87 77
31 74
41 105
106 38
89 42
96 49
33 77
107 6
83 36
29 41
108 106
75 19
14 88
106 22
14 109
53 73
0 107
5 52
65 94
0 4
59 11
29 54
0 7
101 13
83 41
109 7
9 72
104 37
48 72
50 94
76 47
82 41
110 15
83 17
14 82
94 105
85 3
61 71
6 111
43 102
77 19
6 74
1 26
94 41
31 37
62 16
25 29
46 31
24 95
16 78
112 32
113 43
59 95
38 50
82 89
28 31
91 51
