#qgen
112
49
116
964
208
394
315
488
141
612
604
234
799
502
6
766
540
55
744
251
606
104
591
491
66
700
356
20
987
148
641
45
363
228
684
755
927
253
50
358
423
797
321
189
92
523
333
696
967
969
922
58
583
628
834
264
322
409
194
181
635
958
359
807
201
438
785
21
824
610
602
780
415
264
65
747
112
220
60
226
371
565
796
73
451
546
924
1001
968
143
822
706
789
966
948
404
470
902
605
448
780
699
488
998
829
771
528
581
443
1023
975
911
124
256
1 0
1 2
1 3
4 3
4 5
1 6
7 5
8 2
9 3
8 10
11 2
12 7
8 13
14 5
7 11
4 15
16 6
17 2
18 9
19 16
1 20
21 15
11 22
23 10
9 24
20 25
5 15
10 26
9 27
28 9
29 27
30 13
31 20
14 4
32 11
16 33
34 7
7 35
34 36
37 22
38 3
6 24
9 36
28 39
40 20
41 31
1 42
1 43
41 44
45 27
46 45
3 47
34 15
48 22
49 25
44 50
51 15
43 39
14 28
40 52
53 9
12 54
55 15
1 56
57 22
44 58
31 45
41 59
5 60
28 61
62 22
63 10
44 45
44 64
1 23
18 65
31 38
33 3
20 66
31 55
67 38
20 68
36 69
8 26
1 68
13 70
68 5
21 71
7 72
73 27
55 13
22 74
57 75
76 41
24 74
19 68
32 77
10 5
32 9
43 45
44 61
42 44
75 78
29 79
80 28
1 25
81 74
7 82
6 27
22 70
49 83
65 84
65 85
86 27
4 77
69 87
63 54
10 39
17 79
84 88
48 78
41 38
30 22
36 84
19 42
89 70
1 90
91 83
1 92
36 11
44 55
49 93
82 94
44 43
14 61
28 50
92 45
12 71
41 95
65 86
44 69
31 26
48 74
33 53
80 89
62 79
85 27
95 50
19 2
72 60
49 50
64 59
67 27
8 62
57 23
96 70
4 47
60 27
67 66
63 5
46 60
33 35
69 84
44 97
19 11
8 11
26 9
93 98
33 24
99 71
92 63
7 47
18 92
100 33
93 46
15 74
24 22
9 84
4 93
68 27
1 82
65 74
31 13
40 30
1 29
95 48
22 59
94 5
10 101
80 12
11 72
102 78
78 64
29 5
103 37
5 74
14 93
73 65
4 39
50 99
104 48
78 88
74 79
105 4
30 79
38 79
40 22
78 85
65 88
30 74
86 22
72 70
19 71
90 45
53 21
20 75
26 35
95 59
44 29
42 68
106 4
49 81
63 36
84 79
69 74
12 87
2 22
8 22
44 5
49 6
107 79
68 79
4 70
108 66
101 87
67 35
28 102
20 38
32 47
18 74
91 74
92 86
11 84
14 13
92 43
38 107
44 109
81 6
74 27
95 9
61 87
33 110
86 99
78 24
57 28
111 63
