#qgen
57
300
22
583
118
709
676
872
134
388
205
818
72
13
597
126
84
980
946
216
66
261
900
732
847
670
174
715
651
914
169
870
810
926
852
144
112
602
615
848
231
349
909
494
190
353
141
835
545
300
729
102
807
955
850
340
142
813
128
0 1
2 1
1 3
3 4
1 5
2 6
5 7
8 7
2 3
9 1
10 8
10 11
0 12
2 13
9 13
0 14
10 15
0 16
1 17
18 5
11 19
12 20
1 21
1 15
8 4
11 4
1 22
23 11
12 24
9 4
13 23
1 25
26 2
1 18
1 27
16 28
26 20
29 28
18 15
30 4
9 31
32 11
28 2
10 33
27 24
29 34
12 35
36 19
37 32
23 38
1 36
22 30
39 11
7 17
34 27
40 24
20 28
0 26
41 11
7 21
9 5
1 30
24 11
12 19
22 4
23 17
1 42
40 43
32 17
44 23
45 4
0 41
33 5
10 46
10 47
1 39
45 8
41 42
37 24
13 7
31 23
34 48
0 49
9 3
5 45
45 39
0 20
45 32
41 49
31 13
40 3
7 4
37 19
22 39
32 23
27 33
5 48
33 30
25 50
28 51
32 19
0 29
29 35
31 52
10 38
7 46
50 53
32 25
23 4
29 24
1 44
46 39
22 54
2 42
1 24
55 35
1 45
1 53
39 25
0 51
50 19
49 48
7 51
5 4
21 25
46 52
0 35
56 34
