#qgen
56
849
213
435
216
649
673
561
261
50
772
501
404
329
217
338
269
739
1020
666
605
397
664
482
403
219
922
562
846
349
765
551
621
148
498
123
105
48
964
980
829
312
560
528
1013
1023
27
390
232
479
587
813
254
179
159
730
244
128
0 1
0 2
3 1
1 4
2 4
0 5
6 5
7 2
8 1
7 9
10 6
0 11
12 5
0 12
7 13
7 14
15 0
0 16
0 17
18 3
19 9
20 10
19 2
14 1
8 21
13 9
22 4
23 16
20 24
19 25
8 3
10 26
27 0
18 21
24 28
29 14
30 26
22 31
32 30
10 4
33 16
20 34
7 35
24 2
22 36
37 34
38 25
39 28
0 40
38 29
33 2
21 40
15 19
7 41
42 26
0 43
30 44
0 45
37 28
34 24
46 30
0 35
7 6
35 41
24 42
36 3
15 36
20 22
38 42
19 14
46 29
30 17
16 4
32 2
22 26
34 43
23 1
14 26
46 24
8 2
7 16
38 31
28 44
36 28
3 45
19 18
37 29
43 40
19 21
37 19
23 47
13 31
20 48
49 38
8 25
8 19
18 1
29 47
38 50
0 28
7 51
28 26
28 18
14 31
35 33
6 36
8 14
42 52
24 40
0 23
39 1
48 53
39 33
37 33
31 28
51 54
13 12
19 47
46 42
55 54
21 4
29 21
13 30
30 40
19 31
43 26
39 2
22 23
