#qgen
97
208
3
197
711
939
776
500
948
607
912
428
510
680
461
424
691
669
505
523
5
793
230
701
254
251
966
77
848
469
932
649
1023
193
737
102
185
798
473
196
114
507
250
511
941
235
254
748
597
911
302
840
935
419
149
594
483
591
350
41
325
540
703
143
759
333
622
766
1008
56
684
750
511
224
834
301
6
927
142
216
240
163
537
768
15
555
133
190
454
840
204
581
16
717
167
638
245
111
256
0 1
2 1
2 3
2 4
1 5
2 6
7 5
8 5
5 9
10 1
11 9
12 5
13 3
14 4
12 15
16 15
17 9
18 5
14 5
12 18
8 19
4 19
20 1
21 19
22 8
14 7
1 23
24 6
22 25
26 14
27 4
28 8
29 14
25 30
31 1
17 32
28 4
27 33
34 8
21 35
36 34
5 37
2 38
39 7
29 15
36 40
11 5
41 37
8 35
42 14
36 21
43 21
44 19
24 45
21 46
36 47
36 48
22 49
2 32
34 50
1 51
17 8
52 1
25 21
53 1
4 54
55 1
17 7
56 45
12 57
58 35
47 45
17 59
39 57
60 2
61 35
62 35
63 8
64 32
48 51
24 29
65 9
66 19
58 67
48 38
68 49
61 39
42 28
25 18
64 42
29 16
64 18
69 61
17 27
45 46
64 70
29 19
47 55
26 7
71 16
34 5
56 47
33 11
22 57
42 33
12 61
8 33
18 37
35 19
45 40
72 11
73 48
74 59
31 61
43 75
36 35
24 39
29 35
58 12
71 46
29 18
28 43
76 11
64 17
53 77
3 78
17 51
15 41
56 68
22 79
73 30
72 70
17 15
42 75
73 21
58 71
1 80
28 48
58 14
56 19
42 16
24 37
12 43
14 37
43 4
2 36
58 72
36 27
31 70
9 38
81 18
64 61
45 37
56 29
27 15
31 75
82 32
31 83
61 50
26 35
84 1
22 33
74 24
16 78
63 11
53 85
12 11
26 11
42 21
24 70
31 67
38 49
71 61
45 70
64 78
1 77
83 48
52 53
28 50
60 21
86 1
56 71
43 18
72 38
24 43
34 70
17 16
15 4
58 11
60 8
29 34
12 14
31 35
2 69
27 66
42 43
57 70
87 38
71 73
22 16
11 67
29 88
83 1
8 70
62 18
69 89
8 57
45 11
64 48
83 35
33 37
78 51
29 70
67 66
58 30
89 90
36 30
55 91
41 4
43 83
2 92
61 33
1 88
41 33
64 34
27 83
72 19
28 35
14 67
39 18
81 48
22 39
72 57
73 50
29 40
61 14
72 44
36 43
42 22
93 34
17 26
3 94
93 25
52 84
95 80
63 4
58 51
36 29
62 66
60 64
33 18
96 70
64 27
73 18
33 30
14 9
