#qgen
52
208
3
197
299
798
185
793
594
1008
251
510
750
935
428
537
383
238
224
511
711
350
245
737
607
454
98
684
550
1023
932
840
15
776
878
948
680
163
167
146
542
149
500
970
254
758
95
804
483
204
301
133
555
128
0 1
2 1
3 1
2 4
1 5
6 1
7 5
4 8
4 9
1 10
10 11
4 12
13 1
2 14
15 12
14 16
17 8
2 18
2 19
10 12
5 20
21 1
1 7
22 20
23 5
4 24
1 25
4 26
27 22
9 11
28 1
4 11
9 18
19 29
1 30
12 11
27 1
31 22
4 18
23 12
32 30
33 1
34 1
2 26
8 32
27 34
16 1
28 31
2 24
34 7
34 11
35 10
10 32
34 12
22 10
21 36
26 20
37 10
1 38
17 28
1 20
2 29
1 12
10 20
1 39
40 1
1 36
2 41
37 30
12 5
18 22
27 31
10 8
35 20
22 1
17 22
27 16
2 37
14 32
24 42
28 10
4 17
9 14
34 43
18 29
38 25
19 24
22 12
37 8
29 22
9 5
14 8
44 40
9 7
35 23
45 44
9 29
29 32
46 1
47 7
48 1
49 30
4 10
29 10
15 47
8 5
2 17
9 41
9 22
23 34
4 20
31 34
46 44
14 22
48 23
17 37
22 11
13 50
10 5
38 30
9 28
13 40
4 32
23 8
51 40
50 1
8 20
28 5
