#qgen
64
1438
1131
1241
1230
1234
1151
1080
1014
1030
1038
1021
1337
2043
1136
1207
949
1265
821
1109
1556
1531
1166
1499
1043
824
1019
1465
1328
1346
1157
1075
1060
1036
1124
1136
258
1131
1022
1080
1119
1260
1134
1056
1389
1223
1213
1521
1227
1018
1117
1210
1439
1021
1145
1216
977
1151
1245
1067
900
1175
1198
1213
846
256
1 0
2 1
3 1
1 4
4 5
1 6
5 7
7 8
8 9
10 0
11 4
8 12
13 1
0 1
14 9
8 15
10 16
16 1
7 17
8 18
10 2
14 19
5 4
20 4
4 1
4 21
3 11
22 7
23 7
9 24
4 11
25 0
7 22
20 22
26 8
27 1
24 28
29 7
30 24
31 20
32 8
5 21
8 26
10 33
5 34
4 35
4 10
2 10
36 7
27 11
21 31
37 9
13 35
1 38
39 28
24 37
7 36
37 40
41 4
24 30
42 11
12 8
25 43
44 37
45 4
7 46
33 1
4 20
21 20
47 46
37 46
1 48
7 49
8 50
20 51
11 10
52 10
28 34
24 19
32 31
50 8
8 53
8 32
45 51
54 8
10 3
24 40
34 20
48 1
51 34
9 44
51 21
7 47
4 31
51 20
30 9
9 14
37 24
19 24
1 13
44 24
11 13
11 2
40 37
45 32
28 24
43 9
55 8
10 11
1 2
35 4
32 45
15 8
16 10
31 34
43 28
45 20
27 10
18 8
28 39
9 19
40 30
9 56
34 21
37 43
1 27
32 4
8 7
30 40
34 28
8 57
24 9
7 28
10 52
9 40
4 41
21 4
34 58
11 27
21 51
47 34
25 40
33 10
34 5
32 5
39 7
11 0
58 34
51 32
9 30
20 31
7 58
59 4
1 52
60 46
4 32
2 60
4 59
10 27
34 60
37 44
34 31
8 54
5 51
17 7
30 37
9 8
11 42
32 20
60 34
4 51
13 11
20 34
21 34
51 31
34 32
46 47
45 31
43 25
31 45
21 5
8 61
38 1
19 9
9 62
42 1
20 32
11 38
20 5
6 1
9 37
4 34
39 46
47 28
53 8
5 20
38 11
28 43
40 24
4 45
22 20
45 34
31 21
7 29
11 16
11 52
2 11
52 11
8 55
43 37
61 8
21 32
51 5
10 42
52 1
24 44
20 21
37 30
10 4
34 47
34 51
19 43
0 63
31 32
28 7
9 43
0 25
44 43
11 3
30 44
1 16
32 51
20 45
32 34
1 42
34 4
47 7
7 5
28 47
40 25
60 2
3 10
62 9
44 9
43 19
16 11
1 33
7 23
49 7
46 7
51 4
5 32
51 45
7 39
46 60
40 9
