#qgen
36
1213
1287
362
1260
1112
338
1248
1289
1712
1339
1026
1232
1133
1203
1476
1213
1983
1315
1122
862
1624
1162
1774
1109
1341
1896
1359
1058
1146
890
1148
1254
1929
1072
245
1434
128
1 0
0 2
3 2
1 4
5 1
6 1
1 7
8 1
9 1
3 0
10 9
11 1
1 12
13 1
1 14
15 1
1 16
14 17
5 14
1 10
2 3
14 8
9 18
19 2
1 9
16 20
20 14
4 6
18 1
1 21
14 5
16 11
16 1
20 4
1 22
20 11
1 23
24 1
14 1
25 2
4 1
26 1
0 1
14 4
16 15
1 20
16 24
20 21
1 27
2 28
1 29
16 5
1 26
16 17
1 18
7 1
14 20
21 27
17 14
0 28
1 17
2 25
14 15
30 2
0 3
17 24
1 8
1 5
12 1
5 16
8 14
9 10
20 16
6 20
1 11
11 16
24 16
28 31
20 6
24 17
20 1
11 20
2 31
28 2
4 14
2 19
15 14
27 1
21 1
6 4
23 1
18 9
31 28
28 0
2 0
27 21
17 16
1 13
1 15
1 24
14 27
10 18
18 10
31 2
29 1
15 16
10 1
1 6
27 14
21 20
22 1
2 30
4 20
17 1
17 32
32 17
17 33
33 27
33 8
33 15
33 17
8 33
15 33
27 33
34 27
27 34
27 35
35 27
