#qgen
83
1223
807
215
1078
1124
993
961
1103
1343
1071
959
1189
1817
1116
1137
1111
1189
1350
1355
1458
1293
1964
1217
1139
1065
343
1167
1253
1024
993
1007
1228
596
1027
46
1113
1293
889
1032
1435
978
1339
76
1263
1185
1296
1003
1116
966
1224
1085
940
1239
957
978
56
931
78
1188
1353
1164
1230
1115
1345
1173
1797
1267
1452
1182
390
1148
1372
1501
592
1334
1131
254
1558
1452
1246
1050
981
1063
256
0 1
1 2
1 3
1 4
5 1
1 6
1 7
8 1
9 1
10 1
1 11
12 1
13 1
14 9
15 1
16 1
17 1
1 15
18 1
4 19
20 1
21 1
22 1
23 1
24 1
15 25
1 26
1 25
27 1
25 28
1 29
1 16
1 30
1 31
32 1
1 33
1 19
19 13
13 19
28 25
1 5
1 34
15 14
1 35
1 27
30 1
19 36
8 19
4 32
1 37
14 1
1 38
21 39
35 39
21 14
40 1
41 19
35 42
41 1
1 43
34 36
4 8
44 1
1 36
36 19
25 23
1 40
1 45
46 1
20 19
1 47
34 41
23 42
21 25
1 48
32 25
1 49
25 15
37 1
23 25
35 41
1 22
1 10
14 15
42 35
25 14
1 50
9 14
19 4
8 4
34 39
51 1
39 1
1 52
53 1
1 54
1 17
32 4
1 51
16 19
50 1
1 55
52 1
48 1
1 28
56 1
1 57
33 1
28 1
14 21
1 21
58 1
19 44
1 12
1 23
21 8
41 35
1 13
54 1
8 21
58 31
42 1
1 41
1 59
60 1
36 34
36 1
21 28
49 1
57 1
7 1
1 58
28 21
1 8
35 1
33 43
25 21
25 1
1 24
1 61
1 53
34 1
38 1
39 41
4 1
19 1
55 1
62 1
42 23
1 18
1 32
19 16
2 1
31 1
39 34
1 0
29 1
1 14
39 21
39 35
14 25
1 46
1 39
26 1
43 1
47 1
45 1
1 60
41 34
59 1
63 1
1 9
31 58
1 44
1 62
6 1
44 19
19 41
43 33
61 1
19 20
41 39
1 63
1 20
3 1
1 56
11 1
25 32
19 8
1 42
1 64
64 1
65 64
18 65
65 54
54 65
64 65
65 18
65 66
66 65
67 66
66 67
66 68
68 66
68 64
68 65
64 68
65 68
65 69
69 65
70 69
70 61
69 70
61 70
71 61
71 65
18 71
71 68
61 71
68 71
65 71
71 18
71 72
72 25
72 71
25 72
25 73
73 25
25 74
71 74
74 4
4 74
32 74
74 71
74 25
74 32
74 75
75 74
75 76
76 75
77 75
75 77
77 78
78 19
78 77
19 78
79 19
19 79
80 19
19 80
19 81
81 19
82 81
82 34
34 82
82 39
