#qgen
32
1220
327
1077
1153
1094
1054
1073
1231
1727
1304
892
950
1152
1350
1461
807
1034
1087
1284
221
1128
1295
1408
1002
1148
988
1141
1406
1211
1084
1459
1247
128
0 1
0 2
1 3
1 4
5 0
5 6
3 5
3 4
0 5
7 3
3 0
8 6
5 9
4 3
2 0
10 9
3 11
0 3
8 11
3 12
8 13
14 9
5 15
3 13
15 5
16 5
0 9
17 0
15 0
18 3
6 5
10 3
13 8
3 19
10 20
14 18
5 1
3 21
3 22
2 5
18 10
23 3
24 0
25 5
15 23
3 26
5 4
3 27
3 8
3 28
9 5
0 16
14 0
25 0
21 3
9 20
9 14
27 3
11 13
10 14
9 10
6 3
3 7
22 3
9 19
0 15
3 6
15 22
3 29
7 18
0 17
0 14
19 18
1 5
7 20
18 14
4 5
0 30
4 1
20 9
13 3
15 8
20 10
19 3
19 9
1 0
9 0
5 26
26 5
18 20
3 31
3 18
28 3
5 25
10 7
19 20
8 3
19 10
14 20
20 7
29 3
22 15
11 8
3 23
0 24
3 10
16 0
14 5
31 3
5 3
20 0
9 7
18 19
23 15
20 18
8 15
0 25
20 19
0 20
6 8
13 11
12 3
9 18
5 2
18 7
26 3
3 1
20 14
