#qgen
32
1289
781
1352
1414
1073
1027
1277
1268
583
1105
2020
1114
934
1031
1717
1265
1181
1937
922
1999
1276
966
829
1149
1198
1286
1108
1307
1190
1028
1367
1212
128
0 1
0 2
3 0
0 4
5 0
6 0
7 0
8 5
9 0
10 1
11 0
12 10
1 0
11 13
14 0
10 15
6 4
15 16
17 14
16 1
12 15
16 14
15 10
0 17
18 0
19 0
20 3
0 13
21 0
5 14
0 12
10 0
14 17
8 12
1 12
4 0
0 11
15 12
17 0
1 5
4 6
5 8
22 0
22 10
1 9
12 8
5 23
15 24
23 5
25 0
26 0
24 0
8 0
0 8
1 8
10 22
27 0
14 15
11 18
23 8
15 0
23 12
12 28
0 24
29 0
0 20
23 1
16 0
30 18
15 9
10 23
12 1
0 14
16 24
0 30
8 10
14 5
9 15
31 0
18 30
23 16
28 10
0 25
0 27
13 18
12 9
24 14
0 10
8 1
9 10
28 9
12 23
12 0
23 0
16 23
9 28
3 20
28 0
16 15
1 16
22 28
10 8
13 30
0 19
5 1
15 23
12 5
14 24
1 23
30 13
28 12
13 0
9 1
0 21
28 8
0 29
10 12
30 0
0 15
0 5
23 15
15 14
30 11
0 6
0 22
10 28
11 30
9 23
