#qgen
64
768
1091
1167
1265
1275
1802
284
1161
1381
1873
55
1060
308
1079
1284
1430
434
836
1361
812
1331
1400
1011
1237
1539
1434
1386
1207
1412
1332
1202
966
1000
902
1057
1247
534
1714
1097
1149
1384
1883
1054
1276
1408
631
1119
969
2023
191
1024
1115
1156
1091
1273
987
990
903
1128
934
1155
1279
704
1101
256
0 1
2 1
3 1
1 4
1 5
1 3
6 1
1 7
8 1
1 9
8 10
8 11
12 1
10 13
14 7
14 15
16 1
7 17
1 18
1 19
15 7
1 20
21 8
22 11
23 15
24 1
1 24
1 25
17 6
1 17
14 6
26 2
25 15
27 1
9 16
23 28
29 10
30 1
1 31
1 32
33 4
1 34
25 28
17 15
1 28
13 10
17 14
23 1
34 1
17 28
25 1
35 29
36 24
1 37
28 15
20 16
5 33
29 35
32 33
1 38
1 39
7 6
6 17
26 24
21 29
1 35
23 17
7 28
40 1
1 21
10 40
29 21
1 41
9 42
43 10
38 1
18 1
41 1
28 7
10 35
1 44
28 25
42 9
1 15
42 27
45 1
28 46
42 1
47 1
24 26
44 1
48 1
49 1
46 28
50 1
19 1
49 42
1 51
17 46
11 1
1 40
52 2
28 1
13 1
48 53
46 23
34 9
22 1
21 1
1 14
49 20
4 5
42 39
2 54
10 8
23 25
15 23
6 28
37 1
1 0
32 1
30 10
4 33
15 28
17 7
46 15
39 42
6 15
28 23
14 25
28 17
1 29
1 2
49 50
51 1
1 55
22 21
36 26
5 1
1 8
49 37
1 46
6 7
53 21
3 53
42 43
12 42
1 50
56 1
26 36
1 27
11 21
7 25
22 8
57 1
43 42
29 1
43 1
2 26
1 26
41 53
1 58
1 53
1 12
1 13
54 2
1 22
53 41
59 1
60 1
49 59
1 10
15 1
15 6
49 52
28 14
61 1
11 22
49 16
25 14
10 12
25 23
58 1
53 48
2 52
14 28
33 62
10 60
33 32
63 1
10 51
20 49
25 6
21 10
59 18
10 21
42 49
21 22
25 7
1 61
1 47
28 6
39 1
10 1
25 17
53 1
1 59
1 56
46 25
38 16
46 17
33 5
51 10
1 11
31 1
59 49
42 16
4 1
10 22
15 46
10 43
1 30
10 30
49 38
42 12
36 1
11 8
27 10
62 1
50 49
17 23
35 1
6 14
1 6
21 11
26 1
5 4
15 14
53 3
46 1
8 22
1 49
15 25
1 33
7 1
1 16
1 60
1 42
20 1
60 10
25 46
21 53
15 17
8 21
17 25
17 1
