#query
32
I
T
C
K
I
L
E
K
L
L
S
Q
E
H
E
F
F
S
L
E
I
N
V
P
K
F
T
D
H
A
I
R
128
1 0
2 0
1 3
1 4
5 4
6 1
2 7
8 5
0 9
10 6
11 2
3 12
13 12
14 13
0 15
13 15
7 16
8 0
17 10
14 18
0 3
19 0
20 10
2 4
6 21
8 22
23 19
24 0
16 6
1 13
2 10
17 16
13 9
25 5
26 12
4 9
24 16
3 9
15 12
25 4
22 15
8 21
27 26
2 24
28 10
29 18
30 26
23 29
24 15
24 14
4 26
2 22
30 4
17 22
26 9
14 27
28 8
18 4
30 18
28 24
7 15
22 4
7 24
15 9
18 26
25 13
7 8
29 26
5 0
27 12
28 7
0 26
7 10
29 19
20 2
19 21
31 14
22 16
11 8
22 5
2 17
10 5
16 18
28 16
4 12
29 25
16 15
9 12
13 27
8 10
24 8
19 18
18 15
5 21
25 21
13 0
23 13
10 16
21 14
24 21
19 13
31 21
5 6
19 25
25 18
23 26
5 1
6 14
0 12
27 3
22 0
27 4
4 15
24 10
27 0
24 6
7 5
25 14
28 2
18 13
19 1
13 26
24 18
19 27
26 15
29 27
29 13
31 18
