#query
118
A
R
L
Y
E
Q
F
D
T
V
L
T
N
L
S
V
I
V
V
L
F
Y
I
G
K
S
A
V
G
Q
R
G
I
S
Q
F
D
A
P
A
F
M
I
T
K
G
E
F
P
H
F
S
G
V
A
N
N
E
P
L
A
H
L
L
H
K
F
S
L
L
E
L
A
T
D
F
N
L
S
I
I
T
I
F
K
A
G
L
A
V
A
I
E
Q
E
N
A
L
L
F
L
N
L
S
S
Y
L
T
V
H
L
G
V
F
K
S
N
K
256
1 0
1 2
3 2
4 2
5 2
1 6
7 4
7 8
3 6
9 2
5 10
3 11
5 12
8 13
4 13
6 14
11 15
16 14
17 15
14 18
19 14
5 11
19 20
16 21
14 22
19 18
23 4
24 2
25 21
26 14
3 21
16 27
16 6
24 28
9 29
0 30
10 31
19 32
33 12
27 34
11 35
8 36
29 28
14 37
33 25
38 35
7 39
40 3
20 41
8 42
2 43
44 15
35 45
46 2
47 39
19 48
10 2
49 13
32 50
51 8
6 52
53 27
19 54
46 55
37 56
12 25
24 47
51 49
56 32
36 57
46 40
58 45
59 15
60 55
38 44
61 5
53 62
26 63
8 47
35 15
64 17
24 42
33 11
23 65
66 38
5 67
58 68
69 47
70 63
22 71
20 50
20 63
60 48
21 72
73 69
39 74
75 3
11 76
77 30
78 32
57 79
4 28
4 80
6 81
17 38
28 47
80 43
29 42
52 30
52 54
26 3
16 81
62 27
19 82
40 63
83 54
1 61
69 31
26 50
10 65
7 74
8 84
78 85
69 29
8 86
57 2
87 28
10 43
46 88
60 46
89 30
90 36
19 91
31 65
59 30
40 92
93 77
13 94
4 42
57 95
96 80
17 59
21 54
97 10
36 98
22 69
71 72
99 47
100 20
6 54
97 58
61 30
0 12
101 52
40 6
102 26
24 103
78 96
44 35
11 27
16 19
76 34
85 51
74 104
105 83
47 72
65 39
1 93
6 82
7 36
14 56
65 106
46 97
37 107
19 81
36 13
97 14
108 85
5 25
10 42
87 98
14 68
0 11
42 43
55 2
52 109
14 50
80 65
4 43
54 50
96 99
22 37
24 67
110 35
80 98
75 87
101 41
26 108
111 74
23 74
56 69
99 51
105 50
17 76
80 112
2 28
112 103
93 2
61 33
12 76
4 47
96 69
108 32
43 111
63 30
47 103
75 99
77 61
89 27
43 39
56 105
50 45
102 113
19 63
91 76
83 114
22 56
14 105
46 115
40 116
65 112
99 71
51 98
0 116
51 90
75 14
73 109
99 42
102 78
90 7
83 50
3 116
52 41
75 48
70 92
14 45
50 41
93 29
14 58
17 35
40 77
117 104
11 30
91 81
4 57
75 108
