#query
62
D
I
N
M
S
L
L
A
P
G
S
H
S
S
F
L
S
V
E
W
R
M
E
L
K
L
L
R
D
L
V
K
F
P
H
Q
A
I
F
C
F
P
F
Q
R
H
P
E
L
V
K
L
L
E
I
F
M
K
L
G
R
P
128
1 0
2 1
3 0
1 4
1 5
5 6
1 7
1 8
9 1
3 10
1 11
7 12
1 10
2 0
13 12
1 13
14 5
15 14
11 16
10 17
4 18
2 19
0 20
7 21
7 8
15 22
3 1
23 5
4 24
25 18
26 9
16 25
26 3
0 27
28 25
29 25
19 30
31 4
32 21
11 33
34 8
35 18
30 25
15 0
30 36
3 37
38 5
31 23
39 23
15 40
13 41
42 40
3 20
43 30
44 2
3 7
40 22
44 3
22 0
23 33
2 10
7 13
45 25
31 19
9 20
15 42
38 46
11 42
3 27
4 27
47 22
35 25
16 18
26 27
26 12
39 48
22 20
18 49
23 30
23 45
50 22
40 47
9 51
52 47
1 43
53 20
54 40
54 5
10 7
28 24
27 12
4 42
2 52
54 14
32 10
48 17
19 55
19 17
40 0
29 45
19 41
13 51
4 28
55 49
1 56
32 20
5 34
2 56
2 20
39 57
35 45
27 8
30 52
46 55
19 42
23 42
16 19
3 58
59 35
19 14
53 60
16 35
2 22
9 2
19 51
56 14
26 61
60 13
