#qgen
239
1
1
1
1
1
1
1
1
1
1
1
1
1
1
1
1
1
1
1
1
1
1
1
1
1
1
1
1
1
1
1
1
1
1
1
1
1
1
1
1
1
1
1
1
1
1
1
1
1
1
1
1
1
1
1
1
1
1
1
1
1
1
1
1
1
1
1
1
1
1
1
1
1
1
1
1
1
1
1
1
1
1
1
1
1
1
1
1
1
1
1
1
1
1
1
1
1
1
1
1
1
1
1
1
1
1
1
1
1
1
1
1
1
1
1
1
1
1
1
1
1
1
1
1
1
1
1
1
1
1
1
1
1
1
1
1
1
1
1
1
1
1
1
1
1
1
1
1
1
1
1
1
1
1
1
1
1
1
1
1
1
1
1
1
1
1
1
1
1
1
1
1
1
1
1
1
1
1
1
1
1
1
1
1
1
1
1
1
1
1
1
1
1
1
1
1
1
1
1
1
1
1
1
1
1
1
1
1
1
1
1
1
1
1
1
1
1
1
1
1
1
1
1
1
1
1
1
1
1
1
1
1
1
1
1
1
1
1
1
256
1 0
2 1
0 3
3 4
0 5
6 5
3 7
3 8
9 3
7 10
7 11
10 7
12 6
13 11
14 13
9 15
16 10
11 17
18 11
7 19
12 20
21 16
16 22
16 23
16 24
7 25
26 12
27 26
28 16
27 29
7 30
17 31
27 32
33 12
11 34
35 30
36 12
21 37
9 38
39 24
40 12
41 31
42 13
43 30
27 37
44 13
45 12
46 10
38 47
32 48
21 49
50 13
51 27
10 52
52 53
54 13
55 16
20 56
57 13
58 56
16 59
60 24
61 31
62 7
45 63
64 49
65 63
66 6
24 67
32 12
68 45
69 44
4 70
7 71
30 72
46 73
27 74
75 52
66 76
77 13
30 78
22 79
80 32
63 3
62 33
81 31
21 82
69 83
69 84
42 85
69 86
12 87
88 0
31 89
90 16
64 91
19 52
92 16
93 71
55 94
95 30
96 45
97 27
98 37
99 55
78 100
101 13
102 9
52 103
7 104
105 24
106 3
33 107
108 78
7 109
101 110
111 21
32 112
113 78
114 11
115 105
75 62
22 116
107 117
118 5
119 46
75 120
121 27
84 122
123 56
124 119
125 13
126 13
127 32
128 69
102 106
129 19
101 130
119 131
101 132
108 133
20 134
135 103
26 136
137 128
138 113
139 13
104 22
140 25
141 119
33 142
24 16
143 55
69 144
145 12
66 146
147 7
112 148
119 124
109 149
150 42
115 151
144 152
65 153
16 72
154 72
39 155
156 42
157 42
158 26
159 13
160 23
55 99
161 150
59 162
52 163
164 127
88 165
96 166
5 167
65 168
169 153
25 165
159 170
171 69
172 41
70 173
174 82
175 13
176 42
177 44
71 178
16 179
180 34
177 181
182 34
183 144
41 184
185 101
186 20
79 187
128 188
52 189
167 190
111 191
192 144
45 193
73 194
59 195
196 186
197 86
198 174
199 173
135 200
201 159
202 46
203 194
184 41
204 177
11 205
110 206
25 207
105 115
208 144
209 78
101 210
194 211
39 212
166 213
108 214
215 70
216 44
217 42
218 159
27 219
220 192
157 107
221 99
113 55
222 192
223 66
224 177
225 156
226 25
89 227
228 95
99 229
71 230
159 231
49 232
233 90
234 41
235 93
236 216
204 237
238 194
