#qgen
112
1
1
1
1
1
1
1
1
1
1
1
1
1
1
1
1
1
1
1
1
1
1
1
1
1
1
1
1
1
1
1
1
1
1
1
1
1
1
1
1
1
1
1
1
1
1
1
1
1
1
1
1
1
1
1
1
1
1
1
1
1
1
1
1
1
1
1
1
1
1
1
1
1
1
1
1
1
1
1
1
1
1
1
1
1
1
1
1
1
1
1
1
1
1
1
1
1
1
1
1
1
1
1
1
1
1
1
1
1
1
1
1
128
0 1
2 1
3 1
4 1
5 2
6 1
1 4
7 2
2 8
5 9
10 7
11 4
1 12
13 8
14 4
15 1
4 16
17 12
12 18
5 19
20 15
21 1
22 1
23 21
17 24
23 25
17 26
16 27
14 28
29 15
30 2
11 31
7 32
20 33
34 31
1 35
34 36
37 1
23 38
15 39
30 40
41 20
42 41
43 33
13 44
45 18
46 45
47 23
48 2
49 25
50 45
51 43
52 32
53 1
43 54
18 46
55 53
56 21
54 57
58 20
1 48
5 59
40 60
14 61
62 38
63 36
64 15
38 65
66 42
66 67
40 4
29 68
69 25
70 4
29 20
48 71
29 72
73 20
74 21
75 38
1 76
21 77
38 78
55 79
25 80
46 27
81 5
82 23
83 77
4 11
84 73
78 85
15 86
45 87
14 88
89 84
90 20
91 38
58 92
2 19
93 38
76 94
95 53
1 96
97 88
1 98
84 99
100 37
33 80
19 48
6 101
102 33
103 60
76 104
12 22
105 103
87 8
106 20
107 34
1 45
91 28
18 19
104 108
109 59
91 110
13 48
111 53
7 21
