#qgen
215
1
1
1
1
1
1
1
1
1
1
1
1
1
1
1
1
1
1
1
1
1
1
1
1
1
1
1
1
1
1
1
1
1
1
1
1
1
1
1
1
1
1
1
1
1
1
1
1
1
1
1
1
1
1
1
1
1
1
1
1
1
1
1
1
1
1
1
1
1
1
1
1
1
1
1
1
1
1
1
1
1
1
1
1
1
1
1
1
1
1
1
1
1
1
1
1
1
1
1
1
1
1
1
1
1
1
1
1
1
1
1
1
1
1
1
1
1
1
1
1
1
1
1
1
1
1
1
1
1
1
1
1
1
1
1
1
1
1
1
1
1
1
1
1
1
1
1
1
1
1
1
1
1
1
1
1
1
1
1
1
1
1
1
1
1
1
1
1
1
1
1
1
1
1
1
1
1
1
1
1
1
1
1
1
1
1
1
1
1
1
1
1
1
1
1
1
1
1
1
1
1
1
1
1
1
1
1
1
1
1
1
1
1
1
1
256
0 1
2 1
3 1
4 1
5 2
6 1
1 4
7 2
2 8
5 9
10 7
11 4
1 12
13 8
14 4
15 1
4 16
17 12
12 18
5 19
20 15
21 1
22 1
23 21
17 24
23 25
17 26
16 27
14 28
29 15
30 2
11 31
7 32
20 33
34 31
1 35
34 36
37 1
23 38
15 39
30 40
41 20
42 41
43 33
13 44
45 18
46 45
47 23
48 2
49 25
50 45
51 43
52 32
53 1
43 54
18 46
55 53
56 21
54 57
58 20
1 48
5 59
40 60
14 61
62 38
63 36
64 15
38 65
66 42
66 67
40 4
29 68
69 25
70 4
29 20
48 71
29 72
73 20
74 21
75 38
1 76
21 77
38 78
55 79
25 80
46 27
81 5
82 23
83 77
4 11
84 73
78 85
15 86
45 87
14 88
89 84
90 20
91 38
58 92
2 19
93 38
76 94
95 53
1 96
97 88
1 98
84 99
100 37
33 80
19 48
6 101
102 33
103 60
76 104
12 22
105 103
87 8
106 20
107 34
1 45
91 28
18 19
104 108
109 59
91 110
13 48
111 53
7 21
111 77
70 13
112 13
13 22
104 113
92 114
14 115
99 116
117 96
115 118
21 119
120 15
121 18
122 32
77 123
99 124
125 115
92 126
127 98
5 4
115 128
22 13
27 5
129 23
130 35
131 128
104 132
133 9
134 14
135 23
81 19
136 104
137 44
138 36
139 115
29 140
4 12
141 139
1 142
115 143
144 137
145 25
139 146
14 147
148 78
78 149
150 121
77 151
77 20
95 152
84 89
7 22
106 153
95 154
38 155
154 156
157 94
1 95
10 158
159 107
87 30
40 32
76 160
95 161
162 89
163 42
128 164
165 95
42 166
129 167
168 65
40 30
4 60
48 169
53 170
95 171
127 172
23 173
1 174
175 160
176 121
94 177
1 178
179 80
14 180
45 181
80 182
183 114
184 47
185 95
70 186
187 95
131 188
139 189
190 13
121 48
13 7
191 173
192 161
188 72
131 193
33 194
195 105
141 196
102 197
175 198
60 186
199 60
4 190
60 190
43 113
158 200
166 201
202 45
45 53
189 203
107 204
205 137
115 206
207 175
32 112
194 208
74 209
210 198
211 139
89 212
36 213
214 158
