#qgen
196
1
1
1
1
1
1
1
1
1
1
1
1
1
1
1
1
1
1
1
1
1
1
1
1
1
1
1
1
1
1
1
1
1
1
1
1
1
1
1
1
1
1
1
1
1
1
1
1
1
1
1
1
1
1
1
1
1
1
1
1
1
1
1
1
1
1
1
1
1
1
1
1
1
1
1
1
1
1
1
1
1
1
1
1
1
1
1
1
1
1
1
1
1
1
1
1
1
1
1
1
1
1
1
1
1
1
1
1
1
1
1
1
1
1
1
1
1
1
1
1
1
1
1
1
1
1
1
1
1
1
1
1
1
1
1
1
1
1
1
1
1
1
1
1
1
1
1
1
1
1
1
1
1
1
1
1
1
1
1
1
1
1
1
1
1
1
1
1
1
1
1
1
1
1
1
1
1
1
1
1
1
1
1
1
1
1
1
1
1
1
1
1
1
1
1
1
256
0 1
1 0
2 1
3 0
4 2
5 1
6 4
7 6
1 8
9 7
0 3
10 9
11 1
5 4
7 12
12 13
12 14
14 15
10 16
17 16
15 18
13 19
20 14
21 16
9 22
9 23
24 13
17 25
13 26
27 10
17 28
6 29
30 12
31 15
7 32
33 20
20 34
35 34
36 24
26 37
38 30
26 39
26 40
34 41
42 35
41 43
44 30
20 45
38 46
47 43
48 16
49 24
50 15
39 51
12 36
20 36
52 45
24 53
54 52
55 13
52 31
35 56
15 57
39 58
56 59
60 16
55 19
61 34
16 62
63 55
64 13
59 65
66 33
48 67
50 68
20 69
46 70
71 26
72 48
35 73
74 19
75 66
76 62
77 35
52 78
69 79
80 58
44 63
26 68
81 58
82 51
83 59
30 83
84 61
85 33
24 86
87 79
88 54
62 89
15 69
43 90
69 91
92 87
78 93
94 43
61 70
15 65
79 12
88 95
96 63
97 46
98 18
58 99
100 33
56 101
30 52
54 20
34 70
102 71
69 44
3 4
37 70
103 17
34 87
50 14
104 50
52 91
104 105
15 106
26 107
15 108
109 55
110 108
87 13
44 111
48 112
113 74
52 114
52 70
71 115
27 23
104 116
91 117
86 118
119 26
45 87
6 120
77 45
121 74
86 122
92 101
76 123
16 124
110 125
126 114
23 127
50 128
129 54
20 129
57 88
130 76
91 30
131 130
75 79
132 35
133 48
14 134
131 135
105 136
62 137
74 138
139 136
58 52
140 52
97 141
142 76
103 143
144 99
141 145
58 71
106 63
103 146
18 147
148 76
92 149
97 15
101 150
151 17
68 152
131 153
77 93
30 64
18 69
77 154
114 155
52 156
157 145
158 131
49 159
111 160
161 52
146 162
113 163
114 164
51 165
74 166
167 56
24 168
95 44
92 54
150 80
121 169
170 26
100 155
58 171
133 172
111 173
174 26
175 160
176 43
116 13
78 177
65 139
111 26
59 20
44 95
178 74
16 179
27 180
140 181
182 142
183 78
160 128
96 184
50 85
185 24
183 30
186 109
85 41
187 69
17 188
189 142
101 44
58 39
79 99
107 190
191 17
186 44
142 192
33 13
85 193
153 194
88 160
195 6
7 187
160 109
