#qgen
126
1
1
1
1
1
1
1
1
1
1
1
1
1
1
1
1
1
1
1
1
1
1
1
1
1
1
1
1
1
1
1
1
1
1
1
1
1
1
1
1
1
1
1
1
1
1
1
1
1
1
1
1
1
1
1
1
1
1
1
1
1
1
1
1
1
1
1
1
1
1
1
1
1
1
1
1
1
1
1
1
1
1
1
1
1
1
1
1
1
1
1
1
1
1
1
1
1
1
1
1
1
1
1
1
1
1
1
1
1
1
1
1
1
1
1
1
1
1
1
1
1
1
1
1
1
1
128
1 0
2 1
2 3
3 4
2 5
6 3
6 7
8 6
7 9
7 10
11 10
9 12
9 13
14 9
15 7
16 8
17 8
18 16
19 16
20 15
3 21
11 22
23 15
24 10
25 16
9 26
15 27
27 28
29 23
30 18
29 31
32 11
18 33
26 34
24 35
26 36
37 23
38 18
36 39
40 33
29 41
38 42
43 24
20 44
45 29
34 46
47 34
48 44
49 33
28 50
51 33
35 52
48 53
15 54
3 55
28 56
27 57
27 58
28 59
60 10
61 56
27 62
26 63
26 64
7 65
66 60
61 67
37 68
20 69
70 58
25 71
61 72
56 73
57 74
18 75
28 76
77 34
78 63
79 27
80 7
35 44
81 73
62 82
83 27
8 84
63 85
63 86
47 87
15 88
16 89
57 90
91 86
92 49
93 80
29 94
52 95
69 88
96 15
97 91
98 87
83 99
100 26
101 70
58 102
88 103
104 91
91 105
35 106
107 80
108 15
38 109
110 13
111 103
112 105
113 39
114 106
115 81
116 115
59 117
118 93
119 18
120 115
91 121
71 122
103 123
116 124
6 125
96 69
