#qgen
238
1
1
1
1
1
1
1
1
1
1
1
1
1
1
1
1
1
1
1
1
1
1
1
1
1
1
1
1
1
1
1
1
1
1
1
1
1
1
1
1
1
1
1
1
1
1
1
1
1
1
1
1
1
1
1
1
1
1
1
1
1
1
1
1
1
1
1
1
1
1
1
1
1
1
1
1
1
1
1
1
1
1
1
1
1
1
1
1
1
1
1
1
1
1
1
1
1
1
1
1
1
1
1
1
1
1
1
1
1
1
1
1
1
1
1
1
1
1
1
1
1
1
1
1
1
1
1
1
1
1
1
1
1
1
1
1
1
1
1
1
1
1
1
1
1
1
1
1
1
1
1
1
1
1
1
1
1
1
1
1
1
1
1
1
1
1
1
1
1
1
1
1
1
1
1
1
1
1
1
1
1
1
1
1
1
1
1
1
1
1
1
1
1
1
1
1
1
1
1
1
1
1
1
1
1
1
1
1
1
1
1
1
1
1
1
1
1
1
1
1
1
1
1
1
1
1
1
1
1
1
1
1
1
1
1
1
1
1
256
1 0
2 1
2 3
3 4
2 5
6 3
6 7
8 6
7 9
7 10
11 10
9 12
9 13
14 9
15 7
16 8
17 8
18 16
19 16
20 15
3 21
11 22
23 15
24 10
25 16
9 26
15 27
27 28
29 23
30 18
29 31
32 11
18 33
26 34
24 35
26 36
37 23
38 18
36 39
40 33
29 41
38 42
43 24
20 44
45 29
34 46
47 34
48 44
49 33
28 50
51 33
35 52
48 53
15 54
3 55
28 56
27 57
27 58
28 59
60 10
61 56
27 62
26 63
26 64
7 65
66 60
61 67
37 68
20 69
70 58
25 71
61 72
56 73
57 74
18 75
28 76
77 34
78 63
79 27
80 7
35 44
81 73
62 82
83 27
8 84
63 85
63 86
47 87
15 88
16 89
57 90
91 86
92 49
93 80
29 94
52 95
69 88
96 15
97 91
98 87
83 99
100 26
101 70
58 102
88 103
104 91
91 105
35 106
107 80
108 15
38 109
110 13
111 103
112 105
113 39
114 106
115 81
116 115
59 117
118 93
119 18
120 115
91 121
71 122
103 123
116 124
6 125
96 69
126 10
127 119
128 59
129 109
130 27
20 131
132 59
8 133
134 122
34 135
48 136
137 88
45 138
81 139
96 140
141 35
80 142
143 136
144 34
38 145
146 136
129 91
147 146
148 16
149 88
129 103
90 150
151 63
103 152
91 153
137 139
154 103
91 155
61 156
96 157
112 158
143 74
159 158
160 115
63 161
74 37
162 10
162 163
79 164
101 128
165 103
166 104
167 31
168 103
147 162
169 63
103 170
171 85
172 65
106 173
174 25
26 175
57 176
89 177
132 178
154 179
180 79
88 181
81 182
137 183
184 26
38 185
52 114
186 26
187 168
104 188
61 106
181 189
104 190
191 137
103 192
193 58
194 84
131 195
175 196
197 63
27 198
103 199
200 154
91 201
49 202
187 199
203 103
204 93
88 205
73 206
207 77
185 208
171 209
210 163
136 211
212 206
13 119
213 201
214 24
206 215
216 106
217 78
218 198
138 45
37 136
173 102
95 219
119 220
181 53
82 221
222 207
70 68
207 223
224 161
169 225
39 226
227 154
228 83
136 229
230 49
231 160
16 232
233 29
234 131
205 235
186 236
131 237
