#qgen
124
1
1
1
1
1
1
1
1
1
1
1
1
1
1
1
1
1
1
1
1
1
1
1
1
1
1
1
1
1
1
1
1
1
1
1
1
1
1
1
1
1
1
1
1
1
1
1
1
1
1
1
1
1
1
1
1
1
1
1
1
1
1
1
1
1
1
1
1
1
1
1
1
1
1
1
1
1
1
1
1
1
1
1
1
1
1
1
1
1
1
1
1
1
1
1
1
1
1
1
1
1
1
1
1
1
1
1
1
1
1
1
1
1
1
1
1
1
1
1
1
1
1
1
1
128
1 0
2 1
3 1
3 4
5 2
6 4
7 1
2 8
1 9
3 10
11 10
12 10
4 13
11 14
3 15
10 16
17 4
18 15
19 10
20 13
15 21
16 22
23 10
24 16
16 25
26 22
27 16
13 28
10 29
23 30
16 31
16 32
22 33
34 32
35 1
36 33
29 37
14 38
16 39
40 30
41 18
42 14
30 43
44 37
44 45
44 46
47 16
9 48
49 20
50 25
51 20
52 44
53 8
29 54
55 21
29 56
23 57
58 49
59 44
60 32
61 42
12 16
62 3
21 63
10 64
65 4
66 21
67 59
68 16
42 69
70 57
54 71
72 64
73 42
46 74
75 59
42 76
77 1
74 78
78 79
80 45
81 22
82 75
83 58
83 84
85 22
21 86
87 41
88 16
89 10
90 9
83 91
16 92
13 93
94 22
21 95
16 96
69 97
98 16
41 87
99 25
98 100
101 16
102 16
75 67
83 103
96 104
105 16
106 83
107 83
108 16
46 109
54 16
110 4
16 111
16 112
113 30
114 37
61 115
116 54
82 44
69 117
118 42
69 119
76 120
121 75
84 122
123 83
