#qgen
240
1
1
1
1
1
1
1
1
1
1
1
1
1
1
1
1
1
1
1
1
1
1
1
1
1
1
1
1
1
1
1
1
1
1
1
1
1
1
1
1
1
1
1
1
1
1
1
1
1
1
1
1
1
1
1
1
1
1
1
1
1
1
1
1
1
1
1
1
1
1
1
1
1
1
1
1
1
1
1
1
1
1
1
1
1
1
1
1
1
1
1
1
1
1
1
1
1
1
1
1
1
1
1
1
1
1
1
1
1
1
1
1
1
1
1
1
1
1
1
1
1
1
1
1
1
1
1
1
1
1
1
1
1
1
1
1
1
1
1
1
1
1
1
1
1
1
1
1
1
1
1
1
1
1
1
1
1
1
1
1
1
1
1
1
1
1
1
1
1
1
1
1
1
1
1
1
1
1
1
1
1
1
1
1
1
1
1
1
1
1
1
1
1
1
1
1
1
1
1
1
1
1
1
1
1
1
1
1
1
1
1
1
1
1
1
1
1
1
1
1
1
1
1
1
1
1
1
1
1
1
1
1
1
1
1
1
1
1
1
1
256
1 0
2 1
3 1
3 4
5 2
6 4
7 1
2 8
1 9
3 10
11 10
12 10
4 13
11 14
3 15
10 16
17 4
18 15
19 10
20 13
15 21
16 22
23 10
24 16
16 25
26 22
27 16
13 28
10 29
23 30
16 31
16 32
22 33
34 32
35 1
36 33
29 37
14 38
16 39
40 30
41 18
42 14
30 43
44 37
44 45
44 46
47 16
9 48
49 20
50 25
51 20
52 44
53 8
29 54
55 21
29 56
23 57
58 49
59 44
60 32
61 42
12 16
62 3
21 63
10 64
65 4
66 21
67 59
68 16
42 69
70 57
54 71
72 64
73 42
46 74
75 59
42 76
77 1
74 78
78 79
80 45
81 22
82 75
83 58
83 84
85 22
21 86
87 41
88 16
89 10
90 9
83 91
16 92
13 93
94 22
21 95
16 96
69 97
98 16
41 87
99 25
98 100
101 16
102 16
75 67
83 103
96 104
105 16
106 83
107 83
108 16
46 109
54 16
110 4
16 111
16 112
113 30
114 37
61 115
116 54
82 44
69 117
118 42
69 119
76 120
121 75
84 122
123 83
30 124
119 125
126 16
127 72
119 128
69 37
129 83
70 130
131 17
83 123
132 83
133 1
134 69
112 135
63 136
137 83
138 115
139 75
140 104
22 119
123 141
42 142
83 143
42 144
119 145
146 3
147 118
71 148
149 83
83 150
151 30
152 132
153 79
54 154
155 70
75 156
157 97
158 22
13 4
159 123
160 127
108 161
128 162
54 163
82 164
44 165
11 166
69 167
135 168
131 169
86 170
171 119
172 16
173 37
13 174
168 175
42 176
177 154
178 76
179 155
82 180
119 181
182 142
16 183
16 184
80 44
185 86
130 153
76 186
93 187
188 96
48 189
190 49
75 191
192 112
193 154
123 194
195 119
44 54
196 86
197 82
198 158
199 46
109 200
201 16
58 202
106 203
66 86
36 204
14 205
206 42
207 140
208 149
13 209
156 210
211 168
212 61
213 69
117 214
155 215
199 216
30 217
218 13
42 219
118 220
221 138
15 222
58 223
81 69
63 224
176 225
226 177
227 25
228 16
83 163
229 44
230 80
1 231
232 117
233 123
226 14
176 234
69 235
181 236
237 187
21 55
139 238
25 239
