#qgen
248
1
1
1
1
1
1
1
1
1
1
1
1
1
1
1
1
1
1
1
1
1
1
1
1
1
1
1
1
1
1
1
1
1
1
1
1
1
1
1
1
1
1
1
1
1
1
1
1
1
1
1
1
1
1
1
1
1
1
1
1
1
1
1
1
1
1
1
1
1
1
1
1
1
1
1
1
1
1
1
1
1
1
1
1
1
1
1
1
1
1
1
1
1
1
1
1
1
1
1
1
1
1
1
1
1
1
1
1
1
1
1
1
1
1
1
1
1
1
1
1
1
1
1
1
1
1
1
1
1
1
1
1
1
1
1
1
1
1
1
1
1
1
1
1
1
1
1
1
1
1
1
1
1
1
1
1
1
1
1
1
1
1
1
1
1
1
1
1
1
1
1
1
1
1
1
1
1
1
1
1
1
1
1
1
1
1
1
1
1
1
1
1
1
1
1
1
1
1
1
1
1
1
1
1
1
1
1
1
1
1
1
1
1
1
1
1
1
1
1
1
1
1
1
1
1
1
1
1
1
1
1
1
1
1
1
1
1
1
1
1
1
1
1
1
1
1
1
1
256
0 1
2 1
2 3
4 2
2 5
6 2
2 7
8 7
7 9
7 10
2 11
12 11
13 8
10 14
10 15
16 11
14 17
5 18
19 16
14 20
14 21
16 22
23 2
11 24
21 25
26 3
6 27
2 28
29 24
10 30
31 14
25 32
27 33
2 34
21 35
2 36
33 37
2 38
2 39
40 29
41 33
3 42
30 43
15 44
45 33
46 10
47 2
20 48
21 49
1 50
6 51
8 52
44 53
14 54
33 55
43 56
57 27
58 49
50 59
60 18
7 61
24 62
63 10
58 64
29 65
53 66
65 67
20 68
56 69
70 69
6 71
72 50
9 73
74 59
75 11
68 76
77 2
16 78
79 29
80 44
81 17
82 42
54 83
6 84
85 67
25 86
73 87
88 25
11 89
55 90
60 91
18 92
2 93
94 79
14 95
49 96
97 61
98 11
84 99
50 100
11 101
91 102
103 16
104 20
105 79
37 106
107 12
85 108
68 109
54 110
102 38
111 95
112 2
7 113
108 114
97 115
116 40
117 89
14 118
119 53
120 48
91 121
85 122
123 50
124 75
125 107
126 114
127 27
128 125
94 129
130 89
11 91
131 85
118 132
133 40
134 53
135 34
136 57
137 29
138 120
139 130
83 140
114 141
2 142
143 87
144 108
145 116
146 145
79 147
148 139
68 149
150 133
151 111
19 152
50 153
50 154
2 155
156 33
157 85
158 156
159 156
44 160
11 161
102 162
29 163
164 59
126 10
165 73
130 166
46 167
54 168
126 169
147 170
21 171
130 172
173 85
156 174
107 175
176 85
177 72
101 178
172 179
180 57
58 181
20 182
116 183
116 184
171 21
166 185
186 43
187 17
188 161
189 89
190 33
191 97
126 192
104 193
114 194
195 27
73 196
197 171
91 116
198 30
199 146
200 119
201 188
202 50
203 102
114 204
156 205
200 206
207 33
156 208
209 62
210 102
211 189
212 1
213 42
214 10
195 215
216 87
33 217
218 171
219 209
220 76
79 221
139 222
206 223
224 214
225 179
68 226
227 191
69 228
149 102
131 229
223 230
91 231
209 232
114 233
3 234
156 235
110 236
46 90
237 105
238 188
169 239
232 85
192 240
229 241
97 242
171 243
244 85
220 139
126 245
246 83
239 247
