#qgen
127
1
1
1
1
1
1
1
1
1
1
1
1
1
1
1
1
1
1
1
1
1
1
1
1
1
1
1
1
1
1
1
1
1
1
1
1
1
1
1
1
1
1
1
1
1
1
1
1
1
1
1
1
1
1
1
1
1
1
1
1
1
1
1
1
1
1
1
1
1
1
1
1
1
1
1
1
1
1
1
1
1
1
1
1
1
1
1
1
1
1
1
1
1
1
1
1
1
1
1
1
1
1
1
1
1
1
1
1
1
1
1
1
1
1
1
1
1
1
1
1
1
1
1
1
1
1
1
128
0 1
1 2
3 2
4 1
5 1
1 6
4 7
8 7
7 9
5 10
5 11
12 7
13 6
14 4
7 15
11 16
5 17
18 14
19 7
19 20
21 7
22 6
20 23
24 23
23 25
26 6
27 22
28 7
29 19
2 30
6 31
30 32
33 14
34 0
35 7
36 29
5 37
38 25
26 39
40 30
41 38
38 42
43 22
44 15
5 45
4 46
7 47
48 8
49 45
50 38
9 51
52 25
7 53
7 54
26 55
6 56
57 27
14 58
30 59
60 7
61 19
62 40
4 63
64 48
65 42
25 66
37 67
68 54
69 67
8 70
71 42
72 66
6 73
74 5
26 75
76 8
7 77
40 62
78 30
5 79
24 80
81 54
82 41
83 37
84 69
80 85
48 86
25 87
88 26
89 6
90 50
91 65
92 84
93 59
40 94
54 95
96 87
97 87
30 98
99 87
100 6
101 87
87 102
103 14
104 87
105 6
36 106
1 107
71 108
87 109
6 110
111 87
48 112
113 70
37 114
115 25
66 116
90 117
62 100
87 118
119 100
120 100
121 31
87 122
54 123
81 124
10 125
126 30
