#qgen
218
1
1
1
1
1
1
1
1
1
1
1
1
1
1
1
1
1
1
1
1
1
1
1
1
1
1
1
1
1
1
1
1
1
1
1
1
1
1
1
1
1
1
1
1
1
1
1
1
1
1
1
1
1
1
1
1
1
1
1
1
1
1
1
1
1
1
1
1
1
1
1
1
1
1
1
1
1
1
1
1
1
1
1
1
1
1
1
1
1
1
1
1
1
1
1
1
1
1
1
1
1
1
1
1
1
1
1
1
1
1
1
1
1
1
1
1
1
1
1
1
1
1
1
1
1
1
1
1
1
1
1
1
1
1
1
1
1
1
1
1
1
1
1
1
1
1
1
1
1
1
1
1
1
1
1
1
1
1
1
1
1
1
1
1
1
1
1
1
1
1
1
1
1
1
1
1
1
1
1
1
1
1
1
1
1
1
1
1
1
1
1
1
1
1
1
1
1
1
1
1
1
1
1
1
1
1
1
1
1
1
1
1
1
1
1
1
1
1
256
0 1
2 0
3 2
3 4
0 5
6 3
3 7
4 8
9 7
10 7
3 11
10 12
13 10
14 3
5 15
6 16
17 6
17 18
19 7
3 20
21 10
13 22
23 19
22 24
8 25
26 23
22 13
27 19
28 23
29 17
26 30
7 31
32 27
33 26
26 34
32 35
9 36
32 37
12 10
4 38
30 38
17 39
38 40
27 41
42 22
13 43
44 35
33 45
9 46
47 13
48 37
34 49
38 50
51 35
41 27
52 51
36 53
48 54
41 45
27 55
26 56
32 57
58 35
59 15
60 13
61 14
62 3
63 26
56 64
65 21
31 66
67 44
68 38
69 27
15 70
71 64
72 41
73 67
46 74
75 50
76 13
30 77
78 26
79 65
80 72
81 54
66 82
46 83
46 84
85 44
74 86
70 87
88 76
72 37
89 83
90 89
91 49
89 92
35 78
45 93
94 24
65 89
91 95
96 65
97 90
15 98
99 54
100 48
11 3
101 10
102 7
100 19
55 41
35 36
103 92
32 104
95 105
106 74
107 75
108 46
22 109
64 110
27 111
112 110
113 99
114 19
112 115
116 48
13 117
118 38
92 119
35 120
121 110
90 122
109 123
124 103
125 100
53 119
41 126
127 104
128 60
129 46
120 130
100 131
76 132
133 110
134 133
66 135
136 73
137 95
116 138
139 89
140 40
3 141
89 136
27 142
23 143
86 144
96 73
66 31
125 145
146 46
147 58
114 148
149 4
45 150
151 91
152 120
95 153
131 154
98 155
23 156
157 36
146 89
130 158
116 159
119 67
131 160
45 161
154 162
163 85
23 129
157 92
123 164
23 48
45 165
166 146
37 167
168 133
70 86
120 58
169 116
111 166
116 170
84 92
114 171
171 172
33 173
89 174
102 175
176 13
42 121
120 152
177 46
133 178
99 119
6 179
46 180
78 99
181 48
40 140
8 149
62 182
183 134
142 184
139 74
185 13
128 186
126 106
187 161
188 38
182 189
110 190
191 164
121 192
193 35
109 194
195 122
59 196
41 36
65 158
197 66
69 198
22 199
110 200
201 39
202 122
114 203
77 204
33 205
175 206
207 113
80 37
199 47
78 208
207 209
123 210
202 85
144 211
91 56
69 212
196 213
214 52
211 215
171 216
204 217
