#query
64
H
F
R
F
L
L
P
R
I
S
K
F
I
R
W
V
L
Y
E
I
T
D
L
F
T
L
L
M
G
P
Y
A
Y
I
L
D
P
N
Y
R
V
L
A
M
D
W
Y
E
I
L
K
K
L
F
Y
I
D
L
Q
Y
P
I
L
A
256
1 0
1 2
3 2
4 3
5 4
0 6
0 7
8 7
5 9
10 7
1 11
10 12
13 0
4 14
15 9
16 1
4 17
18 17
0 19
17 14
20 1
21 19
4 18
22 8
15 23
0 24
25 2
26 10
8 27
28 25
8 2
13 12
10 29
30 13
12 31
27 5
13 21
16 32
33 3
34 26
26 20
35 1
9 17
36 2
28 37
10 38
16 39
16 40
26 12
3 41
42 19
26 13
21 43
38 14
21 44
16 27
45 40
12 25
34 20
30 1
36 33
28 46
44 11
47 42
23 48
49 17
15 4
7 43
10 8
40 50
23 1
16 9
51 43
1 33
1 25
29 44
3 52
30 53
38 43
3 54
33 55
10 14
2 51
8 12
29 40
3 14
34 27
2 19
32 29
35 8
16 35
1 56
34 11
19 14
57 45
1 21
12 24
29 27
2 42
15 27
4 54
56 2
35 49
20 8
28 33
55 14
15 49
0 43
58 42
21 58
13 10
21 56
20 11
27 33
8 46
18 3
14 44
21 59
6 46
47 58
57 58
20 12
46 49
60 32
60 43
8 32
17 47
46 2
32 2
5 55
35 3
40 2
36 9
60 7
49 36
23 34
25 3
15 3
1 7
33 4
35 39
35 37
8 31
12 38
14 24
29 3
23 8
28 36
54 59
48 34
24 41
53 10
50 42
14 41
36 61
53 13
6 12
15 45
35 46
36 55
16 36
39 45
23 45
3 59
2 47
10 11
57 32
17 54
23 49
19 44
1 44
8 38
53 62
45 49
4 2
33 5
53 46
49 54
8 11
0 44
7 44
49 50
45 46
15 35
8 21
35 45
0 46
25 27
2 38
14 11
1 37
20 6
13 11
8 44
56 57
20 29
38 24
36 17
13 63
0 56
57 51
22 30
1 12
12 27
46 12
55 3
8 0
39 1
12 61
26 25
39 53
16 23
2 14
21 7
24 44
8 14
17 38
49 2
35 25
26 11
16 29
15 39
9 2
39 30
31 11
47 51
36 5
62 20
17 2
19 24
4 9
58 51
19 41
6 21
26 0
15 29
41 31
52 51
8 29
0 32
56 46
38 19
62 26
25 36
6 60
1 27
25 33
8 25
52 50
15 16
58 19
3 40
46 59
9 3
39 22
14 31
