#query
32
K
E
T
H
G
E
K
N
R
Y
E
P
K
Y
P
Y
E
E
F
R
G
L
Y
Y
E
W
R
L
F
I
L
E
128
1 0
0 2
3 1
4 2
2 5
6 0
7 1
8 5
9 5
8 10
6 11
8 12
10 13
14 5
6 14
12 11
10 4
15 13
12 4
11 13
16 11
0 11
7 17
18 2
19 6
19 20
0 4
21 2
13 2
18 9
15 22
23 13
24 20
25 20
18 20
14 15
0 13
10 2
0 15
1 11
24 0
24 18
11 21
25 24
26 2
27 22
4 22
14 7
24 28
7 13
29 8
8 9
15 23
18 10
0 21
27 8
19 1
18 23
21 4
1 17
11 23
24 30
3 31
15 17
1 13
2 30
25 7
24 11
9 22
18 7
16 24
26 5
28 30
15 9
8 22
27 30
28 22
7 2
18 21
7 21
6 7
19 18
14 13
13 9
21 13
18 13
24 23
28 18
26 29
12 13
7 15
29 27
12 17
12 1
6 30
15 2
18 30
6 8
16 1
7 22
29 9
6 28
31 0
12 21
25 18
19 16
27 9
26 9
28 11
18 22
20 0
8 2
18 12
7 10
20 15
4 5
2 9
18 11
18 0
25 0
31 25
31 24
19 24
14 9
17 21
18 4
8 0
6 22
