#qgen
52
701
1215
883
1923
1845
1034
28
1318
817
916
1568
248
1871
925
1063
1172
161
1370
1256
838
509
1392
658
1596
133
604
1269
818
93
1871
347
351
432
1945
773
888
644
1569
1691
289
330
533
1980
1057
1829
2014
624
1529
916
1518
1605
4
128
0 1
2 0
3 0
4 0
5 0
0 6
7 0
0 8
0 9
10 0
11 0
6 12
13 8
14 0
15 6
16 9
17 0
0 18
19 0
11 20
12 17
16 12
21 20
22 0
23 13
16 17
4 24
25 4
23 26
13 27
2 28
19 21
29 8
26 30
8 26
27 31
30 32
33 21
0 12
18 0
33 0
34 12
35 23
36 30
21 23
37 6
14 27
38 35
27 8
24 39
16 23
0 40
10 27
16 36
39 4
0 41
14 10
14 31
31 8
27 6
34 0
16 38
42 0
16 14
43 13
14 44
13 14
22 12
5 36
38 13
16 34
8 27
45 33
8 29
5 43
43 17
46 21
30 27
17 43
0 47
15 44
4 48
0 49
38 44
36 27
6 16
47 45
2 25
27 45
9 31
14 22
32 48
44 37
17 27
11 21
12 27
30 0
31 42
31 32
19 8
31 6
27 11
23 46
43 4
43 24
38 50
31 46
11 23
24 27
16 13
31 12
45 5
21 26
13 21
3 45
13 33
24 45
51 0
17 26
14 16
15 38
0 17
23 8
45 13
24 29
26 35
32 50
46 29
