#qgen
59
1681
1734
595
1296
942
1309
1480
1100
1902
1223
1452
1836
1607
61
1666
637
664
1400
1065
201
651
1028
945
1441
1127
1515
1676
1353
945
1589
186
664
338
790
237
1860
99
957
1189
1527
2034
1389
625
1606
1886
1277
1224
242
236
1498
56
1231
1742
1544
206
695
748
405
1060
128
1 0
1 2
2 3
1 4
2 5
4 6
7 1
3 8
9 7
10 3
2 11
7 12
13 8
14 2
7 15
15 8
7 16
8 17
12 18
19 2
7 20
21 3
22 3
7 17
20 8
1 7
23 7
24 18
11 25
26 9
27 2
1 28
20 29
30 8
22 1
2 19
8 31
3 10
32 7
4 33
8 34
8 9
22 32
7 8
18 35
7 31
3 36
33 4
37 2
2 38
8 12
23 8
39 7
25 26
4 1
2 27
26 39
8 23
40 26
25 11
3 25
5 2
12 25
2 41
18 24
16 26
42 2
7 43
25 28
17 8
15 21
16 7
3 44
32 8
32 22
45 1
1 22
46 2
7 32
3 47
48 3
26 35
39 16
42 10
21 49
17 22
16 21
21 16
25 3
21 12
26 7
8 15
23 21
35 2
34 8
9 21
34 21
22 17
2 50
21 17
7 30
51 16
18 3
16 8
7 23
3 49
10 42
7 52
53 3
2 37
8 32
8 39
1 54
55 3
3 7
29 21
11 2
32 42
12 8
43 7
26 12
2 56
1 45
8 13
3 57
9 26
47 3
58 2
