#qgen
112
1681
1734
595
1296
942
1309
1480
1100
1452
664
447
1353
338
1255
1589
416
721
625
712
1869
1886
1902
288
61
285
1712
1277
1028
950
1057
1607
1910
729
1389
957
434
945
165
796
317
1423
237
1223
181
1498
1866
801
176
605
201
62
1676
1441
1484
1065
130
1515
651
823
678
1688
1860
56
945
154
1418
637
695
1606
1527
1863
1440
2034
1127
361
1781
43
1968
186
1110
108
242
99
606
993
1606
1157
709
1615
1231
166
1809
780
642
159
664
105
1742
1666
1400
1811
1193
300
236
582
1507
790
1608
1836
1786
2018
939
256
1 0
1 2
2 3
1 4
2 5
4 6
7 1
8 3
9 7
4 10
2 11
12 7
13 11
14 3
15 7
12 16
8 17
18 10
19 12
3 20
21 7
7 22
23 7
24 8
25 11
26 1
9 27
28 21
16 29
30 14
27 3
31 1
32 21
14 27
2 33
34 2
12 35
36 3
37 9
22 7
12 38
12 17
28 39
9 40
27 41
9 39
7 42
43 8
44 3
3 44
45 12
46 13
47 9
48 36
2 49
33 2
40 41
12 50
51 42
52 21
7 53
54 3
55 21
3 8
56 30
44 27
7 57
21 9
51 52
57 21
27 58
59 12
7 28
21 60
47 61
2 62
63 1
64 3
39 9
7 51
51 7
65 51
66 29
24 39
41 40
67 32
68 29
69 32
9 69
60 27
12 29
36 19
44 70
56 3
71 21
27 52
51 72
51 37
73 2
56 36
12 74
75 33
8 76
39 24
10 77
7 78
41 27
11 79
9 80
3 81
21 71
21 69
2 1
9 75
52 7
69 51
82 3
75 83
22 21
12 84
29 66
3 14
1 7
21 72
85 7
27 66
78 7
3 7
86 12
87 8
56 88
63 56
3 89
7 60
21 55
90 12
10 91
48 7
56 63
29 86
40 9
13 49
60 7
92 9
43 93
50 12
66 7
68 84
29 12
56 51
77 10
7 85
84 68
11 94
32 69
7 95
61 2
80 75
8 24
96 18
8 43
7 97
12 90
75 9
10 18
1 36
51 65
36 48
8 93
36 68
21 12
27 30
69 7
30 51
1 26
2 98
7 9
99 7
100 96
37 24
3 56
11 101
102 41
62 2
51 41
21 52
97 7
54 73
21 15
29 16
10 100
40 77
42 27
87 43
20 3
2 34
61 47
100 76
77 40
3 82
36 29
95 7
54 32
102 65
66 65
32 67
96 77
3 54
76 100
75 103
51 30
49 2
80 9
16 66
81 3
67 3
36 1
69 9
86 84
19 36
51 69
9 65
8 104
105 14
4 106
94 11
21 30
69 70
107 9
9 89
2 61
108 2
21 66
109 37
91 96
16 12
57 14
65 102
21 23
35 12
71 54
71 7
66 16
7 48
46 33
78 21
9 47
37 51
65 66
110 8
53 7
36 99
111 21
21 99
30 7
33 46
