#qgen
59
1427
826
1737
1257
1082
1476
906
1537
1719
1662
1866
1403
268
1776
972
1169
1829
1366
1867
518
888
897
1331
2015
1100
321
301
1846
1139
474
687
927
139
1431
1139
1372
1813
328
1036
457
105
1159
299
902
861
1019
63
920
1010
796
477
1506
384
1828
749
1377
1820
1505
748
128
0 1
2 1
3 1
4 1
5 0
1 6
1 7
6 1
8 1
9 1
10 3
10 1
11 1
12 3
8 13
14 1
1 15
0 16
0 17
18 1
1 19
20 5
21 1
20 22
1 0
20 23
20 16
24 1
5 25
1 3
5 20
26 20
12 0
27 1
28 15
1 29
29 13
0 22
30 20
28 1
31 5
9 28
32 26
33 31
34 1
22 25
35 13
32 1
25 36
15 33
26 32
33 37
20 1
1 2
38 26
39 1
0 40
41 17
17 42
13 29
36 26
1 24
29 8
29 35
43 3
1 44
45 36
40 46
1 47
22 42
1 32
20 43
41 1
1 41
20 48
8 45
31 33
1 45
29 26
20 46
26 35
46 14
49 13
46 40
50 20
3 12
23 1
31 21
42 33
48 30
1 51
21 20
34 33
20 39
10 12
35 1
49 28
12 5
1 18
36 45
1 52
51 4
13 53
45 1
7 28
1 13
54 20
43 1
37 1
55 7
30 48
40 43
40 39
38 2
43 33
20 56
20 54
1 21
50 1
53 13
46 39
12 20
1 39
40 29
1 57
20 58
51 48
33 34
