#qgen
111
21
1260
289
759
198
576
713
1534
976
1172
2032
91
1448
1121
1651
615
1368
850
1186
171
1003
419
131
713
717
29
1360
1726
2047
1136
99
225
783
615
1086
1841
639
1383
419
635
519
290
1182
661
1481
457
1621
956
1160
488
117
1009
1526
588
1982
2034
1508
1842
129
1191
518
1909
1416
101
98
1011
1129
1135
1399
413
1056
720
872
132
1286
1169
700
595
1713
353
1834
367
1001
301
805
410
1348
1969
556
1744
428
1872
1525
1265
835
541
1593
1748
1054
873
345
759
609
1958
2033
166
2036
680
518
1969
40
256
1 0
2 1
2 3
3 4
0 5
3 6
7 5
8 2
3 9
10 3
11 6
12 5
13 2
3 14
15 3
15 16
3 16
17 7
18 7
17 11
5 19
11 20
21 11
17 16
0 22
23 15
3 24
11 25
26 14
10 11
27 22
28 8
29 8
8 30
0 19
11 31
24 32
27 33
17 30
34 3
35 10
7 36
37 17
38 15
35 12
34 39
14 40
17 41
42 8
30 43
23 3
44 17
11 45
33 46
13 24
47 11
48 17
18 49
35 50
51 3
52 43
53 27
35 19
44 10
53 44
43 20
32 53
36 54
55 15
26 11
56 45
36 57
58 21
22 59
11 60
50 61
15 62
35 63
17 64
65 32
66 17
26 43
67 3
52 38
11 68
21 69
69 70
42 70
59 71
72 43
52 51
61 50
17 50
62 14
3 64
13 73
74 46
67 42
2 24
75 8
72 76
77 61
78 61
24 79
20 60
8 14
40 15
53 43
80 51
43 51
15 40
45 8
11 81
82 19
60 83
61 23
55 67
71 59
84 7
46 80
36 83
84 74
34 40
80 77
24 13
58 35
12 72
85 2
15 73
14 69
11 28
44 14
10 43
61 7
46 77
66 35
21 14
3 47
69 15
37 3
86 49
58 36
14 26
77 80
85 0
87 7
22 87
60 57
0 88
34 44
35 78
70 36
89 30
7 44
90 35
52 56
45 48
91 58
60 56
2 49
13 5
32 2
26 15
15 92
11 8
3 50
93 65
26 89
24 5
11 90
34 94
61 89
77 58
56 83
59 79
95 59
76 86
12 71
43 61
96 76
58 53
12 97
35 98
15 60
57 17
8 90
3 77
30 3
92 99
100 61
5 13
5 72
70 69
23 55
53 22
3 101
95 26
15 54
33 102
35 72
31 43
3 75
24 87
67 16
67 60
14 73
16 8
58 54
32 82
59 82
48 54
58 14
3 103
15 32
35 55
35 23
97 24
39 54
30 35
24 46
29 35
104 35
105 33
21 35
99 105
73 77
26 34
26 81
11 52
84 82
104 106
44 103
106 107
24 58
108 0
103 60
44 60
67 8
69 40
9 43
106 102
23 17
27 48
3 57
42 69
109 1
83 28
110 3
43 41
86 104
32 102
7 62
35 42
5 0
32 86
60 34
