#qgen
125
1580
172
1836
1575
1087
1839
395
1899
1025
805
2031
1583
707
92
712
273
188
1672
2038
620
1205
413
1479
365
1156
846
955
989
1033
1066
594
2022
1333
964
1233
1293
1871
1981
1190
1273
1423
1573
289
1764
1784
640
1977
1911
1461
561
1282
1328
1204
793
742
1681
630
1448
1906
1923
624
1436
2009
1076
1439
1909
534
1614
350
978
412
962
5
1102
1933
1764
738
2015
69
1093
1571
1853
56
1473
332
1418
906
890
359
1415
1567
842
1085
1951
1490
1401
548
218
1652
665
1341
740
421
738
1579
1613
200
518
1663
454
1254
492
453
1259
1217
1138
678
43
178
1068
1363
1427
1169
1744
1174
256
1 0
1 2
3 2
4 2
5 3
6 4
7 4
4 8
9 4
4 10
11 4
4 12
13 2
14 2
15 4
2 16
17 4
4 18
19 16
20 4
4 21
22 3
4 23
24 1
24 25
24 26
4 27
4 28
11 29
4 25
4 20
2 3
23 4
30 1
31 4
1 32
25 33
4 34
35 4
36 4
8 4
4 37
38 2
31 39
4 40
24 33
2 41
4 42
4 17
2 19
0 1
43 1
4 44
4 45
2 46
4 7
4 47
4 9
48 4
4 49
28 50
2 38
4 51
52 4
53 2
2 22
54 4
2 13
4 54
4 55
33 47
3 56
57 4
2 30
58 2
59 48
53 60
56 3
4 31
4 61
4 57
4 62
4 63
64 4
65 4
66 4
67 8
30 2
68 39
69 4
4 70
71 22
72 4
26 25
4 30
18 4
39 73
26 2
22 71
4 74
4 52
75 4
4 39
33 24
76 4
74 4
70 4
60 4
50 4
63 73
2 77
39 78
4 79
80 4
4 81
55 82
83 58
77 2
2 33
84 34
85 4
67 4
40 4
4 66
4 29
16 2
58 83
86 3
4 87
88 10
4 89
78 4
4 90
50 28
4 91
3 92
4 93
19 2
30 94
91 95
2 96
78 39
73 39
4 97
4 85
4 64
4 98
4 99
4 100
4 101
4 102
95 91
16 19
39 68
4 68
2 26
103 58
4 104
4 11
92 3
58 56
25 4
84 4
4 65
44 4
2 105
42 4
86 22
3 5
4 106
91 22
4 107
103 3
108 4
109 4
49 4
89 39
94 30
39 51
4 110
94 2
111 1
4 88
39 89
68 50
110 4
56 58
33 92
47 4
3 86
1 30
99 4
25 26
30 4
112 82
4 113
22 86
88 4
2 95
84 108
33 13
39 90
4 114
82 112
27 4
8 67
12 4
4 115
10 4
4 50
116 4
45 4
4 6
26 24
117 4
4 117
4 118
37 4
41 2
56 119
59 4
105 2
34 4
104 4
34 84
68 4
63 4
100 4
73 63
25 24
106 4
120 4
82 4
47 33
61 4
71 3
121 4
4 35
101 4
4 122
33 4
3 103
55 112
95 56
1 24
4 120
4 123
4 121
82 55
4 72
4 80
98 4
4 84
58 5
95 86
4 124
