#qgen
104
2022
10
314
1855
1972
96
19
1765
122
1335
222
542
1231
718
1488
1530
1097
1523
1232
1777
1269
858
492
1209
1295
189
333
1031
1949
1235
1067
601
1711
1620
1255
839
1580
1576
2036
1791
1801
821
1350
1611
1497
1500
1679
493
1455
1481
645
914
1031
592
396
351
1134
843
1302
1191
337
1819
1027
333
880
925
1458
187
1921
1785
571
86
432
544
68
1918
1964
646
1627
238
204
1501
1468
217
1924
792
1386
1885
1900
941
1446
1050
266
665
738
1710
2034
2030
653
680
704
360
195
1439
256
0 1
2 1
3 1
3 4
5 4
1 6
3 7
8 3
4 5
9 3
3 10
7 3
3 11
5 12
11 13
14 3
15 1
1 16
3 16
17 3
3 18
19 3
10 20
21 11
16 3
22 7
23 11
21 24
3 25
3 17
22 18
21 26
26 27
28 3
29 3
27 30
4 31
8 32
11 23
1 33
31 34
27 35
8 36
37 3
11 38
39 3
24 38
40 11
41 3
40 27
36 42
8 43
44 43
24 45
46 3
7 22
3 47
45 48
5 34
5 3
49 3
3 50
3 51
3 14
11 52
20 10
1 2
34 31
53 36
26 54
35 55
36 44
12 34
3 19
45 56
44 57
8 58
56 24
59 10
26 35
10 3
4 20
45 60
61 3
62 41
63 60
25 64
58 53
60 64
40 65
66 65
3 57
57 44
3 67
31 4
3 43
18 68
5 58
44 59
3 69
44 65
22 68
62 47
3 46
66 24
38 56
58 70
40 66
3 71
12 4
20 3
70 5
58 17
59 72
34 17
3 30
73 57
74 48
75 58
55 74
26 40
59 76
60 77
78 3
64 63
3 79
58 5
34 10
43 8
62 80
58 12
63 64
31 10
3 81
74 82
43 76
43 75
59 83
84 11
45 82
85 77
35 24
60 73
20 58
11 66
34 5
24 35
86 3
68 87
10 83
65 64
62 18
3 9
55 81
27 88
84 74
65 56
73 38
5 42
77 80
89 28
68 29
62 76
45 65
89 31
58 75
45 11
58 3
43 44
75 36
54 88
60 40
66 82
40 64
90 68
4 12
55 60
11 91
11 21
52 45
29 92
88 3
77 93
35 64
65 66
26 60
28 89
60 45
77 75
56 40
44 62
26 66
3 94
34 95
3 96
35 66
77 11
19 67
40 45
65 88
82 60
22 90
42 31
65 52
72 76
26 65
76 62
45 52
76 43
72 3
18 92
3 29
11 82
60 11
38 77
80 3
65 44
82 88
57 89
40 52
65 38
27 82
76 93
45 40
64 74
97 81
67 3
98 4
31 12
48 52
3 53
4 3
88 97
82 35
60 66
74 64
74 63
50 62
36 59
95 34
58 73
73 59
38 40
99 2
30 3
100 3
4 17
54 52
3 101
75 72
69 16
78 44
92 18
11 40
11 102
103 6
