#qgen
109
306
1306
942
560
1054
1993
463
1705
140
2035
735
81
1591
1692
1497
1850
1295
137
666
263
840
1516
1163
1634
544
1795
1641
1419
1814
768
1909
997
535
375
1716
1488
1940
973
1003
797
1160
296
1739
2001
1228
746
188
1399
1890
1955
743
1654
1195
1700
704
2013
714
1445
979
1498
133
252
509
881
1272
1888
1203
717
1305
1679
1984
372
1660
1210
1997
755
1202
591
65
1892
441
2008
1341
1325
248
598
292
1330
143
986
1918
209
1240
617
1185
143
1809
1785
523
177
1146
534
1846
1731
1043
1529
1513
282
1309
256
0 1
2 1
3 1
4 3
1 3
2 5
6 4
7 6
7 8
6 9
7 10
11 9
10 12
9 13
11 14
2 15
16 11
11 17
18 12
18 19
16 20
21 9
10 22
22 10
7 23
24 7
10 25
11 26
27 21
20 28
29 7
3 30
31 9
1 32
33 27
13 34
35 10
27 36
11 37
7 38
23 10
35 39
40 38
41 6
42 13
26 43
11 8
18 9
13 44
1 45
9 46
47 10
17 14
38 32
43 48
28 49
3 50
51 12
13 9
44 52
8 7
18 43
1 53
54 18
21 36
55 43
56 3
57 53
32 34
19 18
8 58
7 40
29 14
7 9
10 59
60 57
61 46
21 62
10 63
64 11
22 23
23 22
36 33
3 60
43 11
65 27
66 39
20 14
64 3
67 3
13 17
10 68
69 27
13 20
70 44
9 44
71 10
69 62
29 8
3 72
17 49
29 13
9 61
63 73
53 24
65 21
74 62
20 49
30 3
9 11
72 50
29 40
43 75
27 76
77 35
17 7
10 78
21 79
80 28
12 81
27 82
78 83
84 29
9 31
85 13
34 17
16 58
36 86
13 42
53 29
65 42
55 87
88 84
89 77
44 88
27 86
28 20
35 66
1 61
24 29
65 86
90 69
7 14
34 91
69 21
63 70
53 87
75 43
11 92
34 13
61 1
93 69
13 85
38 40
3 67
62 42
74 3
21 94
13 29
17 58
45 1
3 95
9 96
2 0
86 97
96 75
36 27
58 16
43 25
58 28
75 96
13 48
96 18
1 88
84 91
71 77
65 90
61 43
29 48
7 24
3 64
33 36
88 98
49 14
46 9
7 1
76 3
11 99
23 83
28 16
42 86
29 24
19 83
83 68
38 24
58 14
83 47
2 100
53 57
10 23
32 63
38 87
48 29
92 101
38 46
26 36
82 69
42 21
9 102
18 25
38 29
10 51
0 2
28 58
74 36
98 9
30 64
42 65
87 24
3 76
3 103
28 8
99 27
84 22
1 34
60 1
68 77
87 55
60 3
63 32
92 88
53 38
75 9
88 28
38 53
68 104
95 3
23 34
11 61
10 105
77 88
78 71
24 87
77 83
17 21
65 6
106 6
107 87
61 86
62 35
108 103
69 65
83 59
27 99
18 10
98 61
