#qgen
55
306
1306
942
560
1054
1993
463
1705
755
535
1051
1003
1195
1185
1716
140
1700
1330
544
296
1160
1139
1997
133
735
209
746
666
2001
2013
507
930
248
380
1513
1634
509
143
1731
252
743
271
137
822
1202
2035
1272
1909
1659
497
717
1210
1660
1850
143
128
0 1
2 1
3 1
4 3
1 3
2 5
6 4
7 6
7 8
6 9
6 10
7 11
12 7
11 6
8 13
1 14
9 14
15 7
9 16
16 17
16 18
19 6
7 20
21 7
22 3
23 3
7 24
20 7
18 17
25 14
26 3
1 27
6 28
1 29
25 24
8 30
31 6
25 21
7 32
3 33
34 6
29 28
32 35
3 36
37 8
21 25
38 3
6 34
39 7
1 2
6 16
7 21
16 9
27 24
37 40
22 36
41 1
42 7
6 43
40 37
44 3
17 11
2 0
35 11
14 24
37 45
14 1
45 42
24 32
11 14
36 3
3 26
45 8
3 46
10 6
46 47
39 37
14 11
6 45
7 12
14 42
14 37
36 22
16 1
7 35
17 35
28 27
45 7
48 1
39 1
7 9
6 7
17 16
7 45
39 28
49 3
6 31
50 37
47 3
51 1
30 8
8 7
46 3
45 37
14 35
18 11
52 37
11 21
37 1
50 3
49 33
17 21
46 26
35 14
21 24
3 4
5 53
11 18
16 32
30 6
24 14
47 46
21 16
54 3
7 17
8 37
25 7
18 32
