#qgen
46
470
297
245
79
435
71
254
384
499
307
119
263
70
52
150
320
87
376
272
362
157
409
332
62
253
480
443
175
209
237
451
445
427
387
95
9
95
114
335
340
122
7
125
214
479
302
128
0 1
0 2
1 3
0 4
0 5
0 6
1 7
3 8
0 9
10 8
1 4
9 11
0 3
0 12
13 3
0 14
0 15
16 3
13 14
0 11
8 11
13 8
0 16
8 17
7 11
13 17
18 3
19 8
20 14
3 11
12 19
21 11
0 10
22 11
0 19
13 6
0 21
21 17
0 18
1 8
19 14
10 13
0 23
0 22
24 22
24 11
0 20
0 7
0 25
26 22
0 27
10 14
20 8
8 21
0 13
0 17
4 11
9 20
17 11
0 28
27 15
7 8
15 29
0 26
0 30
0 31
14 11
0 29
0 8
13 18
10 11
26 24
27 4
13 11
16 27
4 8
7 10
0 24
26 11
18 11
10 3
14 21
4 3
14 17
8 14
8 32
10 32
11 32
2 32
8 33
33 32
32 34
14 34
17 34
33 34
35 34
35 5
35 33
35 3
35 20
35 8
35 2
35 30
35 27
35 17
35 18
35 9
35 7
35 36
36 13
36 1
36 4
35 37
35 38
35 39
39 6
35 40
35 41
35 42
35 43
36 43
42 43
43 44
36 44
42 44
42 45
44 45
36 45
