#qgen
64
470
487
304
65
26
175
245
264
299
393
435
185
499
177
132
254
381
103
212
231
270
153
285
409
119
52
48
331
209
102
150
376
331
470
253
303
384
307
157
198
429
272
435
320
71
297
362
332
263
79
70
87
41
297
473
443
62
237
314
306
114
445
451
480
256
0 1
1 2
2 3
0 4
0 5
0 6
1 7
8 2
0 9
9 10
2 11
10 12
0 13
0 14
10 3
0 15
0 16
9 2
11 17
17 18
7 19
8 12
0 20
7 21
22 6
12 23
2 6
8 24
25 15
26 2
14 27
11 28
0 29
12 30
1 11
7 8
0 31
27 32
0 3
29 2
23 31
33 10
0 7
0 34
35 29
12 31
0 36
0 26
0 37
38 30
0 8
39 10
40 8
8 17
0 28
40 38
2 36
8 21
40 9
0 21
40 26
29 6
27 26
0 41
0 42
0 33
9 32
0 43
0 44
45 12
14 7
46 30
35 2
42 12
34 47
1 9
27 4
47 48
8 39
7 35
37 48
24 12
45 49
8 11
0 50
0 45
8 33
7 32
21 11
50 46
17 10
8 29
33 6
20 7
26 9
8 9
11 10
51 49
19 10
49 12
52 14
41 49
27 8
40 35
38 12
10 6
0 19
31 48
5 43
29 10
26 1
53 1
0 2
1 54
27 21
1 21
40 4
0 10
14 40
55 34
0 46
0 54
51 5
8 35
25 12
27 35
30 31
0 56
25 41
27 7
19 22
8 32
8 6
0 17
11 6
41 48
10 24
35 9
27 40
40 29
0 23
0 57
0 32
0 40
5 42
58 27
8 18
18 19
49 48
0 30
36 12
0 24
0 52
34 48
11 39
24 30
20 33
16 7
27 53
14 9
25 30
58 9
59 40
0 11
16 43
40 1
0 25
0 60
30 23
36 48
0 47
24 48
55 48
0 53
58 35
9 3
0 48
8 3
43 57
45 42
4 8
35 10
0 55
27 9
58 7
46 12
1 8
0 61
37 38
0 49
29 12
23 48
27 11
53 9
59 27
0 59
24 49
42 48
3 6
58 8
25 49
3 12
0 58
25 31
9 29
0 62
0 18
54 9
7 54
0 51
8 54
19 33
59 14
10 38
1 17
55 47
58 59
7 29
0 63
30 48
8 10
17 33
18 33
33 39
0 22
12 48
0 39
25 48
40 7
7 17
27 1
2 10
35 19
11 33
0 12
0 27
14 26
16 1
17 19
52 27
4 1
45 36
14 35
26 29
7 9
33 22
36 24
7 33
42 49
24 25
1 29
18 10
27 2
32 29
18 12
58 14
