#qgen
64
19
444
333
316
126
125
9
204
28
395
505
296
466
134
317
340
389
425
86
171
26
233
216
333
443
431
316
228
100
418
392
72
89
224
291
211
275
44
411
412
181
470
17
21
268
464
297
163
331
28
161
208
189
330
389
475
73
127
232
324
312
96
405
414
256
0 1
1 2
3 0
4 1
0 5
6 5
7 2
8 0
4 9
7 10
0 11
4 12
13 9
14 0
10 15
11 16
7 17
18 15
17 15
19 13
8 20
21 17
22 5
3 15
23 6
24 6
22 25
11 9
14 26
11 22
27 6
18 28
4 29
15 30
14 6
22 6
31 14
32 14
11 33
34 0
7 11
17 11
35 9
1 29
17 13
1 36
37 22
34 38
34 39
18 40
21 41
42 11
15 43
44 41
24 16
43 30
45 8
14 17
7 9
38 46
47 39
18 21
47 21
3 11
48 5
49 39
45 11
38 27
15 33
31 50
51 30
28 40
7 33
14 4
32 52
53 27
42 6
19 53
54 25
45 4
6 39
26 12
18 51
31 25
47 11
24 2
17 41
23 55
18 37
31 34
19 36
15 56
10 16
7 57
19 26
20 16
4 6
47 57
48 7
32 21
34 28
26 0
12 36
54 58
15 5
30 5
28 46
13 12
53 30
14 59
18 49
49 51
34 51
3 34
51 22
57 5
26 4
14 5
35 50
53 25
47 45
48 13
28 4
8 9
22 58
28 26
31 30
31 35
53 22
0 50
53 12
13 25
35 0
35 30
13 50
7 19
48 57
4 55
21 22
42 26
19 59
31 4
57 24
12 39
7 28
10 51
18 58
45 12
35 15
38 12
2 39
35 13
32 50
7 34
32 25
51 13
47 59
14 27
60 5
35 20
48 14
54 19
59 53
34 16
31 10
12 56
31 26
17 8
17 25
10 37
57 59
31 2
15 27
31 24
15 53
42 25
61 52
0 15
28 1
48 15
28 12
4 13
48 40
34 5
11 44
19 24
21 37
38 8
0 53
54 31
62 39
54 14
11 60
38 41
45 59
61 25
7 51
48 22
54 50
57 28
47 63
49 50
34 53
13 63
22 62
8 13
3 10
21 35
8 22
4 30
8 1
26 22
8 12
47 60
34 35
21 25
17 27
13 33
54 41
17 33
37 5
31 45
48 51
45 17
42 21
40 39
34 6
48 37
32 17
21 5
59 20
15 24
4 20
13 39
38 53
53 29
47 24
45 55
11 50
59 43
19 2
37 13
19 22
32 10
32 11
49 11
47 58
45 38
31 33
49 35
26 11
48 47
21 28
10 17
54 15
59 6
