#qgen
32
418
272
327
204
226
48
327
314
260
185
208
304
347
126
133
433
374
231
108
412
338
331
237
85
467
51
158
242
211
53
133
226
128
1 0
0 2
3 2
4 3
5 2
6 4
0 7
8 3
9 7
10 2
0 3
11 7
0 5
3 12
0 13
14 0
1 10
5 15
15 16
11 4
3 17
8 17
18 2
4 19
20 7
12 16
8 20
5 21
22 0
4 23
23 7
21 16
5 7
6 9
23 15
0 24
14 2
19 16
8 10
23 21
25 2
20 11
25 13
5 3
0 4
15 26
8 5
3 16
3 19
27 4
11 16
9 20
21 19
27 16
28 17
6 13
8 14
7 24
29 16
28 11
23 13
4 12
15 7
20 0
14 28
10 3
10 0
23 19
30 0
12 19
28 18
8 4
4 17
12 31
14 10
5 13
27 5
0 29
25 10
23 12
5 16
7 2
4 2
4 15
6 0
11 0
14 25
9 13
9 11
9 28
11 2
10 4
27 17
21 13
10 7
12 17
0 15
9 17
14 11
1 2
3 29
8 18
30 7
14 9
25 1
28 0
27 21
12 13
1 28
9 10
20 4
12 7
17 31
9 18
23 16
25 18
17 13
8 9
26 7
17 2
0 27
17 15
12 26
0 16
28 7
0 21
13 19
19 7
