#qgen
32
142
471
110
132
91
84
505
404
503
301
55
80
511
482
44
303
274
220
477
228
64
58
487
24
86
202
317
143
484
11
340
200
128
0 1
1 2
1 3
2 4
1 5
6 1
6 7
2 3
8 6
1 9
3 10
6 5
8 1
7 4
8 11
12 7
13 7
6 14
15 9
14 16
1 17
8 18
17 13
18 19
1 10
0 20
13 21
3 7
18 14
20 10
22 21
17 23
24 23
20 3
25 7
20 4
22 13
6 9
14 25
8 26
14 27
1 16
2 25
1 15
12 16
1 14
22 16
18 6
14 10
15 7
28 5
25 16
2 29
3 30
22 14
6 3
20 2
14 7
14 9
1 23
3 16
22 9
6 0
6 2
0 26
19 9
26 11
28 14
1 27
9 5
14 4
25 27
16 9
9 11
28 0
25 4
14 21
29 17
24 26
5 11
8 4
27 4
2 7
18 9
14 13
1 29
18 0
1 22
25 10
18 10
1 11
0 11
22 3
2 13
3 27
29 3
30 21
24 0
1 13
1 30
6 11
22 7
1 19
2 14
2 10
1 21
10 27
23 30
28 26
17 7
6 19
8 5
8 0
29 16
1 31
21 16
17 31
1 7
18 26
7 16
23 16
1 25
6 16
2 16
14 3
22 17
7 9
3 13
