#qgen
63
142
471
24
99
368
33
340
409
281
301
84
404
448
110
487
95
11
123
72
352
177
482
426
202
477
64
44
103
505
55
320
45
58
228
91
240
484
132
273
220
304
484
319
274
80
219
156
303
474
335
444
116
317
86
503
271
496
117
471
63
143
511
200
256
0 1
1 2
1 3
2 4
1 5
2 6
7 5
2 8
9 7
1 10
11 3
7 12
3 8
13 7
14 12
11 15
16 12
9 17
18 12
19 17
1 20
21 11
16 22
23 22
24 1
0 25
26 18
6 22
21 27
18 27
28 26
26 29
29 30
8 31
32 15
33 9
34 22
13 30
23 35
18 20
24 36
4 36
37 5
1 15
25 23
28 1
26 38
14 36
29 22
16 37
13 23
39 27
40 5
36 7
41 26
9 10
42 7
18 22
26 21
3 12
16 8
24 20
1 43
19 7
0 44
45 20
23 30
26 46
14 4
13 38
28 11
47 42
22 38
21 22
1 48
12 46
27 36
32 43
49 44
13 45
32 12
42 12
8 42
22 36
26 31
1 31
1 16
1 50
23 34
23 51
5 52
53 0
54 9
6 42
45 8
43 9
37 55
1 47
3 19
1 40
14 46
16 19
1 22
28 4
56 4
2 12
28 19
53 42
47 55
36 17
33 12
23 11
41 0
25 51
1 19
28 55
37 29
1 57
49 31
14 20
28 36
1 32
15 42
16 3
8 36
30 55
14 39
18 4
34 30
26 19
26 7
9 36
14 3
9 22
14 35
9 18
26 12
1 7
7 31
11 12
22 55
23 43
28 57
22 58
11 19
36 31
37 11
21 4
59 38
6 32
23 58
25 37
21 7
16 4
48 30
22 17
60 48
14 8
26 34
29 35
37 60
54 48
3 27
1 61
28 8
56 19
9 12
24 52
23 38
18 36
1 38
27 8
55 5
34 48
55 40
41 19
24 26
11 9
28 35
21 19
18 38
13 26
47 8
37 31
27 19
39 2
11 59
37 18
12 51
1 51
11 36
15 7
1 55
14 42
32 8
54 10
2 32
43 20
1 9
28 38
37 4
3 18
1 8
37 12
45 50
0 10
53 56
22 31
24 10
28 48
19 5
37 57
28 5
16 20
26 59
29 51
22 35
54 1
11 31
1 62
11 4
28 33
9 31
6 43
6 12
32 20
43 18
26 9
45 5
21 31
2 3
45 12
26 35
4 42
30 59
24 33
4 38
29 34
9 48
15 36
37 17
16 46
14 11
27 31
1 34
14 2
16 17
24 38
5 46
54 37
26 32
11 27
43 22
1 14
53 19
37 43
