#qgen
31
49
98
390
394
503
264
467
38
48
41
365
335
50
313
337
248
72
63
473
83
23
481
205
302
44
493
474
490
219
126
403
128
0 1
0 2
3 2
4 1
4 5
6 3
7 2
8 4
6 9
10 4
11 9
8 12
13 5
10 14
8 5
13 15
16 2
10 1
10 2
4 6
6 15
0 3
17 15
3 18
17 18
1 9
16 6
19 17
8 20
2 21
4 21
10 16
13 2
0 5
0 4
22 1
15 21
23 9
19 24
15 9
0 25
17 21
26 3
22 12
11 18
18 15
10 27
28 18
26 20
16 24
17 3
6 21
28 17
20 2
13 12
22 15
4 18
0 28
14 27
16 23
12 3
0 27
29 6
8 16
0 6
8 18
19 11
17 24
28 21
18 9
4 20
0 14
4 24
10 21
13 21
19 26
29 3
24 2
15 27
2 9
24 23
26 23
12 9
16 27
24 1
8 1
10 9
8 9
3 21
3 15
22 2
8 13
3 23
19 10
28 20
4 23
29 26
29 9
0 10
24 21
26 27
6 12
22 30
4 12
19 22
12 21
13 1
29 1
16 15
19 27
19 4
14 15
29 17
17 30
19 8
22 24
29 21
0 21
6 24
23 2
3 9
10 17
12 17
8 24
1 2
10 23
19 13
1 21
