#qgen
61
49
337
403
222
390
285
50
302
452
23
244
41
72
445
141
177
86
365
48
313
378
297
481
490
318
63
381
394
134
306
83
264
503
404
98
76
474
467
126
248
234
473
50
113
390
400
4
44
223
175
116
335
219
473
158
119
205
52
493
388
38
256
0 1
0 2
3 1
0 4
5 3
6 3
3 7
6 8
9 7
6 10
10 11
12 9
13 7
14 10
15 7
14 16
5 8
3 17
5 10
10 7
8 18
0 19
20 18
6 21
20 22
3 23
10 18
24 22
24 11
5 25
26 7
15 27
6 17
0 28
0 26
4 29
30 19
24 13
31 25
13 32
33 1
34 23
35 7
18 36
17 37
25 22
33 15
38 27
33 39
40 25
8 41
32 11
30 42
6 38
20 35
43 25
24 9
39 2
35 23
27 44
8 30
45 44
35 12
14 15
1 11
14 31
43 19
46 30
40 47
16 19
15 9
0 12
33 9
48 17
26 21
49 36
9 23
6 35
46 25
6 9
50 42
51 44
30 17
30 52
5 18
53 5
18 22
14 42
8 22
8 25
42 7
15 21
8 9
19 52
40 46
54 9
53 55
35 17
18 2
52 42
53 56
50 12
54 44
10 23
47 39
20 36
6 44
26 5
30 41
46 37
10 35
57 25
35 34
33 35
35 16
50 44
46 44
55 58
24 12
6 18
8 34
19 23
21 46
15 23
5 11
18 52
26 34
15 3
0 8
32 41
0 24
0 58
6 23
50 51
50 10
0 3
54 19
15 49
57 6
19 11
47 11
16 32
0 35
5 48
53 9
26 17
3 38
8 12
54 17
15 58
16 13
26 54
53 58
57 59
6 32
26 3
59 18
54 37
48 7
59 19
33 22
33 8
20 37
40 32
8 32
39 44
56 34
49 32
50 11
53 60
5 34
39 23
16 23
5 40
52 32
37 27
26 22
38 44
45 53
6 11
44 11
40 11
59 37
21 10
20 11
0 37
14 44
37 47
53 38
21 47
14 51
18 56
50 35
59 56
57 10
58 1
46 38
5 30
53 35
45 7
5 47
45 56
50 36
53 19
3 12
30 22
48 10
27 34
24 17
32 9
58 38
33 54
20 32
42 27
5 22
56 41
28 41
21 17
53 30
27 22
14 3
37 7
6 25
49 44
47 7
15 53
0 22
17 1
20 47
48 35
49 9
25 47
48 32
5 42
20 9
40 38
33 27
21 19
21 36
42 9
36 34
24 16
8 1
14 41
8 39
6 40
18 11
49 47
57 23
3 19
20 21
31 42
10 22
30 27
26 56
15 59
