#qgen
34
1217
1214
866
1023
1211
910
1133
817
1153
779
1173
1189
745
2059
1018
2766
1190
1154
1079
1151
975
974
1152
520
3153
3115
2659
1905
1769
1342
785
1339
1330
1329
64
0 1
0 2
1 3
0 4
4 5
4 6
1 7
6 5
8 7
1 9
1 10
4 11
1 12
13 0
1 4
1 6
1 11
10 9
1 8
1 5
1 14
15 0
4 7
4 16
16 7
16 17
16 18
17 8
8 19
17 19
17 20
20 21
17 21
8 21
8 22
8 23
14 23
18 23
1 23
16 23
4 23
7 23
24 8
24 25
24 17
24 26
26 1
24 27
24 28
24 29
24 30
13 29
29 1
29 31
13 31
29 32
32 33
33 23
32 5
33 14
32 14
33 5
29 33
32 1
