#qgen
62
1217
1214
2059
111
156
3318
3298
15
27
155
3218
3221
70
116
779
289
3291
520
104
41
191
3224
174
668
3265
331
3234
671
209
567
910
1211
258
3325
475
176
682
3352
177
261
679
1
685
1133
260
736
3353
817
26
745
673
179
695
2766
643
1153
1189
22
3289
1173
290
1018
256
0 1
2 0
1 3
4 3
5 4
5 6
4 7
6 8
9 7
6 10
11 1
12 7
13 7
1 14
1 15
16 3
1 17
13 18
1 19
6 20
21 1
20 12
20 8
17 22
23 9
16 24
14 25
26 18
27 4
9 18
4 12
1 28
10 19
24 19
1 29
30 7
16 31
17 32
4 19
33 10
6 9
16 10
34 4
31 35
28 12
36 7
5 28
33 16
37 1
9 8
38 35
6 19
1 39
40 12
26 1
26 17
40 4
40 27
37 12
24 12
6 28
19 41
16 40
33 27
42 12
31 17
3 7
1 22
6 43
16 8
16 41
16 44
31 28
28 38
15 44
18 7
16 1
26 31
45 35
5 34
2 12
34 41
31 15
10 4
10 45
34 18
46 28
47 17
12 48
5 7
1 27
49 23
50 34
45 17
28 13
40 9
26 4
46 19
17 12
26 12
43 51
1 52
53 0
28 41
31 30
16 43
1 7
51 38
6 18
1 47
6 4
10 31
54 38
47 22
55 17
30 8
33 8
33 9
42 36
42 27
31 18
45 54
34 12
16 27
17 44
56 40
37 33
27 28
54 17
19 8
5 16
17 39
10 28
5 26
31 8
5 18
24 30
12 41
46 4
54 44
25 12
54 8
18 8
10 20
1 40
43 38
26 28
9 12
10 7
20 38
24 1
51 35
21 19
18 57
21 12
23 4
37 16
45 8
42 40
3 19
25 28
31 3
24 41
58 1
30 9
1 25
9 41
1 9
16 30
17 25
1 44
47 44
33 41
11 13
34 9
44 38
17 8
46 1
45 7
29 20
30 28
43 12
46 18
10 41
1 49
1 42
26 19
33 18
10 36
18 48
30 27
1 57
50 27
18 12
5 9
10 1
16 17
54 18
5 43
1 59
28 3
6 7
49 50
1 34
50 23
28 8
0 31
1 32
15 60
17 7
26 41
6 24
33 28
34 7
44 22
30 45
27 8
33 7
10 54
27 41
37 31
6 1
31 36
33 19
40 17
1 38
36 27
1 18
23 28
46 38
1 41
31 56
5 30
1 4
58 31
33 36
36 12
46 31
37 43
33 38
30 4
29 19
6 3
36 38
40 57
29 41
27 23
26 7
1 12
1 13
1 61
40 50
5 36
31 54
17 28
28 51
