#qgen
32
226
514
700
231
229
227
508
509
212
271
177
109
104
207
515
228
319
499
99
124
511
274
154
101
570
744
277
127
126
155
280
107
128
0 1
1 2
1 3
4 3
5 3
0 6
6 7
0 8
6 1
4 9
7 2
10 4
0 11
0 12
0 13
12 11
0 14
15 12
10 16
17 11
18 17
11 19
5 12
12 9
8 16
0 16
15 20
21 11
0 22
23 5
21 22
5 2
14 2
13 8
0 24
25 21
17 26
0 7
0 10
4 2
12 20
8 9
24 16
20 14
12 27
0 28
10 17
13 19
26 22
18 4
7 14
21 27
0 15
24 28
17 8
12 28
0 27
5 6
5 29
0 26
30 19
4 17
4 11
0 5
24 22
6 20
0 31
29 14
9 11
5 1
28 29
7 3
13 21
15 29
0 30
5 7
17 30
25 11
0 25
13 17
0 21
18 9
10 31
7 1
8 31
3 2
18 27
25 8
13 9
15 3
25 9
15 6
17 9
21 31
10 8
6 12
4 8
23 11
6 3
25 22
17 19
15 2
0 18
7 20
0 3
15 1
26 28
25 17
17 21
0 29
8 26
26 19
25 10
20 2
0 19
1 29
6 4
18 25
13 12
26 30
0 23
4 31
5 14
23 12
6 2
28 27
14 3
7 29
