#qgen
58
2575
2574
2528
2595
3457
2486
2481
2484
2819
2593
2523
2534
744
2448
2442
2581
2498
2589
2544
2493
2440
2688
2452
2488
2511
2692
2420
1718
2583
2499
2524
2487
2545
2496
2635
2647
2527
223
2533
2514
2627
2490
2501
2457
628
2509
2416
2525
2495
272
3049
2526
2483
2592
2491
448
2510
2489
256
1 0
1 2
3 2
4 0
3 5
2 6
5 7
8 1
9 1
10 7
9 11
1 12
2 13
6 14
15 5
10 16
9 16
17 15
8 2
15 18
19 6
9 20
21 15
22 20
23 14
24 23
11 16
3 24
25 2
9 19
23 26
27 12
28 11
29 19
30 14
10 31
3 10
32 5
33 14
9 7
34 32
8 35
9 36
5 37
38 26
23 22
30 31
32 10
39 19
40 38
5 14
1 38
16 33
35 41
40 42
3 43
36 44
16 26
10 42
35 1
35 40
41 6
19 22
15 14
45 44
11 2
31 46
3 20
10 24
9 26
47 14
9 14
48 20
28 32
16 22
32 11
36 14
9 44
28 39
1 49
9 39
36 37
50 1
40 29
32 31
1 24
51 37
25 52
17 45
53 6
28 44
18 11
15 38
10 39
31 52
54 14
42 14
28 20
19 31
31 26
40 36
53 43
53 51
16 52
24 44
16 41
33 37
2 33
38 29
19 23
2 20
1 55
15 56
38 2
51 30
31 6
3 28
24 57
39 41
21 41
35 34
34 23
48 44
8 9
40 45
28 43
24 52
38 10
40 9
9 6
1 44
28 5
5 52
1 11
24 22
32 56
16 43
15 44
35 54
28 6
47 49
40 54
7 52
51 14
40 1
47 52
38 22
3 52
43 22
18 38
28 45
17 28
5 6
38 24
28 37
2 5
18 14
22 12
31 13
25 41
53 20
45 14
34 37
28 29
29 14
16 20
18 51
35 39
38 47
11 44
2 24
36 54
9 43
31 7
8 21
34 10
53 7
36 47
35 15
34 44
35 11
5 22
11 10
53 17
32 43
2 47
48 19
47 6
15 45
48 43
38 48
53 52
11 41
29 46
48 26
45 29
54 5
16 6
25 21
2 43
20 37
38 23
40 44
36 45
44 37
48 5
47 5
3 15
2 30
28 22
51 44
52 14
30 56
9 38
39 48
34 19
10 43
17 51
34 30
28 30
15 29
24 29
32 26
38 30
56 12
24 14
17 37
51 19
30 22
53 2
28 23
56 5
40 28
32 19
17 1
45 22
30 52
34 6
28 54
48 31
32 39
53 24
16 5
25 18
50 41
35 2
9 2
11 7
19 44
35 53
47 43
51 47
17 42
24 45
29 52
53 37
