#qgen
30
2575
2574
2533
2595
3457
2452
2593
2627
2442
628
223
2511
2528
2544
2692
2545
2524
2635
2487
2647
2688
2819
2486
2534
272
35
744
3049
1718
1383
128
1 0
1 2
3 2
4 0
3 5
6 1
7 3
1 8
1 9
7 9
7 10
1 11
2 12
6 13
5 9
14 9
8 9
15 13
2 16
17 12
18 5
19 7
20 12
21 19
11 22
1 15
15 8
2 9
17 1
6 22
19 16
20 9
22 8
13 16
21 9
6 23
2 11
6 2
13 8
3 22
23 24
4 25
5 26
2 10
19 13
12 11
27 14
16 5
22 10
23 22
2 18
1 23
7 22
17 23
21 20
7 1
20 16
17 7
19 5
1 22
15 22
3 6
14 10
6 10
1 13
21 1
17 13
2 22
15 5
5 8
7 6
17 3
11 10
14 12
23 8
6 11
17 6
3 10
15 12
1 5
3 8
16 18
1 28
13 23
14 19
1 16
17 16
12 16
19 9
13 2
19 12
6 8
7 12
6 5
20 13
7 23
7 15
12 10
17 10
12 22
17 15
23 18
28 26
7 18
17 11
7 11
14 16
1 10
13 12
12 9
1 25
1 29
6 9
20 1
14 13
23 2
19 1
15 11
17 22
16 10
15 16
14 11
19 23
3 23
20 17
16 11
11 18
3 9
