#qgen
29
170
147
154
204
201
1818
2401
194
186
2699
2137
160
190
189
163
187
192
196
159
583
2581
188
191
3941
197
193
195
200
202
128
1 0
2 0
1 3
1 4
0 5
6 3
5 7
1 8
6 7
2 9
10 7
11 8
9 12
11 13
14 3
11 15
12 10
11 16
1 17
9 11
18 0
6 16
14 10
2 8
15 19
12 7
5 16
15 12
12 5
5 3
18 13
7 3
18 7
20 0
20 6
8 12
12 17
2 3
15 17
6 5
8 21
18 8
2 14
6 22
13 7
23 10
2 11
2 18
12 6
5 22
21 19
7 17
14 13
11 19
12 16
12 22
1 2
1 24
8 7
9 18
11 5
9 3
23 18
0 6
6 19
14 5
9 14
1 14
10 16
22 7
14 8
2 16
1 25
23 16
11 22
11 10
14 7
19 22
23 19
0 10
10 3
19 16
21 6
1 7
8 15
1 18
15 21
23 14
12 3
23 5
14 6
14 12
14 22
8 3
13 22
2 7
14 21
15 3
6 10
13 6
21 16
9 0
11 21
14 0
21 22
13 3
11 12
11 6
2 21
10 22
15 6
9 21
11 7
26 24
21 13
1 22
1 12
19 10
23 0
19 7
1 27
16 7
2 12
22 16
18 25
1 28
1 16
13 12
