#qgen
37
5033
4182
2254
2379
172
3587
4181
188
166
10
2768
635
2518
614
182
475
2512
2819
56
1813
94
876
242
601
5030
2407
2920
576
2193
2112
892
960
1465
5765
3696
1811
1809
128
0 1
2 1
2 3
2 4
5 3
6 1
5 7
4 8
2 9
10 9
2 11
12 3
2 13
14 4
10 7
3 9
3 15
12 16
1 17
12 7
3 18
7 8
2 16
7 4
3 14
2 19
2 15
19 4
2 7
2 8
2 20
13 9
16 7
11 4
9 4
3 21
7 22
3 8
18 14
12 21
2 23
24 0
3 4
25 4
5 9
19 22
16 8
12 9
26 12
12 8
5 4
2 25
26 3
7 21
7 14
8 21
8 27
26 8
26 19
10 19
12 18
2 10
16 4
10 4
7 9
26 14
19 8
5 1
2 28
19 5
26 15
2 21
5 12
2 12
10 8
23 21
1 27
10 3
19 9
19 12
26 21
2 26
16 21
2 22
29 4
26 4
26 10
2 30
29 31
16 9
10 12
14 8
10 14
2 31
2 18
18 4
2 29
26 18
12 4
3 7
28 4
18 7
26 7
2 14
19 21
19 32
32 9
32 12
32 16
19 33
19 34
34 12
34 3
34 4
34 7
35 4
34 15
34 14
26 35
19 35
10 35
35 14
35 25
35 8
36 8
19 36
10 36
26 36
