#qgen
60
5033
4182
2254
188
2467
2220
2518
1910
1426
166
1921
1542
4744
1551
1533
1556
2512
576
19
182
2462
3134
1933
876
1738
172
2056
2920
1901
1536
601
2379
2162
1908
1971
2193
1527
1961
1920
56
2603
4212
1421
1945
1813
2768
217
1537
3587
1743
960
845
475
10
614
635
2112
242
2407
2819
256
0 1
2 1
2 3
4 2
5 3
2 6
7 6
5 8
3 9
10 9
11 2
11 5
12 2
10 5
13 8
14 4
15 4
14 16
1 17
10 18
5 19
10 20
21 2
7 18
22 5
2 23
24 2
8 25
4 8
5 26
27 3
19 25
14 24
10 26
14 7
28 6
11 23
20 6
29 23
30 23
5 31
32 31
6 18
33 8
34 10
29 35
28 19
36 20
33 25
20 24
24 9
33 2
7 25
13 26
37 11
15 38
15 20
16 25
32 39
22 32
40 24
41 2
13 42
10 29
14 23
31 25
31 19
2 35
43 2
13 16
27 44
7 28
13 45
42 2
43 18
32 46
43 40
37 7
38 18
27 25
34 40
43 38
29 32
47 5
13 43
29 8
42 24
2 27
48 31
29 21
33 23
22 21
24 45
5 23
2 18
7 8
49 42
22 48
34 7
2 50
5 51
28 2
8 30
40 20
4 18
43 30
15 25
16 3
4 25
29 4
45 31
7 2
4 40
25 46
8 28
29 16
29 2
2 44
21 16
40 52
22 33
11 8
20 28
11 40
13 52
22 30
29 20
13 22
10 32
47 33
14 33
15 53
54 53
44 25
6 23
13 4
43 20
45 25
15 7
55 25
34 38
43 4
29 33
2 9
42 31
4 7
28 18
38 47
4 26
40 5
36 33
36 26
34 13
15 16
40 6
42 40
7 32
38 29
11 36
40 18
56 25
42 32
5 30
48 25
42 21
10 28
34 49
19 9
22 4
5 9
3 57
38 2
9 17
42 36
40 3
6 39
49 2
24 23
5 24
14 5
33 32
47 2
44 57
11 38
23 18
6 9
10 33
40 28
14 2
28 25
13 40
33 28
22 38
45 18
58 18
44 9
1 59
15 44
37 21
5 28
28 23
42 25
44 6
2 54
23 46
38 9
7 26
43 25
2 30
10 31
36 40
38 36
11 18
40 32
32 9
15 2
4 36
43 22
40 31
29 5
13 44
10 40
2 52
5 16
45 44
22 20
14 46
45 53
27 6
37 5
4 23
49 33
34 33
31 9
37 36
33 18
38 20
34 5
10 46
22 23
15 22
9 23
31 18
38 40
7 33
42 47
48 1
14 9
21 23
36 30
14 31
4 9
8 27
15 43
42 8
38 7
