#qgen
64
604
4
162
741
1842
91
132
1419
1841
136
1684
664
85
150
12
118
1123
564
112
27
40
1747
1186
120
367
8
1645
15
99
3
123
560
400
160
125
104
361
518
30
148
161
1833
214
149
100
897
128
90
561
1759
1846
357
1000
364
1306
648
53
135
111
502
1704
1425
466
372
256
0 1
2 1
3 1
4 2
2 5
2 6
7 1
8 5
4 9
10 2
11 0
2 12
4 1
8 12
9 1
8 13
6 14
8 15
4 3
16 6
17 6
15 18
8 1
13 19
2 20
21 1
22 2
13 23
24 6
4 25
26 1
22 27
27 1
6 28
19 29
30 19
31 24
32 27
9 27
8 33
13 6
13 34
23 35
8 18
8 23
36 35
2 15
0 37
31 20
31 14
10 38
3 9
39 9
17 36
2 40
30 38
41 20
8 19
36 14
42 1
38 29
19 27
43 39
40 38
40 44
41 25
23 38
34 38
21 38
4 16
5 38
45 1
43 34
36 1
13 46
6 47
48 1
49 24
8 6
34 28
50 4
35 44
49 0
32 40
8 25
2 34
20 27
20 1
34 18
2 28
2 19
8 28
48 31
2 47
8 40
50 30
51 39
52 1
22 53
48 20
7 54
46 47
37 24
2 27
55 0
8 2
13 15
25 1
39 44
34 44
54 37
2 56
46 20
39 57
51 47
17 1
16 0
39 18
2 58
37 20
28 38
8 43
0 53
15 25
13 25
8 30
7 37
9 25
9 20
57 46
10 1
46 28
48 39
26 48
45 59
46 44
59 39
8 56
54 0
34 35
3 37
37 56
60 51
40 34
41 27
50 45
37 57
35 29
13 30
61 1
8 35
4 27
8 57
8 20
46 30
37 59
50 27
2 33
62 6
21 2
59 1
8 39
46 56
53 46
38 1
46 35
58 35
52 53
6 46
61 36
38 25
41 9
60 25
24 51
6 34
13 38
59 20
2 35
60 6
2 44
50 2
22 38
8 29
23 15
2 13
4 7
50 9
53 36
43 6
30 25
32 1
8 9
29 1
0 63
57 6
2 14
36 51
2 38
2 23
2 46
41 1
43 46
51 18
30 35
40 20
46 34
8 10
8 26
0 24
20 19
13 44
4 20
8 60
60 39
26 32
10 9
2 43
4 30
39 6
31 9
61 47
8 47
45 25
60 1
8 38
22 1
4 32
4 14
4 19
9 57
9 19
6 35
52 6
40 39
60 61
40 35
27 25
8 44
3 51
26 27
43 38
50 21
50 55
4 8
17 31
46 23
50 19
38 19
39 34
53 34
53 51
38 27
2 18
61 22
32 39
38 14
