#qgen
43
604
4
564
1842
897
400
741
664
1846
561
367
1186
364
560
1833
518
502
1645
1684
1759
1306
1425
1123
466
1747
1419
1704
361
1841
648
1000
372
360
359
1181
1165
1151
1758
1457
1420
1415
1413
1373
128
0 1
2 1
3 1
3 4
5 1
6 1
7 0
8 3
2 9
4 1
0 10
11 1
0 12
13 10
14 1
7 15
4 16
17 9
2 13
3 5
8 4
18 16
19 0
20 15
9 1
20 0
16 1
21 11
3 6
21 2
22 0
20 23
24 1
3 25
25 15
15 16
25 20
26 21
8 24
3 22
2 27
19 10
28 17
21 4
3 28
0 15
18 1
0 23
12 27
15 10
8 29
21 1
6 15
11 12
28 1
21 27
30 12
17 5
9 13
8 1
28 24
11 15
0 31
29 0
26 1
28 18
18 21
28 26
23 5
30 1
13 1
25 1
17 1
29 15
27 1
27 32
32 33
12 33
30 32
27 33
12 32
11 32
11 34
20 34
34 16
34 6
18 34
34 29
34 5
34 15
11 35
35 7
11 36
36 12
36 33
35 30
28 35
20 36
19 36
19 37
3 37
19 38
18 38
38 16
38 25
38 10
39 16
18 39
17 39
28 39
14 39
39 25
8 39
19 39
38 31
39 35
39 13
3 39
39 15
39 34
39 40
28 40
40 34
40 41
40 42
42 13
42 9
42 5
