#qgen
31
2982
2981
2288
2355
2315
2467
1942
2357
2396
2001
2972
2966
2470
2324
2329
2289
2313
2316
2337
2323
2816
2471
2963
2873
2979
2320
2980
2817
2469
2144
2292
128
0 1
0 1
1 2
1 3
0 4
5 3
0 6
7 3
8 6
0 9
0 10
11 3
1 12
8 13
5 13
10 14
1 7
11 8
11 15
12 16
17 4
10 18
5 2
12 13
10 19
20 15
7 15
1 5
10 8
1 18
1 21
22 8
1 23
0 13
1 16
7 9
22 23
7 17
1 9
18 15
11 14
24 2
24 3
22 18
18 25
18 13
11 17
0 3
7 25
26 8
21 25
23 17
22 2
1 15
10 15
21 18
0 27
0 19
0 21
11 22
3 15
8 2
26 2
26 7
8 4
5 17
28 18
21 3
16 15
0 5
0 16
8 18
15 2
21 5
5 15
0 29
1 26
26 29
21 2
10 28
24 9
0 30
10 7
26 14
26 4
26 27
11 21
5 7
0 14
12 28
24 21
24 5
21 17
0 18
21 15
1 8
12 7
12 18
22 7
25 2
13 15
12 8
13 25
24 23
23 18
0 11
0 12
26 24
0 24
3 18
10 21
18 9
26 5
22 21
16 2
11 13
21 28
24 16
24 20
0 26
8 7
26 16
5 16
4 6
21 19
0 2
11 7
5 19
