#qgen
62
2982
2981
234
449
2471
1174
870
1117
1506
1932
1248
2979
2355
1172
2316
2396
2963
2337
856
1942
2955
569
2315
2980
2869
1934
2357
2380
893
2470
1712
2288
2816
2320
2324
751
2972
2001
1931
2467
1173
1755
1756
979
2289
363
2323
1604
2292
1151
2144
2873
2966
2469
2817
2313
1264
2329
552
894
2610
976
256
0 1
1 2
1 3
1 4
0 5
4 6
0 7
4 8
9 6
0 10
0 11
4 12
0 3
13 7
4 14
11 15
1 16
11 17
15 18
15 19
20 4
12 17
1 21
15 22
23 11
19 18
14 9
1 24
11 25
1 26
1 27
11 28
1 29
0 30
1 31
11 32
33 31
11 34
1 35
26 33
29 17
36 2
37 5
31 38
39 30
23 40
20 29
0 41
11 42
15 34
34 43
44 30
4 29
1 45
39 17
34 44
0 26
0 43
0 33
36 18
39 6
4 46
31 2
11 47
48 7
44 9
34 47
49 6
29 45
0 50
0 28
14 31
23 5
11 51
31 9
1 20
1 15
52 47
4 53
17 44
20 15
0 45
11 31
26 34
54 7
52 55
18 45
11 8
0 40
20 45
39 46
32 10
32 56
0 13
56 28
1 50
12 45
52 20
11 40
4 47
23 41
15 42
23 50
53 39
34 45
0 16
0 22
55 45
0 23
16 4
16 47
29 15
19 9
39 40
4 45
20 51
39 44
52 31
36 49
52 57
39 12
31 58
33 9
59 6
36 39
0 18
11 37
26 8
26 44
31 30
16 26
11 30
33 7
4 26
25 9
1 5
4 55
11 46
1 37
4 31
20 26
23 55
26 30
44 40
26 17
44 42
36 16
15 47
53 27
40 13
15 48
4 3
17 5
34 31
52 14
1 44
44 38
33 59
14 25
36 20
23 51
55 44
0 15
56 40
11 2
11 52
0 59
11 12
36 26
4 18
24 17
11 10
36 53
31 7
11 7
15 26
52 4
36 31
53 44
52 51
26 5
51 14
19 2
36 15
12 7
44 21
39 21
36 3
15 55
0 42
39 31
1 12
0 14
33 44
0 25
4 30
4 44
1 8
19 45
52 40
11 44
1 58
44 7
27 7
34 14
17 35
53 26
24 47
11 60
31 25
23 58
20 57
1 59
34 35
0 6
14 45
53 15
51 26
22 45
48 44
31 59
14 44
0 35
39 33
23 8
1 28
0 37
16 15
15 9
23 33
57 13
24 26
48 31
44 25
44 61
34 7
34 6
23 45
52 45
22 19
11 49
23 57
4 15
23 17
16 28
20 8
0 36
0 60
0 29
23 22
56 49
44 31
0 47
0 49
23 38
11 39
