#query
58
I
K
H
L
A
N
K
E
H
K
P
K
D
A
Q
I
N
Y
N
E
I
S
E
E
T
K
I
T
D
Y
M
T
K
L
S
K
V
F
I
V
I
D
S
K
A
S
Y
N
V
L
I
L
I
L
N
G
I
G
128
0 1
2 1
0 3
0 4
2 5
2 3
4 6
2 7
8 3
6 9
10 4
0 11
12 6
13 4
14 7
0 15
16 14
1 17
18 7
8 19
6 20
17 3
16 21
3 12
22 12
23 4
24 22
0 25
26 23
25 11
27 19
28 4
29 10
8 30
22 31
32 0
33 6
29 34
35 2
10 25
25 36
27 18
14 9
34 25
22 37
0 24
15 12
6 38
34 4
39 10
5 28
21 37
18 40
13 10
41 33
8 20
15 27
5 36
30 42
39 23
29 31
26 36
35 24
33 43
41 3
3 44
26 4
36 41
44 45
28 12
9 46
43 37
45 18
17 27
33 44
40 46
2 36
34 19
8 45
15 17
29 47
48 28
25 41
40 7
34 42
49 3
50 40
51 47
15 29
30 31
52 44
53 6
39 54
2 52
17 24
40 19
53 55
8 46
13 47
44 47
35 7
38 40
21 31
21 50
12 18
0 23
0 38
49 35
33 45
3 4
0 41
23 27
32 3
56 30
51 44
40 57
21 38
45 54
10 17
26 42
45 42
39 13
52 6
5 27
0 51
51 11
14 33
18 54
