#query
32
N
G
S
N
D
E
T
I
N
E
D
Y
I
A
H
N
A
D
K
L
S
I
I
V
I
K
S
G
R
I
L
E
128
0 1
2 0
2 3
4 0
3 5
6 0
6 7
2 8
2 9
10 0
11 9
7 12
0 12
10 13
14 0
8 9
3 15
3 7
16 7
17 0
8 18
19 0
20 16
2 14
21 13
5 12
1 22
10 23
14 8
2 24
2 12
21 8
17 7
14 12
6 24
18 25
26 16
14 17
3 22
13 9
10 21
27 22
7 24
6 9
0 22
14 15
0 9
15 9
24 25
24 27
21 0
28 9
24 1
2 28
2 7
10 16
0 11
6 15
23 29
16 9
6 11
17 15
13 0
6 16
15 7
0 27
1 11
5 1
19 6
15 0
0 29
18 5
23 11
16 24
2 20
21 9
12 22
27 1
8 24
16 25
13 8
3 11
12 27
30 6
8 15
22 28
20 18
15 25
21 18
10 30
8 16
3 0
30 16
20 8
8 11
4 10
18 7
3 9
7 11
6 29
10 8
18 24
13 29
26 8
21 17
15 29
19 16
8 31
18 27
23 16
17 8
15 11
4 23
20 6
4 21
2 11
15 5
24 28
19 5
2 15
22 9
18 11
14 24
21 6
10 17
30 17
28 29
0 7
