#query
64
T
W
K
R
I
I
K
E
T
S
V
I
D
E
W
V
N
H
V
I
R
S
E
K
I
I
L
I
F
G
S
L
K
E
K
C
L
W
V
K
Y
G
N
N
H
K
W
M
N
S
P
R
M
D
K
D
W
Q
S
C
K
Q
D
Y
256
0 1
2 0
3 1
0 4
1 5
6 0
0 7
8 5
9 7
2 10
11 1
3 12
13 1
14 6
15 12
14 7
16 4
17 3
18 13
0 19
10 20
11 21
22 4
1 23
24 12
25 13
26 0
10 23
14 0
27 21
28 26
26 10
18 15
11 25
8 29
29 30
2 31
32 16
33 29
24 34
24 7
14 26
35 12
21 33
26 36
20 37
31 4
11 38
2 39
28 16
38 40
28 17
22 41
23 37
14 34
42 13
43 41
35 44
7 45
25 46
14 16
12 1
17 35
46 19
26 1
12 0
26 47
48 30
19 43
49 41
50 23
51 31
10 52
0 36
8 48
53 8
54 33
7 37
41 55
36 43
2 23
2 16
22 51
22 31
11 56
31 41
16 1
27 8
9 20
13 12
21 52
43 20
13 36
10 40
15 1
25 36
41 57
11 8
28 32
11 5
42 58
47 20
59 43
31 50
10 1
14 35
2 20
14 3
37 57
53 5
29 5
47 7
14 10
15 3
59 36
2 6
21 60
52 31
1 46
15 36
17 1
24 20
61 5
27 11
46 52
17 42
56 38
34 47
52 43
59 62
33 48
59 42
26 22
58 15
24 16
37 63
50 39
56 13
44 6
62 4
32 3
20 41
14 36
35 36
42 18
25 42
25 35
17 56
35 18
55 45
13 21
0 31
33 60
11 19
10 0
34 6
54 21
2 57
6 1
9 4
48 29
1 60
7 39
34 26
53 56
54 8
28 59
59 52
50 9
23 7
59 31
43 50
21 19
51 20
9 39
0 38
27 60
33 40
8 30
44 16
27 36
16 6
13 44
18 3
58 3
54 5
26 38
38 5
35 3
27 25
52 50
34 35
34 28
39 55
34 16
53 38
24 62
47 1
9 55
2 34
42 19
41 37
20 23
7 55
20 39
34 20
27 56
2 12
42 1
24 4
41 39
47 4
21 8
22 9
34 12
11 36
56 3
27 42
57 63
50 41
48 5
42 38
50 55
52 9
26 44
58 44
3 40
42 32
36 38
0 39
61 30
17 38
58 16
61 29
29 60
31 23
20 7
21 46
27 19
46 5
59 22
17 47
49 7
38 46
50 20
2 1
43 23
4 37
27 46
42 6
62 58
48 61
27 54
0 20
62 16
34 62
