#qgen
218
ENSTRUP00000045323
ENSTRUP00000000044
ENSTRUP00000019221
ENSTRUP00000041697
ENSTRUP00000032671
ENSTRUP00000019665
ENSTRUP00000015632
ENSTRUP00000016336
ENSTRUP00000000226
ENSTRUP00000041917
ENSTRUP00000025938
ENSTRUP00000001671
ENSTRUP00000005087
ENSTRUP00000011822
ENSTRUP00000012511
ENSTRUP00000011958
ENSTRUP00000040679
ENSTRUP00000020478
ENSTRUP00000001283
ENSTRUP00000023233
ENSTRUP00000014299
ENSTRUP00000031759
ENSTRUP00000040291
ENSTRUP00000043002
ENSTRUP00000004802
ENSTRUP00000016971
ENSTRUP00000044984
ENSTRUP00000013203
ENSTRUP00000031895
ENSTRUP00000021930
ENSTRUP00000028573
ENSTRUP00000043745
ENSTRUP00000023708
ENSTRUP00000019312
ENSTRUP00000038638
ENSTRUP00000037244
ENSTRUP00000014827
ENSTRUP00000040388
ENSTRUP00000013963
ENSTRUP00000025729
ENSTRUP00000042609
ENSTRUP00000001060
ENSTRUP00000046741
ENSTRUP00000029151
ENSTRUP00000014488
ENSTRUP00000022246
ENSTRUP00000018189
ENSTRUP00000045202
ENSTRUP00000013532
ENSTRUP00000040670
ENSTRUP00000033041
ENSTRUP00000042265
ENSTRUP00000026722
ENSTRUP00000022849
ENSTRUP00000000328
ENSTRUP00000000598
ENSTRUP00000032840
ENSTRUP00000025811
ENSTRUP00000034159
ENSTRUP00000022914
ENSTRUP00000022104
ENSTRUP00000011363
ENSTRUP00000037474
ENSTRUP00000027654
ENSTRUP00000003711
ENSTRUP00000018296
ENSTRUP00000027403
ENSTRUP00000029502
ENSTRUP00000001420
ENSTRUP00000008322
ENSTRUP00000046157
ENSTRUP00000042401
ENSTRUP00000039941
ENSTRUP00000007709
ENSTRUP00000003523
ENSTRUP00000043440
ENSTRUP00000014737
ENSTRUP00000009767
ENSTRUP00000035397
ENSTRUP00000024380
ENSTRUP00000029689
ENSTRUP00000006667
ENSTRUP00000036989
ENSTRUP00000023851
ENSTRUP00000010417
ENSTRUP00000042005
ENSTRUP00000012231
ENSTRUP00000003558
ENSTRUP00000038292
ENSTRUP00000033735
ENSTRUP00000042554
ENSTRUP00000010488
ENSTRUP00000017335
ENSTRUP00000003185
ENSTRUP00000013654
ENSTRUP00000009481
ENSTRUP00000038540
ENSTRUP00000022569
ENSTRUP00000007124
ENSTRUP00000007389
ENSTRUP00000040253
ENSTRUP00000038228
ENSTRUP00000025714
ENSTRUP00000044517
ENSTRUP00000024677
ENSTRUP00000047707
ENSTRUP00000001070
ENSTRUP00000033054
ENSTRUP00000003016
ENSTRUP00000047318
ENSTRUP00000031409
ENSTRUP00000047770
ENSTRUP00000017405
ENSTRUP00000005550
ENSTRUP00000020259
ENSTRUP00000040545
ENSTRUP00000023241
ENSTRUP00000014228
ENSTRUP00000000301
ENSTRUP00000017811
ENSTRUP00000010471
ENSTRUP00000004820
ENSTRUP00000045213
ENSTRUP00000001644
ENSTRUP00000012160
ENSTRUP00000009801
ENSTRUP00000011077
ENSTRUP00000010127
ENSTRUP00000022534
ENSTRUP00000001049
ENSTRUP00000006811
ENSTRUP00000000555
ENSTRUP00000020684
ENSTRUP00000032245
ENSTRUP00000012195
ENSTRUP00000023412
ENSTRUP00000021176
ENSTRUP00000022704
ENSTRUP00000041341
ENSTRUP00000036277
ENSTRUP00000042111
ENSTRUP00000015753
ENSTRUP00000020671
ENSTRUP00000041344
ENSTRUP00000009664
ENSTRUP00000007674
ENSTRUP00000043717
ENSTRUP00000012386
ENSTRUP00000036336
ENSTRUP00000032472
ENSTRUP00000013804
ENSTRUP00000025584
ENSTRUP00000030411
ENSTRUP00000027983
ENSTRUP00000022464
ENSTRUP00000018977
ENSTRUP00000034421
ENSTRUP00000005830
ENSTRUP00000000325
ENSTRUP00000026958
ENSTRUP00000033117
ENSTRUP00000005134
ENSTRUP00000007416
ENSTRUP00000029939
ENSTRUP00000038250
ENSTRUP00000041152
ENSTRUP00000023483
ENSTRUP00000023923
ENSTRUP00000012156
ENSTRUP00000021998
ENSTRUP00000035727
ENSTRUP00000029977
ENSTRUP00000042490
ENSTRUP00000033907
ENSTRUP00000043977
ENSTRUP00000045109
ENSTRUP00000000958
ENSTRUP00000025767
ENSTRUP00000040589
ENSTRUP00000045946
ENSTRUP00000039409
ENSTRUP00000030891
ENSTRUP00000039413
ENSTRUP00000043149
ENSTRUP00000039889
ENSTRUP00000027086
ENSTRUP00000000597
ENSTRUP00000004627
ENSTRUP00000025574
ENSTRUP00000016765
ENSTRUP00000044620
ENSTRUP00000036333
ENSTRUP00000030645
ENSTRUP00000030638
ENSTRUP00000023196
ENSTRUP00000044566
ENSTRUP00000011685
ENSTRUP00000026061
ENSTRUP00000033945
ENSTRUP00000030312
ENSTRUP00000038968
ENSTRUP00000041976
ENSTRUP00000022938
ENSTRUP00000041386
ENSTRUP00000038252
ENSTRUP00000022330
ENSTRUP00000002849
ENSTRUP00000024441
ENSTRUP00000001245
ENSTRUP00000009265
ENSTRUP00000014330
ENSTRUP00000040792
ENSTRUP00000037750
ENSTRUP00000029351
ENSTRUP00000009580
ENSTRUP00000011533
ENSTRUP00000046069
ENSTRUP00000018208
256
1 0
2 0
1 3
4 3
5 3
2 6
2 7
8 3
6 9
10 8
3 11
6 12
12 13
14 8
1 15
16 14
16 17
18 16
18 19
8 20
15 21
22 17
20 3
23 18
8 24
25 10
24 26
18 27
27 28
12 29
18 30
31 25
32 17
33 25
25 34
35 14
35 36
37 32
32 38
16 39
40 28
40 41
42 26
29 43
31 44
30 45
46 25
47 27
30 48
49 22
50 39
51 10
10 52
53 45
49 54
22 55
16 18
46 56
57 56
16 58
12 59
60 33
5 61
35 62
63 20
44 64
56 65
20 66
67 33
48 68
69 39
42 14
70 49
16 71
72 55
30 73
56 74
23 75
76 67
77 28
55 78
79 54
39 80
67 81
45 82
34 83
84 17
67 85
23 86
17 87
84 88
34 89
90 68
86 91
92 86
93 89
65 94
82 95
28 96
17 16
97 55
82 98
31 99
100 25
98 101
102 1
64 103
78 104
32 105
106 49
107 7
108 97
109 14
69 56
110 81
69 111
112 97
97 113
39 114
115 16
9 7
83 31
116 56
85 117
118 25
52 119
120 84
98 121
122 31
116 123
124 115
91 125
93 126
127 29
120 128
89 129
130 30
69 124
131 56
132 65
121 133
122 62
55 130
3 134
135 120
118 16
83 136
110 137
138 131
139 124
124 138
140 139
25 141
55 142
138 100
143 51
105 118
65 144
23 145
138 146
147 55
148 13
149 98
38 16
39 67
89 150
141 114
69 67
151 18
31 58
152 126
8 153
87 154
155 39
156 8
80 157
158 55
159 93
50 160
52 161
162 84
34 163
53 101
108 121
86 164
8 165
4 7
166 49
74 167
27 149
44 115
121 168
69 33
169 148
163 138
74 124
170 85
140 100
171 138
128 100
172 128
173 118
110 174
70 175
170 176
115 177
178 158
56 116
58 179
105 39
101 180
181 147
75 182
183 164
93 184
178 185
173 172
94 186
149 48
69 187
139 120
188 86
155 31
189 163
190 77
8 191
146 62
183 192
120 193
34 194
195 110
163 85
178 196
197 49
198 170
199 173
191 200
201 147
202 34
54 53
196 203
157 204
205 25
206 76
207 136
125 208
209 71
186 121
45 210
118 211
1 212
213 189
22 214
215 33
216 165
217 100
