#qgen
223
34
36
27
44
40
45
47
37
33
34
47
41
35
41
36
42
28
34
40
43
49
38
49
42
30
50
34
26
33
30
36
41
26
42
38
36
43
34
36
35
44
38
41
30
42
35
39
41
34
47
43
35
31
41
32
42
41
41
37
39
36
38
45
28
33
36
30
37
36
43
47
30
34
50
38
27
39
42
35
33
33
41
40
30
43
38
30
40
33
32
36
35
31
36
44
41
44
44
31
39
30
36
47
41
33
44
48
40
31
44
28
41
36
40
31
35
45
42
46
38
37
30
45
35
33
35
29
45
47
34
34
46
46
42
30
37
35
43
38
39
30
36
42
35
38
44
37
41
43
43
40
38
35
42
40
38
43
40
38
30
40
36
40
36
24
36
41
36
31
46
24
39
40
40
34
46
35
40
32
31
36
41
30
40
47
30
32
42
28
28
32
37
41
32
40
39
36
46
39
44
32
29
32
35
32
44
24
32
40
41
33
42
37
44
20
43
40
41
38
37
34
31
44
256
0 1
1 2
1 3
4 0
5 1
6 1
1 7
8 1
9 4
4 10
0 4
9 10
1 11
4 12
13 9
14 10
12 15
10 16
17 1
15 18
14 19
19 20
21 18
10 13
22 19
22 23
22 24
25 22
26 19
27 15
26 28
19 29
24 30
31 20
32 19
33 15
34 26
35 24
27 36
37 24
14 38
39 28
20 40
19 41
19 42
37 43
44 37
34 45
46 22
47 46
31 48
46 49
41 50
22 25
27 18
37 32
51 47
46 52
53 19
54 24
55 54
56 9
57 37
58 37
26 59
52 60
61 47
62 20
32 54
37 57
52 63
41 64
24 65
66 62
52 67
68 32
58 69
46 70
71 15
14 72
46 73
54 74
70 75
76 24
77 67
78 12
66 79
66 80
81 71
82 75
20 83
84 74
80 85
62 86
46 87
88 34
89 49
90 88
91 46
74 92
52 93
94 19
29 95
66 96
97 95
85 98
95 99
100 80
101 46
102 98
85 103
82 104
105 70
106 80
107 98
58 108
109 85
110 83
111 28
74 112
75 113
42 114
115 58
69 116
117 98
118 92
95 119
120 41
92 121
122 23
123 113
124 24
27 125
31 126
101 93
74 24
127 118
82 123
106 128
129 49
130 79
85 100
128 131
27 132
97 52
133 114
76 134
133 135
136 83
137 95
138 81
30 139
140 118
141 128
95 142
143 98
95 144
62 145
146 128
60 102
147 70
123 148
74 149
86 150
151 145
152 24
146 98
153 141
106 151
78 154
84 42
51 155
19 156
139 35
63 157
62 158
159 1
131 160
61 161
162 95
84 149
163 131
109 164
165 66
166 117
62 167
4 168
127 66
169 102
170 144
107 171
172 5
114 133
21 169
95 173
108 174
175 34
41 176
98 102
177 131
178 100
122 179
180 174
181 105
182 143
66 183
179 157
146 184
40 185
148 51
80 186
108 127
10 12
187 26
177 188
189 134
76 190
181 191
24 192
193 186
194 148
195 129
196 188
197 97
136 198
98 177
44 199
200 157
201 121
202 138
203 123
58 130
204 88
122 205
169 206
62 207
191 208
146 209
210 26
211 19
199 212
101 213
143 131
201 214
215 114
216 114
217 136
201 218
104 180
147 182
199 219
72 201
91 201
191 220
171 221
222 37
