#qgen
233
38
43
37
40
45
32
49
35
34
54
29
33
20
34
34
40
34
37
40
35
40
42
37
37
39
43
43
36
32
30
34
37
47
34
44
43
25
33
40
36
37
35
34
41
42
40
42
29
41
44
37
37
38
40
36
48
37
46
47
41
42
40
26
44
40
46
27
38
35
37
44
43
31
31
39
32
37
35
27
35
47
45
31
36
32
49
30
38
47
42
42
44
36
39
34
30
41
36
38
31
40
40
32
35
45
40
41
34
43
29
40
43
40
43
43
39
31
34
43
42
32
22
34
2
36
37
46
40
45
39
30
40
43
37
44
31
37
39
39
38
30
40
40
43
43
45
43
35
45
38
41
37
41
40
32
27
37
28
43
40
44
51
39
32
47
31
41
28
31
37
42
49
34
40
29
34
40
38
38
40
38
31
35
37
41
32
37
49
38
37
41
47
38
38
28
31
41
37
38
1
35
47
31
34
37
50
44
36
39
36
36
40
36
35
29
39
38
32
41
35
33
41
36
34
35
35
36
43
29
46
27
49
33
256
1 0
1 2
3 1
4 3
1 5
1 6
3 2
6 7
8 7
0 9
10 7
11 7
12 1
7 13
14 8
7 15
7 16
4 17
18 7
19 8
20 17
10 21
22 10
23 21
24 7
25 13
26 24
7 27
23 28
10 29
13 30
31 16
30 32
4 33
34 16
13 35
36 17
1 37
10 38
14 39
5 40
41 38
42 38
12 43
14 44
45 22
27 46
30 47
48 27
40 49
50 0
26 51
22 52
30 53
54 24
55 38
56 54
57 23
58 47
40 59
60 38
8 61
62 7
38 63
63 13
38 64
53 65
66 40
40 67
68 67
69 64
49 70
65 71
54 72
73 60
29 10
74 8
75 29
76 54
77 53
15 78
60 79
80 7
81 40
82 21
83 43
33 3
84 14
85 65
86 67
87 67
32 88
89 76
90 76
91 73
91 92
39 93
94 61
95 60
96 81
97 60
49 98
99 49
100 49
101 12
24 102
56 103
104 23
54 105
24 106
107 81
108 66
109 89
87 110
106 111
111 112
113 32
114 111
115 13
116 107
117 90
118 98
30 119
76 120
121 80
122 114
76 123
124 114
125 71
126 22
127 102
11 128
72 129
27 130
67 131
81 132
133 50
124 134
102 135
106 136
11 137
68 138
51 136
123 139
140 39
59 46
141 120
67 142
41 143
129 144
145 54
139 146
111 140
147 77
119 87
148 54
69 149
150 21
151 42
152 136
153 38
143 154
155 142
111 156
22 157
68 86
158 45
67 159
55 160
139 161
22 162
65 85
62 163
164 66
165 38
89 166
145 102
159 167
141 168
129 169
170 136
39 171
124 172
173 91
111 174
53 175
133 176
177 175
65 178
179 172
180 148
91 181
182 161
141 183
184 32
185 184
49 186
68 126
187 72
91 188
51 189
86 190
139 191
192 102
139 193
183 194
1 195
196 72
180 197
198 174
32 199
200 139
201 14
161 202
60 87
203 127
204 22
10 111
146 127
81 205
206 6
123 111
207 168
193 208
81 139
209 198
210 193
211 116
212 68
68 213
69 7
111 214
215 142
216 169
13 7
217 106
218 155
8 219
220 178
216 136
198 221
202 222
93 91
223 210
159 224
136 225
128 137
226 179
198 139
65 227
50 228
229 142
178 230
7 18
231 133
232 40
