#qgen
64
38
43
37
40
45
32
49
35
34
54
29
33
20
34
34
40
34
37
40
35
40
42
37
37
39
43
43
36
32
30
34
37
47
34
44
43
25
33
40
36
37
35
34
41
42
40
42
29
41
44
37
37
38
40
36
48
37
46
47
41
42
40
26
44
64
1 0
1 2
3 1
4 3
1 5
1 6
3 2
6 7
8 7
0 9
10 7
11 7
12 1
7 13
14 8
7 15
7 16
4 17
18 7
19 8
20 17
10 21
22 10
23 21
24 7
25 13
26 24
7 27
23 28
10 29
13 30
31 16
30 32
4 33
34 16
13 35
36 17
1 37
10 38
14 39
5 40
41 38
42 38
12 43
14 44
45 22
27 46
30 47
48 27
40 49
50 0
26 51
22 52
30 53
54 24
55 38
56 54
57 23
58 47
40 59
60 38
8 61
62 7
38 63
