#qgen
119
43
39
35
42
41
47
28
38
46
39
37
45
39
38
39
40
39
34
44
38
45
38
33
41
40
43
43
29
39
31
40
26
37
36
32
34
31
29
42
37
36
36
33
41
33
44
62
30
46
34
27
39
40
42
38
39
39
31
30
29
46
41
30
33
35
37
46
37
38
34
45
36
45
39
33
32
42
35
38
46
31
37
43
32
43
33
35
38
24
31
39
41
40
40
42
32
39
38
25
29
37
36
33
39
39
40
31
32
29
34
42
35
36
39
36
45
39
39
25
128
0 1
2 1
3 1
3 4
5 1
1 6
7 1
1 8
1 9
1 2
10 9
11 9
3 12
5 13
8 14
11 15
6 16
1 17
9 2
11 18
19 10
20 8
15 21
20 22
18 23
24 20
25 8
26 20
9 27
14 28
8 29
30 11
10 31
32 19
33 8
34 18
35 22
36 14
21 37
27 38
18 39
21 40
21 41
42 28
42 43
3 36
44 17
45 12
5 46
24 47
44 48
29 49
47 50
29 51
52 25
35 53
25 54
45 55
28 56
47 57
20 58
59 47
60 12
61 41
62 22
63 27
13 64
65 6
59 66
56 67
68 56
69 25
70 28
29 71
72 10
73 27
35 74
42 75
55 76
58 46
11 77
78 47
79 18
80 7
81 19
65 78
65 82
83 64
53 84
59 26
85 51
25 3
86 11
87 71
88 57
48 89
29 90
88 91
92 59
78 22
77 93
50 94
65 95
96 21
97 96
98 84
99 65
100 48
42 101
102 41
103 12
104 57
105 8
42 106
71 107
36 108
22 109
82 55
110 16
111 101
112 100
92 113
114 107
28 5
81 115
80 116
117 71
6 118
