#qgen
62
43
39
35
42
41
47
28
38
46
39
37
45
39
38
39
40
39
34
44
38
45
38
33
41
40
43
43
29
39
31
40
26
37
36
32
34
31
29
42
37
36
36
33
41
33
44
62
30
46
34
27
39
40
42
38
39
39
31
30
29
46
41
64
0 1
2 1
3 1
3 4
5 1
1 6
7 1
1 8
1 9
1 2
10 9
11 9
3 12
5 13
8 14
11 15
6 16
1 17
9 2
11 18
19 10
20 8
15 21
20 22
18 23
24 20
25 8
26 20
9 27
14 28
8 29
30 11
10 31
32 19
33 8
34 18
35 22
36 14
21 37
27 38
18 39
21 40
21 41
42 28
42 43
3 36
44 17
45 12
5 46
24 47
44 48
29 49
47 50
29 51
52 25
35 53
25 54
45 55
28 56
47 57
20 58
59 47
60 12
61 41
