#qgen
64
47
41
39
38
34
29
26
45
32
36
28
46
48
41
37
36
26
46
40
42
30
42
44
39
44
33
41
29
47
34
42
34
37
39
34
32
36
39
4
37
40
37
40
36
29
38
38
34
39
41
35
39
41
39
39
46
39
39
36
29
34
36
30
38
64
0 1
1 2
0 3
1 4
3 5
6 3
7 1
7 8
9 7
1 10
11 3
12 1
12 13
7 14
15 7
16 1
16 17
12 18
19 17
20 15
4 21
22 16
23 21
20 24
18 25
12 26
27 7
28 15
27 29
30 21
31 7
32 27
7 33
34 7
3 35
31 36
37 34
15 38
39 19
29 40
41 17
36 42
37 43
14 44
10 45
13 46
47 16
48 1
33 44
49 15
50 38
51 38
5 52
38 53
54 33
40 55
56 1
57 44
17 58
57 59
60 35
31 61
62 52
63 42
