#qgen
63
28
37
29
38
36
25
38
34
35
28
30
40
39
32
36
41
36
34
39
32
38
27
43
41
40
40
43
32
36
44
41
23
40
45
47
36
36
39
37
39
37
35
39
46
36
27
36
47
38
46
47
42
34
33
31
22
43
40
40
40
42
35
49
64
1 0
0 2
3 0
1 4
5 1
2 1
5 6
5 7
5 8
9 3
5 10
11 8
12 11
11 13
11 14
15 5
16 11
17 11
18 11
15 19
20 16
16 21
22 16
23 19
19 24
25 5
5 26
5 27
5 28
13 29
30 16
22 31
13 32
20 33
34 29
35 19
36 22
37 5
32 38
5 39
11 40
41 1
5 42
8 43
33 44
35 45
46 27
47 30
26 48
19 49
50 22
51 16
52 5
53 11
54 6
55 38
21 56
40 11
5 57
58 23
37 59
60 24
19 61
11 62
