#qgen
241
28
37
29
38
36
25
38
34
35
28
30
40
39
32
36
41
36
34
39
32
38
27
43
41
40
40
43
32
36
44
41
23
40
45
47
36
36
39
37
39
37
35
39
46
36
27
36
47
38
46
47
42
34
33
31
22
43
40
40
40
42
35
49
46
36
34
42
43
37
53
44
38
40
43
31
36
42
42
37
43
44
18
40
42
34
45
47
33
43
36
43
38
36
27
36
37
40
36
34
44
37
38
27
31
37
37
44
43
36
34
23
35
33
40
39
36
40
30
36
43
45
34
39
41
46
37
28
39
38
36
49
31
31
37
32
44
38
30
32
32
32
44
41
39
41
42
36
33
37
40
47
38
42
37
40
46
36
41
38
41
41
38
37
37
45
31
37
47
43
33
44
38
41
34
38
38
46
43
41
48
40
36
41
35
39
32
38
34
40
41
39
37
30
42
43
30
37
31
36
38
33
34
50
41
35
39
36
42
29
35
38
43
36
35
40
38
34
35
36
35
37
38
38
41
29
37
32
46
37
36
35
32
41
34
41
35
25
32
37
28
43
256
1 0
0 2
3 0
1 4
5 1
2 1
5 6
5 7
5 8
9 3
5 10
11 8
12 11
11 13
11 14
15 5
16 11
17 11
18 11
15 19
20 16
16 21
22 16
23 19
19 24
25 5
5 26
5 27
5 28
13 29
30 16
22 31
13 32
20 33
34 29
35 19
36 22
37 5
32 38
5 39
11 40
41 1
5 42
8 43
33 44
35 45
46 27
47 30
26 48
19 49
50 22
51 16
52 5
53 11
54 6
55 38
21 56
40 11
5 57
58 23
37 59
60 24
19 61
11 62
63 11
11 48
64 48
65 3
22 66
38 67
5 68
53 69
70 39
71 5
72 5
31 43
5 73
60 74
19 75
76 38
19 77
73 78
79 5
31 80
81 16
49 19
82 20
72 83
84 53
85 26
86 26
87 33
5 88
89 81
90 78
91 22
92 5
67 93
32 26
69 94
95 31
38 96
97 44
98 11
99 72
100 78
84 101
79 102
61 103
11 104
38 105
103 106
11 53
107 72
108 50
43 109
106 110
111 105
26 51
86 112
32 113
114 91
115 16
40 116
117 79
113 118
100 119
120 93
85 93
121 11
122 43
5 123
124 86
125 113
22 126
127 32
87 128
5 129
5 130
131 20
132 19
78 133
19 134
135 40
136 5
137 92
110 138
5 139
140 82
141 5
142 103
143 117
144 110
145 127
146 30
147 67
148 119
5 149
16 127
150 79
19 151
86 152
153 85
117 154
155 81
113 156
16 157
158 11
159 124
160 19
161 53
5 162
105 163
164 86
65 165
166 110
167 19
168 19
140 122
169 110
170 32
86 171
102 124
172 5
72 173
174 141
175 86
31 176
152 177
178 110
179 126
5 180
21 181
35 182
167 183
114 170
184 180
180 185
186 144
160 187
188 19
189 11
171 190
167 191
117 192
32 48
106 193
161 194
83 195
196 64
197 102
127 126
166 198
199 5
152 200
20 201
184 202
30 203
85 204
167 205
177 206
207 7
208 174
199 209
210 77
211 136
132 212
78 213
132 214
83 215
16 179
171 216
217 100
218 198
219 116
5 220
221 19
222 5
223 177
110 224
225 83
64 226
227 16
13 228
79 229
230 179
45 231
30 232
233 212
136 234
201 235
236 177
154 237
167 238
176 239
240 209
