#qgen
251
28
34
42
37
34
41
34
47
40
33
27
37
39
37
42
37
47
38
25
44
29
35
37
45
28
42
47
39
35
32
46
39
33
32
33
45
30
40
31
42
50
31
41
47
44
34
23
42
40
42
40
41
32
36
40
35
45
43
37
28
35
46
42
38
30
49
31
42
36
38
44
38
38
38
44
38
44
38
31
44
42
32
39
37
38
40
38
38
36
48
44
40
37
35
38
31
49
32
39
36
42
35
37
44
36
32
35
43
35
38
41
38
50
46
35
39
39
48
40
32
40
39
37
41
42
34
34
40
44
31
27
48
36
43
34
38
37
45
42
29
26
33
31
43
32
37
36
31
50
41
37
40
38
35
42
42
40
40
37
38
37
23
33
41
30
46
39
33
33
40
31
41
43
42
42
39
37
41
38
36
37
36
50
39
37
25
40
35
41
40
40
43
34
40
27
34
37
35
37
34
42
27
28
35
43
44
33
24
38
29
47
41
34
39
24
35
38
37
42
41
41
36
24
35
36
39
36
28
41
35
36
37
49
38
43
39
39
37
41
24
38
35
32
30
37
34
39
35
40
39
35
256
0 1
1 2
3 1
4 1
5 1
3 6
7 1
8 4
1 9
10 5
1 11
12 1
8 13
14 12
15 2
16 15
17 14
16 18
19 15
20 14
21 15
22 10
19 23
24 0
4 25
13 26
27 6
15 28
0 29
22 30
25 31
32 31
33 8
34 16
35 14
18 36
37 5
38 23
39 12
40 13
41 13
42 15
18 43
44 37
45 8
46 31
39 47
48 39
49 23
50 33
22 51
52 11
45 53
15 19
12 54
54 55
56 35
57 17
58 27
59 36
60 12
21 61
62 36
63 20
64 50
58 65
55 66
67 66
37 68
69 9
16 70
71 55
32 72
73 42
45 74
39 75
17 76
77 36
78 33
57 79
80 4
81 69
74 82
83 76
8 84
85 84
86 81
87 62
31 88
89 36
90 23
91 41
92 74
93 81
94 78
66 95
96 78
73 97
66 98
37 99
100 81
101 85
18 102
21 103
49 104
105 85
84 106
107 76
35 108
17 109
110 45
37 111
107 112
113 33
114 30
7 115
116 33
18 117
118 83
70 119
120 67
121 115
122 121
123 35
95 124
122 96
110 125
126 75
127 65
128 66
119 129
36 130
131 39
132 14
65 133
99 134
119 135
33 136
137 68
138 25
49 139
140 119
74 141
142 45
23 143
100 144
145 54
66 146
147 127
14 148
149 145
66 150
5 151
150 152
153 97
154 119
155 118
85 156
59 157
38 158
8 159
160 45
80 161
162 55
66 163
164 157
20 165
45 166
33 167
96 168
169 77
170 86
85 171
172 166
152 173
174 112
175 119
45 176
17 177
178 102
63 179
16 180
13 181
68 127
15 182
183 125
35 40
152 184
49 185
96 186
18 187
59 140
188 157
189 104
190 119
191 42
192 98
193 150
92 194
140 195
196 76
197 192
54 198
180 199
190 200
36 201
202 109
134 203
85 204
132 205
68 206
157 207
208 152
209 76
210 35
211 167
23 212
213 73
214 139
81 215
189 216
162 217
218 150
219 157
80 220
221 80
222 221
223 209
42 224
225 114
158 226
227 133
228 113
229 223
230 113
231 100
232 36
233 19
38 234
235 137
182 236
114 237
86 238
239 119
240 219
127 241
85 242
2 221
223 243
16 244
245 90
246 201
247 213
248 35
139 249
250 56
