#qgen
114
40
33
38
31
41
44
34
26
31
34
35
44
38
35
39
32
37
40
46
45
36
32
27
32
35
36
27
36
33
24
33
42
40
37
35
45
35
34
32
37
41
33
45
44
35
36
36
31
48
35
33
39
36
36
37
34
34
41
32
47
48
28
40
52
45
41
40
45
44
44
45
32
39
39
40
33
50
32
46
45
35
36
34
36
42
40
38
25
29
29
35
29
36
38
37
30
33
46
47
37
38
39
41
38
41
34
39
37
28
41
42
38
35
41
128
1 0
0 2
3 0
0 1
4 3
4 5
6 5
7 6
6 8
6 9
6 10
11 10
8 12
7 13
13 14
15 7
16 11
17 14
18 16
19 14
20 10
9 21
12 22
7 23
14 24
20 25
15 26
7 27
28 10
29 18
30 6
18 31
32 21
33 15
18 34
21 35
6 36
37 15
16 38
39 14
40 25
41 28
42 14
42 43
44 38
45 11
15 46
25 47
43 42
11 48
6 49
50 13
51 20
28 41
18 52
43 53
17 54
44 55
52 56
32 44
57 32
58 57
8 20
27 13
59 28
36 60
56 41
61 31
62 55
5 63
44 64
65 30
41 66
67 62
31 68
35 69
11 70
44 71
65 72
73 69
74 55
75 66
14 76
14 7
77 28
35 78
79 66
80 45
26 42
64 71
7 81
82 59
65 83
84 11
71 85
86 16
87 56
48 88
89 55
90 50
91 51
30 92
86 93
94 15
23 95
32 34
96 56
29 32
97 84
98 43
26 99
82 57
77 33
100 34
62 101
62 102
103 71
104 45
57 18
97 105
28 106
23 107
108 69
103 109
110 32
111 57
15 112
113 96
