#qgen
59
40
33
38
31
41
44
34
26
31
34
35
44
38
35
39
32
37
40
46
45
36
32
27
32
35
36
27
36
33
24
33
42
40
37
35
45
35
34
32
37
41
33
45
44
35
36
36
31
48
35
33
39
36
36
37
34
34
41
32
64
1 0
0 2
3 0
0 1
4 3
4 5
6 5
7 6
6 8
6 9
6 10
11 10
8 12
7 13
13 14
15 7
16 11
17 14
18 16
19 14
20 10
9 21
12 22
7 23
14 24
20 25
15 26
7 27
28 10
29 18
30 6
18 31
32 21
33 15
18 34
21 35
6 36
37 15
16 38
39 14
40 25
41 28
42 14
42 43
44 38
45 11
15 46
25 47
43 42
11 48
6 49
50 13
51 20
28 41
18 52
43 53
17 54
44 55
52 56
32 44
57 32
58 57
8 20
27 13
