#qgen
113
40
38
36
37
36
41
34
35
41
30
39
31
36
22
32
35
47
38
34
37
30
36
32
37
40
38
41
41
46
26
45
42
40
40
42
41
43
32
31
32
38
30
32
43
34
34
34
36
40
37
40
36
40
33
38
42
38
38
42
50
37
35
31
37
37
44
30
31
50
42
43
45
33
34
40
39
36
40
38
31
33
30
35
37
38
44
43
39
30
39
30
34
38
44
35
30
38
35
44
32
41
43
29
41
39
43
41
32
42
42
44
34
28
128
1 0
2 1
2 3
4 2
2 5
3 6
7 2
8 2
7 9
3 10
11 10
12 10
13 8
14 10
7 15
14 16
17 12
18 9
3 19
6 20
12 21
10 14
22 7
19 23
23 24
25 12
26 7
19 27
14 28
23 29
30 2
31 24
18 32
7 33
34 6
24 35
25 24
36 10
37 30
19 38
19 39
40 29
16 41
42 41
43 19
34 44
43 45
38 12
10 31
46 44
23 47
48 38
21 49
50 38
51 34
52 20
53 14
54 46
55 6
44 56
57 38
58 7
59 36
12 60
61 18
45 62
63 51
64 60
3 65
66 43
67 33
68 36
25 64
55 69
70 36
71 55
72 40
34 35
5 73
74 51
33 75
39 76
77 38
63 62
17 78
79 7
12 48
39 64
72 80
81 19
82 20
83 44
30 84
85 69
86 63
51 64
87 48
88 50
89 48
52 90
21 39
91 88
10 42
92 50
93 71
55 94
50 34
34 95
96 94
38 97
3 98
99 39
100 83
50 101
102 17
3 23
103 57
35 104
50 105
106 50
93 56
107 74
108 105
91 93
109 55
79 110
48 111
112 8
