#qgen
114
33
36
3
961
238
605
227
490
28
51
980
530
958
897
531
653
695
923
808
863
157
732
479
338
345
9
116
375
285
801
107
682
760
150
944
261
204
728
144
57
472
445
633
764
1000
865
937
584
741
168
972
158
519
340
606
499
579
195
541
96
752
49
305
3
190
1009
468
803
21
685
591
1018
7
256
663
485
397
618
665
508
979
314
312
501
957
752
664
667
383
50
760
513
713
331
543
1022
579
441
803
349
412
539
109
742
575
179
57
984
997
684
161
393
941
329
256
0 1
1 2
2 3
2 4
5 3
6 2
4 7
8 7
9 4
10 2
11 6
2 12
13 6
14 4
15 8
1 0
5 16
17 6
5 18
19 2
6 20
2 21
2 19
22 2
6 23
2 24
25 17
26 21
8 27
28 14
3 5
4 29
30 1
6 31
32 8
33 8
34 19
2 6
35 8
4 36
37 4
38 4
6 34
38 39
31 19
4 27
38 40
41 3
42 35
8 43
44 5
45 6
46 8
47 6
14 48
2 49
50 8
51 6
48 52
53 2
3 54
55 3
6 17
56 3
23 57
48 58
35 40
19 6
59 56
6 25
31 23
5 60
61 25
52 62
50 4
59 5
3 56
4 63
52 8
59 64
65 28
40 35
8 66
67 2
2 68
49 69
64 3
70 19
5 71
72 2
27 52
25 6
5 73
49 74
75 15
52 42
63 40
4 76
49 2
76 40
77 18
78 34
79 65
76 80
27 50
54 3
81 5
82 34
82 6
34 57
40 29
80 58
70 6
83 61
72 84
8 33
44 60
2 85
51 61
82 75
86 3
8 40
6 78
27 7
4 87
40 50
2 10
62 87
52 75
88 3
34 89
90 5
43 46
26 49
39 4
6 11
89 34
85 14
59 55
87 58
78 91
40 8
40 92
16 5
6 93
34 78
50 27
94 76
38 35
95 6
62 96
97 40
34 82
3 55
91 82
42 94
47 51
87 98
82 31
27 99
100 2
101 3
58 40
96 52
70 34
102 59
103 85
4 96
5 104
62 52
89 78
4 8
3 79
98 36
8 97
8 48
27 4
58 62
6 74
84 49
2 105
24 2
78 19
38 42
96 4
15 75
8 35
89 70
14 62
59 79
48 14
22 85
91 75
2 1
6 83
74 26
61 78
5 44
38 80
1 106
80 94
32 40
4 39
2 86
29 4
23 91
69 8
8 99
6 61
34 83
1 107
29 7
40 76
74 21
70 83
53 74
74 53
8 4
94 40
4 40
82 89
104 108
33 43
96 62
109 1
50 52
57 8
87 62
78 75
76 87
65 79
78 61
25 51
87 94
78 70
36 110
19 23
6 47
97 62
40 38
53 49
70 91
91 70
97 14
8 111
48 97
112 4
85 2
93 68
52 98
5 113
58 97
61 51
43 52
40 97
94 52
