#qgen
51
84
971
664
224
609
179
687
832
772
710
550
383
86
900
532
816
734
252
344
616
854
127
140
333
220
339
694
358
849
205
587
693
589
260
112
83
464
58
630
436
614
498
5
720
1001
20
618
709
994
975
571
128
0 1
1 2
3 1
3 4
1 5
6 3
7 3
5 8
9 6
10 7
7 11
6 12
5 13
14 6
15 10
14 16
17 8
9 18
14 13
6 14
16 10
19 17
14 20
3 21
3 22
3 13
23 14
24 12
25 6
10 19
26 12
27 3
21 28
28 29
10 30
25 24
20 12
31 29
12 10
4 15
17 31
30 32
19 14
3 33
9 19
9 12
25 34
25 29
35 27
31 17
15 3
14 25
26 15
31 36
20 15
17 27
35 34
9 37
38 7
27 6
25 27
35 24
30 9
20 38
38 24
25 26
15 38
9 29
24 29
3 10
27 13
27 12
3 39
10 3
38 13
23 9
13 24
10 25
35 7
19 10
3 40
30 10
3 16
20 41
10 11
42 17
43 9
29 9
3 44
29 18
23 15
29 45
13 25
3 46
29 15
10 8
28 47
6 27
20 27
20 48
19 7
47 7
15 6
8 31
10 26
29 21
25 20
35 39
37 3
1 31
34 9
25 7
12 13
15 9
49 48
29 31
3 29
21 9
42 7
3 20
3 32
50 29
47 43
47 14
42 31
15 26
34 29
37 23
