#qgen
104
84
971
664
224
337
693
28
900
439
7
708
52
481
906
525
196
652
328
918
710
252
532
249
550
616
734
816
1001
258
399
867
687
358
293
205
344
587
339
7
220
58
832
1001
772
425
854
223
437
691
418
630
248
12
179
684
694
86
629
703
442
781
709
83
112
897
614
893
618
383
234
333
464
589
898
92
127
382
929
20
5
555
93
571
247
140
92
1017
121
409
718
720
389
975
858
994
498
635
186
403
260
959
52
737
551
256
0 1
1 2
3 1
3 4
5 1
4 6
5 7
5 8
9 5
10 5
5 11
5 12
13 3
5 14
9 7
9 15
16 5
17 5
18 8
19 3
20 7
21 20
19 22
3 23
3 24
3 25
20 26
19 21
5 27
9 28
17 29
30 3
31 24
32 31
33 10
30 34
35 19
36 34
19 37
5 38
39 24
39 40
41 23
3 42
43 13
44 15
39 45
40 46
47 43
33 48
5 49
50 26
39 32
51 48
46 32
33 52
53 49
20 54
9 55
7 55
56 45
45 57
21 31
39 37
45 58
46 58
41 32
20 56
59 45
60 3
61 30
62 26
3 40
12 5
30 63
23 61
48 29
23 32
15 64
24 43
65 3
24 66
3 67
45 41
50 23
37 45
68 21
69 21
3 70
38 71
36 63
55 58
29 53
3 72
45 34
20 23
73 53
7 23
41 74
50 41
47 12
53 12
55 7
19 75
68 23
45 56
72 41
61 66
76 5
53 1
31 21
77 12
26 61
23 24
78 75
60 54
3 13
39 21
79 14
35 3
3 80
64 56
72 66
33 81
60 64
34 82
56 58
47 83
55 46
74 34
31 37
84 3
54 85
44 60
86 20
17 69
87 28
71 3
70 7
41 39
88 3
36 35
70 61
45 32
89 85
90 61
55 23
3 87
19 39
41 91
5 64
56 20
34 66
66 3
92 58
30 66
61 40
47 93
19 41
26 45
23 41
56 49
50 31
12 53
33 51
61 55
33 47
3 20
63 66
46 68
41 55
3 50
21 24
50 36
33 53
62 20
32 45
94 66
58 21
58 50
45 37
30 61
32 5
7 13
62 34
43 3
43 92
12 54
53 69
92 94
43 70
58 7
49 56
21 7
58 26
20 62
62 3
3 37
21 68
1 0
46 66
3 95
3 84
5 96
39 56
97 33
26 66
18 5
64 29
98 53
85 89
5 17
20 89
43 5
70 19
99 61
7 9
3 78
100 5
3 55
3 43
61 56
12 77
50 61
87 3
44 53
28 5
101 5
45 50
36 30
81 5
33 29
33 97
102 5
36 66
95 5
99 41
103 3
20 61
62 6
60 77
19 70
19 90
8 47
58 24
86 36
5 76
86 37
41 37
19 24
45 39
38 93
71 5
71 60
70 24
9 17
