#qgen
102
105
398
971
184
707
113
913
798
976
872
717
232
110
821
881
599
996
361
374
595
778
414
798
790
13
993
353
416
842
93
769
779
256
417
386
1001
49
888
141
709
736
535
175
925
957
312
599
269
671
969
215
826
911
697
882
1004
462
858
751
34
533
422
188
975
140
915
343
158
354
529
220
767
735
128
244
223
85
834
648
604
687
111
610
279
868
934
712
384
812
705
154
270
522
322
452
7
764
981
708
111
95
564
256
0 1
0 2
0 3
0 4
0 5
6 2
7 2
8 0
0 9
0 10
2 11
12 4
13 6
14 8
15 0
0 16
17 6
8 14
17 18
19 17
2 7
10 20
21 17
20 22
8 23
24 18
24 25
20 26
17 27
18 28
17 29
30 27
24 31
32 24
33 0
0 34
35 20
31 36
24 16
37 30
38 0
12 0
36 24
0 39
37 40
36 37
25 0
27 28
24 41
0 42
43 20
3 0
44 24
6 30
37 45
2 28
0 46
36 40
43 47
21 48
20 49
30 19
20 35
6 50
51 2
50 25
11 52
48 46
24 53
30 36
36 32
51 30
45 37
54 20
45 36
37 48
55 20
56 48
24 44
2 31
57 55
58 2
53 17
30 58
21 59
15 60
59 53
24 61
20 2
48 62
2 63
58 31
18 30
36 30
0 64
27 59
18 47
65 17
21 47
66 62
67 0
17 37
37 31
68 56
63 50
24 69
40 70
19 30
71 20
61 18
36 27
72 20
58 28
70 73
74 2
2 75
16 57
2 45
59 37
76 24
26 0
77 68
16 20
20 43
76 30
18 53
0 78
79 0
45 32
50 27
0 38
48 77
75 68
46 56
65 45
50 80
18 81
70 25
6 13
52 82
72 83
84 52
18 58
28 32
85 50
27 45
50 45
2 53
37 65
45 24
40 36
48 86
45 21
0 87
43 6
32 2
20 31
17 59
75 8
1 20
66 88
17 32
89 76
88 54
90 0
82 43
36 70
62 20
17 31
83 87
18 29
88 13
52 84
58 32
70 61
32 50
13 48
31 50
77 56
0 91
20 4
92 29
52 63
38 73
53 31
93 0
94 70
71 0
86 20
61 2
81 6
19 45
24 73
14 3
8 20
45 30
94 87
95 91
96 1
17 53
87 83
89 21
29 31
82 50
5 97
24 38
98 24
24 94
18 2
20 40
27 58
46 20
16 0
20 41
36 2
46 69
38 24
2 30
65 59
0 99
32 19
13 1
19 29
69 72
29 19
30 31
28 36
19 31
30 85
45 65
35 54
31 29
9 71
18 32
100 20
31 21
58 65
0 8
0 77
54 0
21 45
29 37
28 27
27 36
0 43
48 56
18 50
29 28
85 90
84 6
29 53
36 18
20 72
0 101
60 15
50 52
