#qgen
55
623
720
147
917
915
565
164
271
303
698
993
339
218
924
51
786
841
674
603
533
819
733
1005
670
987
962
370
881
908
438
579
967
306
796
511
172
122
1001
331
655
255
915
510
925
165
64
252
568
157
510
1001
199
985
22
376
128
0 1
1 2
1 3
4 1
5 1
1 6
7 1
8 1
1 9
1 10
11 4
12 1
13 3
14 1
4 15
16 1
17 1
4 18
9 18
11 19
1 8
19 4
20 11
21 1
4 16
22 9
23 1
11 24
25 1
11 26
19 27
18 1
28 24
20 19
20 16
12 14
29 1
30 1
31 1
32 1
11 16
1 29
16 33
1 34
4 9
35 1
16 4
16 36
19 37
1 4
38 3
39 38
11 27
1 16
40 1
36 26
14 32
7 25
11 18
41 26
1 41
3 42
43 1
43 38
37 1
1 44
13 45
7 46
22 1
24 18
18 16
20 37
36 19
7 38
32 47
3 1
26 16
3 38
26 47
24 11
4 36
34 1
36 11
48 22
6 1
18 36
19 20
26 36
48 1
49 1
37 20
50 1
16 15
1 7
1 51
23 32
1 39
36 16
51 1
4 24
11 28
1 47
41 1
24 1
46 7
1 42
52 9
1 25
18 9
9 4
16 24
36 20
19 15
53 1
16 20
38 44
38 39
9 52
21 34
1 54
27 18
26 15
2 54
26 4
18 37
48 9
19 1
26 19
