#qgen
109
718
358
727
1012
1012
459
339
940
60
36
522
447
164
967
963
731
820
32
414
149
445
277
47
324
177
759
468
282
597
104
925
305
816
846
142
145
1022
464
84
261
588
857
316
318
292
200
279
856
503
641
958
869
976
903
875
30
1007
977
15
552
812
189
74
154
60
784
52
735
166
18
326
856
453
632
491
533
755
209
177
901
735
384
72
85
509
640
470
579
209
237
1013
985
82
101
668
762
190
278
46
819
468
1004
848
926
253
207
876
657
901
256
0 1
1 2
2 3
4 3
5 1
5 6
7 5
8 3
9 1
2 10
11 4
3 4
12 5
13 6
5 14
15 14
16 1
8 17
13 18
11 19
20 18
2 21
1 22
20 23
24 17
25 3
23 20
2 26
9 27
28 2
29 4
30 7
31 5
2 32
6 33
17 34
27 35
4 11
3 2
1 36
23 7
37 14
5 38
3 39
17 8
40 29
2 41
14 42
43 14
44 38
13 5
45 14
46 1
47 6
48 14
1 49
27 50
51 13
4 26
52 5
46 27
14 53
54 44
2 55
27 56
57 6
56 43
58 14
23 46
1 59
54 15
60 2
38 29
54 48
61 5
5 62
43 46
63 13
54 45
13 40
7 64
5 64
65 1
14 52
66 27
27 67
38 14
6 68
3 69
70 35
30 71
72 47
5 73
74 24
65 75
57 76
65 77
47 78
14 79
46 23
53 80
1 9
38 81
50 27
62 82
1 83
51 76
81 42
76 14
81 38
84 4
85 52
76 81
86 5
7 45
43 27
57 62
53 54
76 64
43 1
27 46
28 87
61 64
52 81
5 54
57 58
54 43
5 81
42 64
5 42
65 44
88 28
64 5
18 23
43 5
5 89
35 23
3 90
91 85
40 1
64 53
4 21
92 83
51 62
14 43
93 6
14 58
7 54
5 31
13 58
13 33
48 54
34 1
6 42
37 54
38 5
5 70
15 38
53 17
87 94
76 42
95 6
28 41
1 96
57 63
81 61
5 97
86 14
1 98
5 20
23 35
81 62
91 13
97 18
43 99
62 57
80 53
5 7
5 51
2 100
29 38
54 29
73 71
38 44
90 101
87 29
1 74
5 102
90 3
82 20
88 4
76 62
62 58
81 48
103 81
46 43
42 51
5 86
23 5
44 70
14 62
47 98
38 71
58 62
73 7
54 14
49 43
5 52
64 38
1 104
7 38
8 53
58 33
6 57
56 1
33 51
84 105
106 2
62 81
41 2
33 57
2 87
1 67
23 54
76 89
1 105
7 14
34 105
5 107
108 27
52 14
88 33
14 86
28 4
24 74
47 82
36 65
15 7
66 1
81 13
21 10
40 13
45 64
99 1
54 42
62 63
44 43
38 54
1 92
33 88
57 51
42 33
44 78
58 76
37 5
53 40
