#qgen
114
902
980
437
973
509
635
995
51
953
202
575
599
395
747
799
893
464
130
493
169
1002
282
580
771
565
612
630
500
96
201
212
442
694
914
418
104
647
933
406
484
906
735
638
200
118
833
219
811
456
197
955
937
262
42
262
356
488
919
323
874
20
676
659
541
223
454
850
445
816
550
959
718
604
97
198
1015
164
632
794
471
793
359
395
639
918
727
818
708
791
365
388
968
818
500
755
161
463
791
892
770
674
982
825
85
579
103
971
290
210
9
670
97
173
16
256
1 0
2 1
1 3
4 1
5 1
6 1
1 7
8 1
9 1
1 10
1 11
1 12
13 1
1 14
1 15
7 16
17 1
18 1
19 1
1 20
1 21
1 22
23 1
15 24
25 7
7 1
26 1
27 22
28 1
1 13
29 1
30 1
31 7
32 16
1 33
1 34
32 1
35 1
1 36
1 37
27 8
38 1
1 39
1 40
39 21
41 1
1 42
43 1
1 44
22 21
22 28
7 31
1 45
1 46
47 1
48 22
21 39
40 49
17 23
50 1
1 51
1 23
22 52
25 22
53 38
50 54
1 55
56 1
57 1
45 1
58 1
1 59
32 41
27 60
16 1
8 61
62 1
63 1
1 64
6 22
65 1
66 48
1 58
67 1
1 68
22 61
1 69
61 70
21 22
71 59
72 1
28 22
1 5
1 73
61 1
1 65
1 60
22 74
64 1
75 1
1 50
76 68
8 77
73 71
34 41
78 73
61 8
1 79
80 1
81 22
61 24
47 79
19 40
1 82
83 1
67 54
34 70
39 1
41 84
40 1
10 1
1 71
85 1
22 6
76 1
84 41
15 61
4 28
77 8
1 30
1 19
22 63
84 86
22 34
22 87
34 55
22 88
1 74
89 0
1 9
1 90
91 32
1 92
37 22
59 58
14 1
15 93
94 22
89 78
95 1
1 8
79 1
93 24
21 1
1 96
1 52
42 1
22 48
41 32
1 97
22 94
60 76
23 78
23 19
11 16
98 1
68 1
87 1
99 22
100 1
84 1
24 40
97 1
42 22
37 1
1 4
1 98
1 101
76 78
1 67
61 15
1 102
59 7
103 1
34 69
71 16
59 16
1 95
51 1
36 1
1 80
1 87
104 1
1 29
61 22
0 1
69 1
1 18
25 1
1 17
24 93
76 60
0 91
1 105
24 15
44 1
31 1
36 87
16 32
1 106
73 78
1 63
81 1
107 1
34 22
93 1
1 108
78 1
74 1
106 1
48 66
61 40
16 7
1 88
109 58
96 1
1 110
24 1
2 82
22 4
8 27
12 1
66 1
16 11
92 1
1 111
1 2
112 23
61 98
23 112
1 53
79 47
1 113
77 1
55 1
26 23
58 109
15 40
1 70
73 1
1 103
86 84
1 86
32 91
1 112
1 26
