#qgen
112
74
292
384
326
65
466
176
392
472
895
875
195
884
289
91
377
827
379
651
906
40
906
724
242
908
593
196
876
148
8
945
433
677
718
856
125
421
530
362
765
147
324
499
565
570
693
969
681
192
19
645
960
502
304
312
59
625
264
336
330
572
260
785
693
165
297
593
969
508
223
246
208
373
877
549
858
536
151
453
760
65
256
753
293
895
980
814
798
285
565
594
406
1019
607
734
969
121
456
209
460
531
184
626
712
90
872
728
453
861
325
450
934
256
0 1
0 2
3 2
4 2
5 4
6 5
5 7
8 5
9 5
5 10
10 11
12 11
13 4
11 14
9 15
4 16
16 17
17 18
19 11
20 16
5 21
22 1
23 18
2 24
25 12
5 26
27 5
28 10
9 29
30 5
21 31
12 32
5 8
12 33
34 8
35 34
12 36
31 37
20 38
36 39
40 5
41 18
42 35
8 43
44 10
45 17
11 46
10 47
31 15
5 48
49 7
50 31
51 5
5 35
34 48
52 37
53 8
50 54
11 36
35 55
6 45
7 56
57 11
11 58
38 45
59 35
11 39
39 10
25 39
4 60
38 8
37 61
62 28
6 54
5 63
4 5
36 64
39 19
65 12
16 8
30 59
66 31
4 67
43 68
68 43
55 45
34 69
5 40
70 41
4 71
55 72
67 73
59 8
8 74
75 11
5 76
77 2
78 35
15 79
80 31
39 81
61 37
17 82
58 12
64 75
55 23
16 35
35 78
51 4
66 52
73 83
64 36
21 67
2 0
45 20
47 10
74 50
6 82
14 84
31 50
54 6
10 85
64 28
19 36
25 44
84 66
25 47
26 35
43 33
81 75
72 6
12 86
53 35
87 32
55 41
28 47
73 5
88 5
8 41
35 6
89 83
34 7
90 64
38 20
7 52
39 12
49 48
2 91
25 36
67 6
68 33
41 69
75 19
92 6
38 6
1 3
5 89
41 55
28 62
41 45
93 36
47 94
5 69
12 43
95 12
92 53
96 67
43 21
81 80
6 67
45 38
84 75
93 12
31 66
17 92
28 97
98 81
7 48
59 30
21 35
50 12
53 6
8 42
58 66
99 12
15 21
58 100
20 45
60 5
34 15
7 34
65 52
41 5
41 8
92 5
23 53
101 4
102 4
1 22
2 77
8 67
39 47
87 80
31 43
103 10
33 12
17 5
55 8
47 28
58 39
67 43
75 84
66 94
92 76
63 48
67 8
12 95
34 63
41 70
19 39
1 0
78 66
42 8
89 5
6 38
13 104
67 35
8 105
18 41
106 35
68 8
35 107
12 39
108 6
8 70
35 69
70 26
12 109
62 97
5 83
4 55
32 87
4 13
70 67
25 75
53 92
6 110
111 58
17 16
97 62
11 19
35 16
48 66
44 25
26 55
89 67
