#qgen
58
418
813
280
468
190
835
866
527
636
9
72
255
846
602
339
955
653
101
700
740
589
681
670
560
864
373
384
415
971
314
620
146
413
768
880
788
864
930
817
372
1012
42
830
601
557
400
999
522
441
744
243
67
454
883
532
249
245
72
128
1 0
1 2
1 3
2 4
3 5
6 2
7 2
3 8
1 9
7 10
5 11
3 12
13 2
3 14
15 8
16 10
17 10
10 11
18 13
18 19
2 1
3 20
3 21
12 22
3 23
5 22
22 24
25 2
8 3
5 26
21 22
27 4
11 28
22 29
30 10
3 31
3 32
22 33
34 13
3 35
16 25
34 3
36 10
33 22
10 22
3 34
14 22
20 3
22 37
32 10
38 3
24 22
20 23
10 34
26 13
31 34
36 22
10 39
2 16
3 40
35 22
24 41
10 42
37 8
20 43
2 15
22 12
26 44
29 22
45 3
46 2
42 10
10 28
34 14
22 5
33 47
22 48
49 45
3 50
28 13
34 10
8 51
49 8
36 3
24 52
2 11
3 22
19 47
11 53
5 3
30 22
8 38
4 2
5 44
53 22
23 53
24 5
8 49
22 52
31 3
14 34
48 22
20 31
2 46
10 17
43 2
42 39
17 3
2 39
3 33
54 22
14 38
53 11
29 3
53 23
51 8
4 55
2 7
39 2
47 22
55 4
40 48
10 3
10 43
56 4
2 57
30 3
18 34
