#qgen
106
60
81
209
153
134
76
98
189
34
149
216
183
159
128
241
115
101
137
176
209
13
236
20
10
45
169
169
206
172
194
197
81
60
38
237
103
25
26
161
14
132
134
16
152
236
11
2
49
13
173
102
67
110
245
69
164
223
184
34
188
247
32
103
8
7
115
2
117
4
119
180
148
94
27
198
149
6
224
184
42
111
1
228
150
211
214
241
33
85
110
37
200
208
101
107
84
207
10
149
205
255
27
148
74
71
63
256
1 0
1 2
2 3
1 4
2 5
6 3
1 7
8 4
9 4
2 10
11 9
11 12
1 13
14 6
9 15
15 16
9 1
5 17
18 15
19 3
2 20
21 16
22 15
18 23
2 12
24 4
25 17
26 16
27 16
28 18
29 23
17 16
4 30
31 5
32 22
33 16
27 34
24 35
9 26
27 17
32 36
8 37
38 16
39 38
40 35
41 5
42 37
43 41
44 25
45 29
46 5
32 47
18 41
44 0
26 48
26 49
10 43
50 17
12 13
50 51
8 52
53 5
26 52
48 17
54 19
26 15
55 2
18 16
56 5
57 17
2 43
4 58
39 59
28 26
60 3
35 47
48 52
2 61
32 62
63 25
64 43
50 65
59 12
15 41
50 62
1 66
2 37
8 67
68 22
17 38
69 5
53 40
51 30
49 45
9 57
39 4
9 23
14 70
28 43
71 20
46 59
72 33
30 33
32 43
73 9
57 41
36 12
4 16
47 62
1 74
65 37
35 75
76 56
50 2
2 25
71 44
77 2
78 3
2 71
28 52
29 25
9 28
28 15
15 5
79 2
50 33
15 52
26 13
1 80
73 76
49 81
73 52
82 34
83 21
39 23
84 61
9 65
50 72
54 2
21 2
65 52
48 85
65 41
43 62
85 56
86 44
27 29
81 87
64 62
83 29
27 39
88 19
50 61
89 75
36 62
90 64
28 41
73 1
11 27
29 41
1 59
91 2
39 18
60 35
27 37
92 75
39 26
49 93
48 56
94 35
60 92
36 37
19 35
35 41
71 17
42 13
33 17
95 94
42 12
36 13
32 96
64 75
50 57
18 97
64 55
27 22
73 15
18 43
56 23
89 35
2 97
24 92
42 65
50 23
68 4
11 41
18 22
47 41
4 78
9 76
29 15
1 98
65 62
90 52
36 43
12 37
84 5
27 2
12 23
45 23
65 17
99 72
25 16
9 42
36 15
9 13
90 41
68 42
96 38
8 26
90 15
90 43
73 42
94 2
9 36
63 65
83 17
57 37
100 34
45 25
94 75
94 93
101 25
57 52
51 72
83 5
4 102
103 102
9 37
91 20
104 23
73 37
50 16
63 85
72 93
59 43
4 105
90 35
36 22
56 72
63 56
55 94
30 81
29 62
103 81
54 90
