#qgen
52
69
141
4
32
183
214
231
89
256
57
57
228
136
236
213
63
52
221
157
25
74
173
170
246
204
78
8
19
102
202
52
141
114
200
56
191
198
219
48
164
199
160
165
184
137
230
242
166
86
119
217
208
128
0 1
0 2
2 3
4 0
5 2
6 5
4 6
4 7
6 8
9 7
10 0
10 2
10 11
12 2
13 7
14 0
13 15
16 5
0 17
18 0
18 19
9 20
19 21
6 22
23 10
4 24
21 25
13 26
27 5
5 28
0 28
0 29
30 15
23 27
10 31
5 32
32 24
33 1
28 34
21 22
35 33
0 16
1 36
36 30
10 12
37 22
0 37
38 8
3 15
35 0
23 12
16 2
20 32
10 39
16 15
4 9
38 19
10 37
40 25
33 41
35 20
29 42
41 36
43 5
21 30
10 27
13 44
14 15
27 15
10 8
36 3
32 15
10 19
6 30
14 9
27 31
38 45
23 11
1 45
2 25
14 27
35 17
6 16
1 28
36 34
32 26
6 41
16 36
2 24
0 46
12 43
27 39
31 47
10 32
48 39
23 15
25 47
12 25
38 37
49 5
49 24
1 20
38 22
1 39
27 9
0 7
31 50
8 16
12 45
43 37
27 12
33 47
37 15
34 22
38 42
10 29
12 19
5 25
32 51
18 16
41 5
6 38
13 6
0 12
20 45
9 5
18 38
9 45
