#qgen
60
9
67
155
167
138
44
63
147
249
149
60
227
89
215
176
143
228
205
114
57
157
114
206
198
148
187
17
185
23
163
152
126
37
51
255
209
247
83
138
152
88
37
220
136
220
153
243
82
229
241
137
7
218
171
1
68
84
78
112
170
128
0 1
0 2
3 1
4 0
5 1
6 3
5 7
0 8
6 9
1 10
1 11
0 12
1 13
9 5
14 1
15 1
16 15
6 17
18 6
19 0
3 15
18 20
21 0
22 13
23 17
21 24
25 0
26 2
0 27
19 2
6 27
4 13
28 5
1 29
30 8
31 0
23 28
32 1
1 33
20 15
6 13
4 30
34 15
15 13
24 35
32 36
28 37
22 38
10 29
39 9
28 30
24 40
9 17
41 35
13 35
32 5
42 27
43 15
44 15
32 28
26 45
0 42
24 1
2 35
46 1
16 39
3 28
39 47
44 24
47 5
22 15
30 1
18 15
26 4
22 37
9 27
48 2
16 42
49 2
20 38
44 1
43 1
14 23
15 42
50 0
48 0
37 30
51 36
16 36
13 10
51 24
11 40
52 10
44 53
24 19
15 54
36 15
39 37
25 13
55 7
3 24
56 1
16 51
27 40
39 6
44 6
4 29
16 32
57 0
54 11
6 38
23 1
16 22
58 29
22 23
28 17
57 35
23 15
39 15
16 14
59 0
22 6
0 52
58 13
6 47
22 39
1 8
53 42
