#qgen
107
53
51
139
228
184
174
84
227
115
234
184
224
94
81
121
242
136
233
201
202
10
129
165
118
11
14
130
16
99
111
19
164
248
165
206
247
99
86
195
63
87
37
177
164
154
199
151
213
1
184
71
58
139
57
66
214
5
169
126
229
8
245
15
244
82
31
71
116
248
88
43
200
183
74
120
248
67
112
9
69
197
157
4
171
39
220
73
239
21
253
44
99
134
86
6
160
135
169
69
239
222
187
74
142
168
68
216
256
1 0
0 2
0 3
4 1
2 5
2 6
7 5
1 8
3 9
8 10
1 11
3 12
5 13
14 3
0 15
11 16
17 10
0 18
19 0
14 20
14 21
22 14
10 12
7 23
0 24
25 3
17 26
20 27
28 27
29 0
18 27
26 30
31 15
32 27
16 33
5 34
14 35
36 14
37 24
0 20
20 9
38 34
19 39
36 28
40 11
41 24
20 42
41 43
29 44
45 25
32 45
46 16
11 20
5 47
48 32
49 12
20 50
22 17
51 49
52 19
53 21
54 28
36 11
53 49
24 55
37 56
57 3
45 55
3 42
40 56
47 58
20 59
60 34
61 17
1 62
56 63
64 53
50 30
54 65
33 66
31 2
67 34
60 68
28 21
69 43
36 70
37 66
5 71
66 72
73 36
74 28
75 24
76 10
45 53
20 21
38 77
27 51
28 26
28 42
45 33
51 9
66 20
66 61
76 50
39 78
68 71
46 79
40 33
80 28
40 75
3 10
35 50
11 81
0 82
78 65
83 70
41 55
46 33
0 49
73 37
84 6
85 33
86 79
78 20
82 14
64 17
73 87
57 43
46 66
25 66
11 63
79 62
46 45
1 88
89 42
24 20
85 90
24 72
62 76
29 31
91 81
74 92
93 84
17 9
88 74
90 65
46 1
82 35
28 24
3 51
75 4
32 78
40 94
1 81
54 69
62 95
22 61
46 96
31 60
90 97
0 62
48 43
63 62
48 66
48 85
66 28
85 95
45 62
98 55
99 57
3 49
70 50
100 47
74 0
87 66
76 38
75 98
97 76
26 2
16 53
89 90
11 74
101 49
37 64
15 42
31 65
25 79
36 82
50 3
62 101
56 35
5 68
102 28
28 22
68 58
3 92
54 62
83 53
88 53
35 70
48 35
82 62
14 53
51 10
78 66
103 0
87 53
74 53
101 81
75 62
86 90
101 76
88 86
45 90
31 80
11 79
49 2
78 61
99 49
11 33
40 91
13 81
21 18
94 97
86 35
0 51
36 1
17 76
56 78
79 59
104 53
18 81
40 80
105 81
46 28
28 59
87 86
76 8
14 8
89 74
80 94
10 2
75 56
74 78
76 51
14 55
85 0
69 61
95 92
56 53
85 106
37 54
80 79
45 14
36 78
45 28
