#qgen
117
95
40
102
29
163
122
111
51
237
114
161
56
66
138
127
61
153
73
236
241
189
167
47
242
16
183
28
241
140
46
45
122
28
92
255
91
12
198
251
79
61
227
55
57
119
150
46
88
222
231
36
44
65
135
27
169
211
154
224
167
37
59
201
31
184
17
213
128
188
238
180
37
57
54
197
168
184
127
237
116
253
253
180
192
132
125
137
85
203
52
34
147
22
73
149
32
111
103
202
48
254
151
198
109
75
255
118
191
72
84
105
10
83
166
99
27
29
256
0 1
0 2
0 3
0 4
0 5
1 6
7 6
7 8
5 9
0 10
0 11
7 12
7 13
14 8
0 15
16 13
16 17
0 18
19 8
0 20
13 21
14 22
11 23
8 24
25 17
12 26
20 27
28 21
19 29
17 30
31 6
32 21
33 29
15 34
35 8
32 6
1 17
36 7
0 7
35 17
14 37
5 38
5 39
40 37
41 29
8 15
32 42
43 29
44 13
45 8
33 46
41 47
48 39
49 8
9 50
27 30
51 30
0 52
22 18
17 53
32 40
36 30
54 6
25 55
56 3
57 18
58 36
8 12
55 31
38 59
60 36
0 61
44 62
63 43
61 62
30 64
63 65
52 41
12 66
16 67
68 61
69 63
10 30
45 70
8 71
69 21
68 18
47 72
73 21
43 74
8 23
0 75
76 17
14 48
77 34
38 21
40 78
38 13
35 76
14 49
79 70
31 13
36 15
63 50
0 65
80 13
17 66
0 81
82 76
32 47
33 18
69 70
68 29
31 83
43 84
85 39
68 86
87 84
25 21
17 80
77 48
32 88
19 44
0 89
52 55
68 73
26 66
37 21
87 5
79 84
63 40
0 49
90 9
68 91
56 92
12 39
5 93
1 79
94 12
0 88
87 38
32 95
81 87
89 96
85 92
41 96
97 39
84 66
40 98
89 79
6 50
17 42
26 95
92 26
17 99
7 100
15 101
102 47
32 91
19 97
87 41
0 21
20 88
56 103
104 76
5 105
91 80
102 86
7 29
5 59
90 92
106 46
105 38
107 78
44 79
107 34
90 32
89 12
108 18
0 107
52 5
25 85
76 18
32 61
60 83
109 39
42 39
110 92
110 12
104 99
17 84
70 62
0 54
90 40
35 100
78 111
48 43
26 57
68 85
54 98
31 43
68 62
71 21
102 91
46 96
89 112
86 30
6 88
8 112
54 107
22 6
32 12
63 3
25 63
44 64
113 66
103 79
32 9
103 61
5 6
54 8
114 107
69 85
25 8
40 83
30 18
107 102
11 107
51 47
79 66
76 100
89 5
79 39
13 74
0 31
11 38
115 8
89 31
15 99
103 15
9 70
52 20
70 29
92 12
49 73
0 58
94 110
92 39
94 11
55 73
91 42
92 18
54 71
28 116
54 28
90 16
