#qgen
115
29
61
84
55
2
55
243
62
198
11
217
75
106
12
246
237
214
137
231
233
105
82
102
229
52
81
167
173
52
99
1
110
103
58
76
36
156
88
191
225
192
226
166
82
79
119
237
211
243
140
79
198
173
3
86
150
176
146
184
244
206
94
4
218
76
64
68
153
76
57
230
175
115
101
73
153
152
99
184
189
176
88
144
92
154
157
187
115
213
65
105
158
25
13
31
160
19
83
12
135
238
183
202
160
187
127
20
170
208
156
205
216
196
163
88
256
0 1
1 2
3 0
4 2
5 1
6 2
7 0
2 8
7 9
9 10
5 11
12 0
13 3
3 14
3 15
13 16
5 17
3 18
19 7
18 20
21 5
22 0
19 23
24 20
5 25
26 2
23 27
2 28
29 20
16 30
19 31
30 32
5 33
27 34
35 11
13 36
36 2
16 37
38 20
0 39
13 20
40 11
2 41
37 42
29 37
9 20
37 30
43 5
24 44
45 11
3 46
3 31
13 47
47 48
2 42
35 32
3 49
48 46
50 35
51 47
24 32
19 52
43 44
44 53
49 9
54 11
50 14
19 17
55 42
2 56
57 18
58 11
19 59
60 20
6 23
5 58
58 44
2 48
51 20
47 20
45 17
38 30
30 46
43 61
62 30
32 63
27 28
39 64
65 30
16 38
36 41
66 5
50 67
43 30
3 35
5 68
69 59
24 37
35 30
51 46
29 70
2 71
3 60
0 72
59 27
73 15
5 74
18 53
37 18
37 67
59 75
50 76
13 14
58 25
77 34
78 67
5 79
5 80
40 81
82 50
31 59
20 45
2 83
59 20
1 84
5 19
50 33
74 85
39 85
86 5
47 46
13 9
32 8
87 59
59 9
69 50
15 7
30 20
5 35
35 74
3 37
88 2
55 20
77 20
89 33
13 2
19 26
90 50
91 9
3 55
54 33
55 83
92 27
52 35
52 9
31 29
93 53
65 59
40 24
22 79
94 2
24 8
95 44
13 96
3 61
82 97
3 62
50 15
65 20
16 9
87 76
30 48
15 98
19 35
99 83
69 82
31 20
50 16
100 42
65 38
37 20
101 11
24 30
101 75
67 102
67 44
24 48
40 58
32 101
90 82
3 44
54 35
5 103
59 83
67 83
13 62
54 74
104 85
59 35
105 5
91 5
32 99
47 67
68 28
106 74
43 45
107 20
107 15
52 0
3 59
100 108
22 39
18 67
21 109
40 19
9 37
87 4
92 64
107 74
96 44
98 55
110 1
13 51
100 109
66 74
5 73
11 111
40 69
3 16
66 67
100 63
13 45
52 20
93 33
61 58
16 20
19 9
7 20
86 40
19 11
15 55
38 44
67 46
102 41
35 2
3 65
82 73
6 57
100 82
59 55
68 101
48 63
59 112
5 113
44 99
114 44
