#qgen
60
95
40
168
92
116
109
27
184
28
211
201
153
253
122
255
224
65
30
147
222
119
37
56
12
91
85
57
26
75
61
198
83
241
188
180
231
27
237
238
73
122
51
149
52
183
34
150
140
31
99
169
128
13
127
102
127
29
160
39
47
128
0 1
0 2
0 3
0 4
0 5
6 4
6 7
7 8
9 4
1 10
0 11
12 7
6 13
8 14
0 15
16 11
16 17
0 18
7 19
0 20
9 18
11 21
22 7
23 5
24 14
25 8
20 26
27 22
28 19
16 21
5 22
25 20
25 29
11 30
6 26
5 4
0 31
32 5
0 27
21 13
11 23
1 19
33 3
34 30
24 23
5 30
33 25
24 21
33 8
25 5
35 24
32 30
35 27
36 5
24 5
17 37
21 29
0 38
11 39
10 40
23 26
21 41
4 30
27 16
0 40
32 11
42 25
5 34
25 21
43 26
44 25
0 45
33 32
43 31
43 46
45 19
44 47
48 28
6 30
9 11
49 40
45 41
50 5
44 30
51 4
12 52
53 9
46 30
33 12
47 28
17 4
0 52
9 26
23 7
47 20
12 15
25 37
44 7
48 20
27 7
42 54
7 31
8 18
55 30
0 46
53 7
9 21
0 12
48 45
35 18
9 56
57 39
40 14
55 17
58 26
23 30
47 37
50 59
11 56
15 8
28 30
17 41
9 39
0 6
29 30
36 38
12 30
33 11
