#qgen
114
49
111
105
226
180
68
210
136
203
186
40
187
54
25
155
215
14
152
119
72
19
26
20
168
2
161
85
244
33
128
251
141
236
46
41
14
58
185
242
156
213
47
140
113
199
116
82
10
176
192
160
176
75
119
168
14
179
78
209
2
24
169
194
249
20
167
192
205
14
127
242
115
53
1
136
152
131
23
89
195
29
190
74
124
29
111
237
230
213
47
221
151
190
164
159
112
228
171
106
154
74
153
33
214
35
36
204
115
33
179
148
234
232
112
256
1 0
2 0
0 3
4 3
5 4
4 6
7 6
8 3
9 4
4 10
11 4
12 4
11 13
14 11
15 10
12 16
17 6
9 18
13 19
5 20
17 21
22 17
14 12
23 20
15 24
25 10
18 26
18 27
28 10
29 21
17 29
22 30
18 31
26 17
32 16
7 33
26 34
11 35
9 36
9 37
38 13
18 39
15 40
15 7
13 41
41 42
43 35
22 44
19 45
46 21
29 47
9 14
11 48
49 7
50 4
51 35
52 20
36 53
19 54
55 34
23 25
56 45
22 57
19 4
58 20
49 59
11 59
42 10
9 23
19 33
18 30
23 60
42 61
42 35
31 62
31 4
53 35
22 63
31 64
65 4
51 66
11 18
56 12
6 67
17 68
69 14
48 70
40 59
71 62
72 10
65 21
23 73
74 0
48 59
25 53
75 23
39 57
52 34
32 65
48 76
77 61
78 56
13 35
41 79
51 29
80 47
76 44
81 7
53 10
17 16
9 82
82 76
25 83
84 19
85 3
42 46
32 86
71 57
48 20
87 27
75 88
43 57
58 67
89 75
90 26
15 70
66 21
25 4
82 53
62 64
91 57
43 92
44 49
80 87
20 33
93 10
46 94
95 84
15 96
75 58
15 97
41 20
98 53
39 88
52 38
81 54
37 16
41 6
58 36
99 35
32 49
31 100
32 12
19 59
26 81
87 37
31 73
49 101
39 70
15 43
102 35
30 24
76 66
77 12
21 61
58 10
19 35
87 103
18 7
31 67
55 104
77 19
95 53
61 33
105 66
89 20
75 16
20 6
24 106
56 102
38 107
63 108
15 58
51 55
38 6
40 62
18 109
98 35
19 104
86 65
51 75
58 61
14 35
70 37
81 78
32 34
46 97
13 36
41 29
69 53
48 41
78 12
105 102
89 22
43 95
103 66
75 42
71 66
73 110
86 111
81 39
30 45
57 67
58 112
11 17
63 102
23 63
26 75
32 21
41 59
15 39
2 3
90 23
25 61
81 37
18 24
65 64
15 62
113 27
17 40
80 93
101 106
26 88
78 79
22 59
100 97
54 67
80 104
69 63
55 41
75 70
26 36
4 112
42 106
11 30
12 112
55 27
32 61
73 36
51 111
90 4
52 86
51 94
26 101
7 53
51 17
