#qgen
61
21
188
129
219
41
86
81
132
97
256
255
168
164
183
160
10
45
185
168
242
204
21
51
29
79
181
253
115
108
61
26
1
136
198
92
143
205
208
145
132
67
5
69
141
3
149
14
168
206
232
224
73
189
244
13
137
46
215
53
204
5
128
1 0
2 0
3 2
1 2
4 2
4 5
6 5
6 7
6 8
6 9
6 10
6 11
12 5
6 13
2 14
6 15
6 16
17 11
2 5
6 18
6 19
15 20
1 5
6 17
15 21
6 21
6 22
6 23
24 21
6 25
6 26
27 15
6 28
29 4
22 30
6 31
32 20
22 15
22 33
28 34
27 21
15 26
17 32
35 27
28 20
17 30
6 36
6 37
6 33
6 38
17 34
39 20
35 5
17 20
40 34
26 41
42 41
6 43
6 44
35 40
15 33
15 41
42 17
41 28
17 28
7 41
44 41
6 45
46 33
47 26
6 48
21 30
6 32
42 20
12 29
47 34
6 49
50 25
6 41
18 49
51 46
42 28
6 52
1 12
6 39
6 53
32 28
6 54
6 55
48 54
6 50
50 23
29 14
47 30
16 33
43 47
6 40
34 11
6 56
1 29
6 42
6 57
34 21
15 44
32 41
6 58
7 32
47 54
32 30
19 41
59 18
27 34
6 24
22 34
43 26
34 20
32 54
28 11
34 54
58 52
17 7
12 4
21 33
47 32
54 30
6 60
26 34
47 36
