#qgen
116
21
188
129
219
41
86
81
220
110
73
132
200
67
185
164
137
171
94
61
255
60
142
103
231
168
14
14
136
41
41
147
206
54
198
236
64
185
173
98
127
224
168
206
10
81
1
54
239
232
26
159
66
208
13
203
97
204
181
168
99
181
60
142
57
79
46
204
76
5
139
54
253
67
227
129
142
165
108
213
141
10
208
3
170
176
92
69
183
164
61
48
143
21
3
132
45
57
201
64
67
166
168
119
115
105
29
184
239
132
113
149
244
137
219
242
51
256
1 0
2 0
3 2
1 2
4 2
4 5
6 5
6 7
6 8
6 9
10 6
11 6
6 12
6 13
14 5
6 15
16 7
17 11
18 5
6 19
6 20
21 13
14 2
6 22
23 15
24 7
6 25
10 26
26 27
10 28
29 6
30 20
27 7
6 31
32 27
6 28
25 33
20 34
35 28
29 36
27 35
17 37
21 34
30 38
39 26
23 40
7 41
42 11
43 15
10 16
25 44
29 33
6 45
26 46
44 47
42 34
48 46
6 43
49 7
43 50
24 51
52 23
27 53
42 40
54 26
20 28
52 55
13 7
56 44
57 38
6 58
32 33
10 27
30 57
25 59
60 50
17 6
61 36
10 62
29 52
63 57
42 64
32 7
65 63
66 16
6 67
42 68
69 15
63 7
63 70
10 71
72 38
26 73
43 68
28 70
63 74
6 16
52 26
52 6
75 74
76 7
10 77
78 37
26 79
52 64
6 53
17 80
79 71
81 47
82 31
29 79
43 59
75 15
83 41
43 84
43 34
80 53
28 41
85 58
86 77
26 42
6 87
84 38
88 57
89 53
6 90
91 50
66 73
76 30
68 85
64 92
42 44
6 93
29 76
6 94
63 76
95 33
42 21
96 55
17 21
76 62
13 27
84 97
6 95
68 92
42 59
42 98
41 99
6 49
29 42
36 100
29 101
29 63
102 6
15 44
11 37
11 83
103 85
6 27
93 44
62 74
76 104
22 97
69 105
24 74
25 36
83 44
101 71
59 44
106 28
39 6
32 47
42 56
6 106
37 92
30 107
53 63
62 7
6 108
59 61
66 41
42 109
13 53
6 110
54 76
29 85
107 15
82 83
27 76
105 20
40 60
11 21
107 7
78 94
6 111
92 33
17 83
92 49
26 68
82 89
6 100
32 70
94 27
54 101
83 37
101 86
10 73
20 74
6 70
38 15
6 112
53 49
86 68
17 109
54 89
113 37
56 46
89 98
32 80
6 63
15 97
6 77
20 107
54 27
109 85
21 84
78 83
88 10
96 108
17 99
6 97
6 107
56 63
34 72
63 107
21 37
29 75
98 102
88 37
37 108
32 13
55 40
105 15
6 114
89 68
88 96
42 113
115 33
79 101
6 64
43 38
21 6
6 47
68 77
57 34
6 71
