#query
59
P
P
R
V
T
Y
I
G
V
Y
F
L
S
K
C
D
G
A
T
L
C
E
E
Y
D
F
D
V
I
L
Y
F
K
P
N
I
D
E
L
G
T
D
Y
S
K
W
R
A
Q
F
Q
V
N
K
V
K
E
E
L
128
0 1
0 2
3 1
2 4
0 5
5 3
6 2
0 7
2 8
9 3
10 4
2 11
12 10
13 4
13 14
15 1
6 0
16 10
17 5
18 5
11 19
11 20
0 21
9 22
23 1
24 11
9 23
11 25
10 22
18 26
27 10
28 26
29 2
20 30
2 31
32 5
33 16
32 13
33 32
33 34
2 19
35 32
36 0
16 19
28 37
11 38
36 31
39 18
28 40
15 41
6 16
27 29
0 13
35 10
42 23
36 12
43 5
17 44
9 30
27 45
46 7
47 46
34 45
39 14
17 21
11 21
20 19
42 19
32 48
21 22
10 7
2 49
32 0
39 30
50 26
25 41
6 32
9 45
51 43
52 12
39 3
20 18
51 39
37 44
27 16
29 24
53 45
34 27
17 3
54 8
20 8
8 44
55 3
51 20
0 11
56 17
18 17
15 23
33 2
55 41
42 55
13 8
13 42
34 29
20 25
33 29
34 0
41 30
2 1
50 37
0 31
48 2
35 34
32 22
2 3
52 46
17 57
48 30
11 39
2 58
12 57
41 1
17 40
6 33
32 21
43 38
23 21
18 3
