#query
64
N
L
L
V
K
A
L
E
F
Y
Y
C
E
Q
N
T
K
R
V
I
Y
Y
K
G
K
L
K
A
N
G
I
G
F
L
R
Y
A
L
P
L
F
Y
L
A
R
Q
F
T
T
K
N
V
L
R
S
S
A
T
P
L
A
K
S
Q
256
0 1
2 1
3 1
2 4
3 5
2 6
4 7
4 8
8 9
2 8
6 10
3 11
12 4
5 13
7 14
4 15
16 12
17 3
5 18
8 19
20 14
8 21
22 3
17 23
11 24
25 1
26 25
27 9
2 15
28 0
29 22
11 30
0 7
0 31
32 26
33 1
6 5
0 34
20 33
3 35
33 7
5 10
36 5
6 37
31 9
38 37
4 19
4 36
14 39
40 35
37 13
17 41
42 14
19 15
36 43
2 44
36 37
45 37
39 46
21 15
3 15
0 8
32 1
35 18
4 5
2 19
11 15
2 36
23 24
11 47
33 8
17 32
41 48
36 9
4 43
17 22
16 2
30 19
49 41
25 18
13 30
40 3
38 48
26 50
29 42
42 23
4 51
30 52
52 1
24 50
6 9
14 47
35 53
54 43
12 51
28 34
54 13
38 3
50 55
55 9
35 24
51 56
48 33
20 0
57 37
51 10
33 9
52 9
45 35
41 13
11 6
55 12
22 18
48 30
51 15
12 58
42 30
13 27
59 14
40 42
24 57
60 0
42 18
16 1
43 33
38 35
29 18
22 30
40 29
1 46
23 50
6 7
51 9
16 15
42 10
55 7
3 18
61 47
29 35
56 8
3 13
53 46
35 26
9 15
20 7
59 46
52 0
30 58
36 10
60 14
35 33
52 15
42 20
21 9
45 33
10 18
17 48
51 18
42 50
6 19
29 3
29 57
20 34
1 34
40 17
28 31
6 27
42 26
2 9
28 56
29 41
29 23
38 41
2 30
18 37
6 18
49 29
44 9
10 30
51 33
0 21
45 59
3 26
56 19
25 33
27 15
0 56
43 15
52 61
31 15
45 3
5 30
55 15
60 19
13 19
23 25
9 7
3 42
24 1
25 6
58 31
44 19
3 23
24 10
12 15
51 43
5 41
12 52
24 26
42 35
4 6
4 21
49 42
60 33
28 20
25 16
42 47
40 47
51 52
30 15
29 54
59 61
40 45
50 16
1 53
3 62
59 52
37 27
36 27
58 56
35 11
30 7
7 61
12 31
24 53
40 38
63 10
12 9
2 10
30 60
0 19
30 20
60 8
3 41
3 10
13 60
2 52
15 14
18 30
63 30
43 8
42 24
42 33
35 23
51 27
15 7
