#query
32
G
A
F
T
F
R
G
T
P
M
G
P
E
W
P
Y
N
R
V
W
R
S
N
Y
R
Q
N
G
N
I
T
W
128
0 1
2 0
3 1
0 4
0 5
6 1
4 7
8 1
8 9
0 10
4 11
0 12
13 11
14 8
15 9
16 5
3 9
14 17
13 17
18 11
19 10
14 1
16 17
20 10
21 20
13 6
14 20
10 5
0 16
22 4
23 11
0 15
24 13
11 17
2 1
4 13
24 20
18 7
25 20
26 20
2 5
24 7
18 20
2 27
22 20
13 5
28 16
2 21
2 4
15 14
18 13
23 1
21 17
18 1
29 23
0 30
7 29
25 26
0 26
3 23
29 11
0 11
21 5
13 1
24 10
18 6
4 31
21 24
11 30
13 3
18 5
25 21
0 13
2 16
18 31
18 22
10 7
13 7
9 30
16 22
18 10
9 23
19 4
9 11
8 4
7 23
21 1
14 19
28 18
0 21
18 27
16 10
3 11
24 5
18 0
15 17
21 27
29 1
24 6
4 17
21 26
27 17
18 4
24 30
2 10
19 13
22 13
4 5
13 9
14 29
6 29
26 17
0 14
9 1
28 2
4 1
28 5
16 14
7 5
16 4
10 13
25 31
13 29
6 11
1 30
4 9
20 13
24 1
