#qgen
63
184
261
140
5
174
296
141
128
509
61
100
278
28
199
192
165
81
44
455
291
24
397
93
179
448
222
319
335
342
201
199
16
397
314
432
179
29
302
197
235
156
316
111
207
146
142
173
273
16
249
80
208
289
370
434
189
279
137
397
477
302
476
131
64
1 0
0 2
3 2
4 2
2 5
3 6
7 6
2 8
9 2
10 2
11 3
12 6
7 13
10 14
10 15
3 16
17 2
4 18
19 7
7 20
21 14
6 12
22 13
23 12
24 2
16 25
25 16
16 26
27 25
28 6
25 29
30 10
31 16
32 25
24 33
34 22
35 10
25 36
37 24
38 14
39 29
31 40
32 41
10 42
23 43
23 44
15 45
25 46
29 47
48 33
49 41
23 50
51 49
52 32
53 6
3 54
55 22
56 40
34 57
58 18
59 54
60 29
61 40
62 28
