#qgen
238
483
133
289
421
156
239
292
270
126
338
400
356
277
372
210
267
221
80
481
3
494
146
282
149
445
237
109
330
336
423
94
209
386
317
472
12
53
358
86
302
371
310
406
390
159
203
39
182
289
339
115
148
451
198
262
414
484
490
476
501
93
68
93
335
279
141
261
437
48
14
344
298
89
283
505
462
321
395
386
437
448
322
287
309
9
400
457
287
66
281
346
441
42
451
337
400
313
46
436
100
118
461
482
356
467
342
462
356
364
113
132
162
353
21
443
431
156
465
245
156
37
385
308
258
114
388
297
422
227
256
133
466
275
439
86
6
404
438
176
235
281
269
263
119
360
277
134
115
328
252
366
254
76
314
4
16
471
299
74
23
173
139
4
430
395
372
250
492
324
292
464
1
461
367
75
331
175
217
307
141
216
167
508
58
456
291
174
1
440
82
60
87
56
137
399
26
187
214
264
416
71
174
238
243
447
83
335
240
409
89
461
488
406
437
334
475
321
84
142
86
145
110
291
327
460
52
109
259
307
213
187
273
192
24
458
156
141
325
256
1 0
1 2
3 1
1 4
1 5
1 6
7 3
8 4
4 9
4 10
11 8
11 12
8 13
2 1
1 14
2 15
4 16
8 17
18 11
16 19
20 11
9 21
22 1
9 23
1 24
9 25
26 8
27 14
19 28
29 8
29 30
16 31
14 32
26 33
34 31
29 35
36 35
29 37
38 27
29 39
19 11
16 40
41 16
42 32
43 29
44 29
3 45
43 46
47 46
48 32
48 49
35 50
8 51
52 1
53 0
54 11
31 55
56 27
53 57
15 58
59 46
49 60
61 56
62 11
63 29
64 49
65 59
66 29
67 32
68 42
69 1
58 70
70 71
72 46
73 48
53 74
75 11
76 56
77 49
78 11
35 47
79 48
80 66
81 48
82 58
68 83
67 84
11 85
86 11
60 87
42 88
79 89
48 90
91 29
88 92
93 79
0 94
84 95
27 96
49 75
49 97
98 29
27 56
49 99
81 100
81 101
8 19
102 95
103 49
104 79
105 102
87 106
31 107
108 82
109 40
110 94
111 60
112 103
113 99
114 72
115 72
116 35
117 54
118 113
119 67
120 49
99 121
68 122
123 36
116 124
125 111
87 126
29 127
11 78
10 128
129 111
130 99
16 131
99 132
133 29
134 99
99 135
136 116
124 137
68 138
139 31
140 99
141 116
33 19
142 89
143 68
97 144
116 145
146 108
147 88
56 148
149 27
150 63
115 108
59 151
53 152
99 153
151 154
155 72
156 104
157 1
158 56
81 159
160 28
9 4
99 161
162 134
113 163
164 87
125 165
154 39
108 166
167 92
12 168
169 125
42 170
87 171
172 81
173 8
174 59
15 175
176 68
79 177
81 178
179 29
180 124
181 122
182 141
183 120
184 35
185 94
125 186
84 187
185 188
189 158
90 190
113 191
186 125
192 49
193 44
99 194
195 81
181 196
21 197
99 198
141 199
63 200
195 201
44 35
68 202
70 58
49 203
204 128
205 125
206 125
166 207
208 80
209 79
210 108
173 11
211 99
45 3
170 212
213 195
1 214
215 122
216 88
217 141
218 68
219 137
196 181
180 220
3 221
154 222
195 223
102 224
225 81
226 35
99 227
228 102
144 97
153 229
230 154
11 231
84 68
232 70
233 187
234 149
235 147
79 236
237 163
