#qgen
123
483
133
289
421
156
239
292
270
126
338
400
356
277
372
210
267
221
80
481
3
494
146
282
149
445
237
109
330
336
423
94
209
386
317
472
12
53
358
86
302
371
310
406
390
159
203
39
182
289
339
115
148
451
198
262
414
484
490
476
501
93
68
93
335
279
141
261
437
48
14
344
298
89
283
505
462
321
395
386
437
448
322
287
309
9
400
457
287
66
281
346
441
42
451
337
400
313
46
436
100
118
461
482
356
467
342
462
356
364
113
132
162
353
21
443
431
156
465
245
156
37
385
308
128
1 0
1 2
3 1
1 4
1 5
1 6
7 3
8 4
4 9
4 10
11 8
11 12
8 13
2 1
1 14
2 15
4 16
8 17
18 11
16 19
20 11
9 21
22 1
9 23
1 24
9 25
26 8
27 14
19 28
29 8
29 30
16 31
14 32
26 33
34 31
29 35
36 35
29 37
38 27
29 39
19 11
16 40
41 16
42 32
43 29
44 29
3 45
43 46
47 46
48 32
48 49
35 50
8 51
52 1
53 0
54 11
31 55
56 27
53 57
15 58
59 46
49 60
61 56
62 11
63 29
64 49
65 59
66 29
67 32
68 42
69 1
58 70
70 71
72 46
73 48
53 74
75 11
76 56
77 49
78 11
35 47
79 48
80 66
81 48
82 58
68 83
67 84
11 85
86 11
60 87
42 88
79 89
48 90
91 29
88 92
93 79
0 94
84 95
27 96
49 75
49 97
98 29
27 56
49 99
81 100
81 101
8 19
102 95
103 49
104 79
105 102
87 106
31 107
108 82
109 40
110 94
111 60
112 103
113 99
114 72
115 72
116 35
117 54
118 113
119 67
120 49
99 121
68 122
