#qgen
60
51
257
131
57
140
87
188
47
214
156
345
396
82
474
379
445
220
135
232
77
128
53
238
409
109
493
95
443
501
180
358
324
444
280
433
72
454
196
502
85
282
167
97
495
243
371
462
484
461
89
455
72
403
242
253
274
267
88
497
256
64
0 1
1 2
1 0
2 0
2 3
4 3
5 3
3 6
5 7
8 3
9 5
8 10
3 11
3 12
3 13
13 14
15 8
3 16
15 17
18 14
17 19
6 3
14 20
15 21
3 22
23 3
15 24
25 8
26 3
27 20
20 28
29 28
20 30
31 28
3 32
33 28
28 34
28 35
36 3
37 21
38 15
28 39
40 5
41 17
42 28
15 43
18 44
45 20
17 38
3 46
42 47
15 48
15 38
28 49
50 44
51 15
52 28
28 53
54 28
55 28
28 56
28 57
28 58
42 59
