#qgen
62
417
152
3
468
431
211
423
172
424
83
357
453
438
92
84
191
431
447
147
76
150
258
379
72
267
441
42
223
175
212
9
370
186
207
27
80
228
112
42
248
334
252
149
380
271
39
155
312
107
379
79
317
309
176
284
330
22
111
416
341
14
224
64
1 0
1 2
2 3
2 4
3 5
6 0
7 1
8 3
9 7
1 7
6 10
1 11
8 12
13 1
1 14
2 15
16 12
17 14
18 16
14 19
5 20
20 21
20 22
20 23
0 24
25 10
10 26
27 24
28 25
29 18
30 24
21 31
28 32
33 24
34 10
35 20
36 28
37 24
37 38
39 25
40 29
28 41
42 29
20 43
36 44
45 33
27 46
47 32
48 27
49 24
50 18
51 37
52 17
53 11
33 54
28 18
30 55
56 48
15 57
58 27
27 59
60 55
58 61
16 55
