#qgen
207
417
152
3
468
431
211
423
172
424
83
357
453
438
92
84
191
431
447
147
76
150
258
379
72
267
441
42
223
175
212
9
370
186
207
27
80
228
112
42
248
334
252
149
380
271
39
155
312
107
379
79
317
309
176
284
330
22
111
416
341
14
224
280
369
412
456
299
31
159
119
153
330
452
116
274
326
389
308
67
369
346
424
200
320
262
373
431
397
224
381
185
152
142
246
501
83
479
228
40
183
363
397
496
7
254
154
25
410
164
228
263
485
296
368
126
360
440
223
174
110
104
47
77
39
251
249
22
178
473
243
256
42
503
194
262
364
33
329
487
217
492
133
324
460
351
243
430
300
76
238
64
481
310
261
170
254
455
204
273
453
74
403
277
253
271
118
260
189
439
140
299
296
264
288
16
31
129
103
362
354
300
281
129
298
396
397
70
483
7
275
94
179
287
106
155
21
256
142
277
116
420
506
221
96
10
440
498
256
1 0
1 2
2 3
2 4
3 5
6 0
7 1
8 3
9 7
1 7
6 10
1 11
8 12
13 1
1 14
2 15
16 12
17 14
18 16
14 19
5 20
20 21
20 22
20 23
0 24
25 10
10 26
27 24
28 25
29 18
30 24
21 31
28 32
33 24
34 10
35 20
36 28
37 24
37 38
39 25
40 29
28 41
42 29
20 43
36 44
45 33
27 46
47 32
48 27
49 24
50 18
51 37
52 17
53 11
33 54
28 18
30 55
56 48
15 57
58 27
27 59
60 55
58 61
16 55
41 62
16 63
64 46
24 65
52 66
48 67
64 57
33 68
69 24
42 70
55 71
33 10
65 24
72 24
73 55
74 56
53 75
76 74
41 77
74 65
78 17
76 79
80 13
53 81
82 61
30 25
78 83
84 16
18 85
86 72
60 27
87 56
88 1
76 89
90 82
91 61
50 92
93 68
17 94
71 95
96 30
97 84
86 85
98 53
16 99
58 74
30 100
71 101
102 58
103 69
62 59
74 71
68 90
104 68
36 105
53 106
107 95
32 108
61 109
10 98
110 20
111 91
112 81
39 24
113 82
114 72
99 115
30 116
52 117
112 118
119 112
79 120
121 95
97 122
123 27
108 124
53 71
54 58
125 72
115 126
127 20
128 29
85 129
97 130
131 108
132 128
103 36
133 97
33 49
134 104
106 135
136 49
137 82
138 67
139 63
50 140
60 29
141 52
107 71
142 73
48 73
69 143
144 37
41 24
145 52
58 56
10 146
147 98
148 112
89 149
97 150
147 151
114 152
55 153
107 154
100 155
156 53
80 5
70 157
85 158
123 153
53 159
160 149
161 69
139 162
65 128
129 163
17 83
125 164
68 59
165 93
166 29
167 158
148 168
49 89
50 54
53 158
169 53
16 128
33 86
170 166
113 171
30 58
133 172
173 30
158 174
87 174
82 154
175 163
176 18
27 142
177 128
178 61
20 179
111 50
52 180
123 87
44 29
58 181
182 59
90 183
10 93
88 184
185 83
166 186
148 187
144 188
153 46
35 189
190 160
173 70
191 33
108 192
98 193
194 7
174 151
90 195
95 93
74 61
85 196
197 107
87 198
54 60
20 199
98 200
101 201
202 61
33 114
203 139
137 204
93 205
58 206
