#qgen
113
417
152
3
468
431
211
423
172
424
83
357
453
438
92
84
191
431
447
147
76
150
258
379
72
267
441
42
223
175
212
9
370
186
207
27
80
228
112
42
248
334
252
149
380
271
39
155
312
107
379
79
317
309
176
284
330
22
111
416
341
14
224
280
369
412
456
299
31
159
119
153
330
452
116
274
326
389
308
67
369
346
424
200
320
262
373
431
397
224
381
185
152
142
246
501
83
479
228
40
183
363
397
496
7
254
154
25
410
164
228
263
485
296
128
1 0
1 2
2 3
2 4
3 5
6 0
7 1
8 3
9 7
1 7
6 10
1 11
8 12
13 1
1 14
2 15
16 12
17 14
18 16
14 19
5 20
20 21
20 22
20 23
0 24
25 10
10 26
27 24
28 25
29 18
30 24
21 31
28 32
33 24
34 10
35 20
36 28
37 24
37 38
39 25
40 29
28 41
42 29
20 43
36 44
45 33
27 46
47 32
48 27
49 24
50 18
51 37
52 17
53 11
33 54
28 18
30 55
56 48
15 57
58 27
27 59
60 55
58 61
16 55
41 62
16 63
64 46
24 65
52 66
48 67
64 57
33 68
69 24
42 70
55 71
33 10
65 24
72 24
73 55
74 56
53 75
76 74
41 77
74 65
78 17
76 79
80 13
53 81
82 61
30 25
78 83
84 16
18 85
86 72
60 27
87 56
88 1
76 89
90 82
91 61
50 92
93 68
17 94
71 95
96 30
97 84
86 85
98 53
16 99
58 74
30 100
71 101
102 58
103 69
62 59
74 71
68 90
104 68
36 105
53 106
107 95
32 108
61 109
10 98
110 20
111 91
112 81
39 24
