#qgen
126
325
32
447
413
493
59
209
81
486
111
230
379
14
219
199
117
441
285
366
418
438
221
142
252
463
350
45
272
498
292
360
471
447
359
340
330
190
451
362
168
271
321
265
464
235
260
148
275
356
447
430
71
206
459
165
67
293
5
40
258
77
34
329
170
197
104
64
312
24
254
509
337
205
139
18
272
12
311
230
56
510
382
300
309
383
265
412
108
399
271
393
268
128
42
76
389
396
490
3
242
176
487
441
491
369
133
487
368
225
188
112
36
211
229
51
179
40
93
224
230
284
73
327
328
487
177
128
1 0
1 2
1 3
2 4
5 4
6 5
7 1
8 6
8 9
2 10
11 7
0 1
12 7
13 7
14 6
15 12
2 16
17 6
10 18
19 11
14 20
21 14
6 22
23 3
24 23
19 25
25 26
1 27
11 28
29 6
30 24
31 25
32 25
33 31
19 34
25 35
33 36
26 37
38 24
39 36
40 35
22 41
42 38
26 43
44 41
45 25
46 19
47 4
40 48
49 40
39 50
51 26
26 52
53 50
54 32
26 55
36 56
32 57
58 28
59 42
38 60
61 1
38 62
63 26
59 64
65 57
62 66
67 56
68 36
69 35
48 70
71 12
72 48
73 37
38 74
46 75
59 76
77 50
50 78
48 79
38 80
36 81
82 69
59 83
35 84
35 85
83 86
69 87
59 88
89 35
50 90
22 91
36 92
89 93
94 40
27 95
89 84
36 96
97 91
35 98
99 64
62 100
101 37
32 102
103 95
78 104
81 105
79 106
40 107
40 108
36 68
79 109
110 69
111 8
42 112
95 113
114 40
115 38
116 70
102 117
65 118
117 119
116 120
92 121
122 113
43 123
109 124
125 95
