#qgen
62
169
429
200
353
442
138
419
338
214
308
498
141
282
274
74
160
288
404
243
369
209
201
451
82
462
161
132
376
258
61
460
61
55
383
216
274
131
433
488
74
195
209
414
398
233
323
294
394
263
59
376
247
43
292
329
119
280
286
346
165
302
57
64
1 0
2 0
1 3
3 4
0 5
5 6
7 1
8 5
6 9
10 1
10 7
11 6
5 12
13 9
9 14
9 15
13 16
17 10
18 11
19 7
20 18
21 18
22 5
23 19
24 13
9 25
19 26
27 5
12 0
28 20
20 29
19 30
31 8
9 32
20 33
34 13
34 35
34 36
37 30
38 20
9 39
40 18
41 34
42 18
43 42
20 44
39 45
46 42
1 10
29 47
48 9
42 49
19 50
51 17
32 52
53 39
54 26
55 19
45 56
57 28
6 58
29 59
58 60
17 61
