#qgen
64
178
332
382
439
68
186
145
44
115
125
305
261
309
49
252
152
79
494
344
45
445
350
201
242
411
428
446
159
50
117
24
166
257
88
49
139
409
245
445
11
435
481
77
459
322
35
313
250
269
12
93
14
95
509
42
397
34
456
368
306
271
459
426
355
64
1 0
1 2
3 1
4 1
2 5
6 3
7 3
8 1
5 9
10 1
11 5
11 12
13 11
14 11
15 13
14 16
16 17
18 11
19 11
11 20
21 17
22 3
11 23
11 24
22 25
5 26
27 13
11 28
5 29
30 29
31 1
29 32
33 13
34 20
35 11
36 1
11 37
35 38
39 11
40 36
2 41
42 2
43 32
42 44
45 35
46 26
47 39
33 48
3 49
33 15
48 50
50 51
52 22
16 53
13 54
17 55
26 56
57 42
58 36
59 36
60 42
42 61
36 62
63 13
