#qgen
248
226
148
414
302
441
509
227
183
507
341
122
355
73
456
395
77
164
138
141
349
122
150
249
342
163
251
382
184
165
431
263
84
248
291
499
36
5
480
459
36
247
272
99
497
487
496
36
360
191
210
355
464
338
88
146
161
323
318
355
273
209
360
333
422
38
448
172
233
140
200
111
202
343
88
103
59
344
323
136
185
67
509
324
292
133
372
225
165
168
375
430
156
137
109
272
393
276
255
220
364
259
443
390
470
33
387
83
246
37
410
66
3
62
355
393
145
110
228
454
28
162
295
147
495
445
348
339
463
332
129
502
269
126
501
353
372
440
126
128
73
12
224
458
500
425
103
311
320
459
355
65
480
31
505
399
313
53
90
487
358
87
199
43
187
423
278
487
460
237
288
290
497
388
288
419
151
283
5
117
88
267
93
379
173
13
212
476
150
440
22
468
33
268
424
210
418
452
130
246
341
421
87
501
297
200
82
275
243
171
498
471
109
378
499
142
99
99
153
289
265
98
209
452
264
322
155
345
286
140
386
378
416
118
290
506
279
387
261
37
251
237
106
108
290
330
315
203
330
256
1 0
1 2
0 1
1 3
1 4
5 1
4 1
1 6
7 6
8 1
9 8
6 1
6 10
11 7
12 11
11 13
14 11
13 15
16 11
17 15
18 15
19 15
20 15
15 21
15 22
15 23
24 13
15 25
15 26
27 11
28 15
29 19
15 30
31 15
6 32
22 33
28 34
27 35
36 25
37 22
11 38
39 26
30 40
41 15
15 42
27 43
8 44
45 6
46 15
15 47
48 45
13 49
50 11
51 37
52 33
25 53
49 13
54 49
53 55
37 56
1 57
58 27
20 59
60 27
57 61
22 62
15 63
57 64
65 15
63 66
67 42
68 20
69 48
70 22
56 71
64 72
68 73
57 74
67 75
30 76
77 76
69 78
79 42
15 80
57 81
15 82
53 83
63 84
85 76
48 86
87 35
84 88
78 89
63 90
42 91
70 92
93 11
53 94
95 57
25 36
96 42
15 97
98 53
99 93
48 100
26 101
89 102
44 103
104 101
105 87
68 106
107 101
108 76
109 15
110 13
111 49
112 29
113 63
114 22
115 25
116 15
117 63
118 19
6 7
119 35
63 120
121 94
122 42
123 13
54 124
125 63
126 54
64 127
15 128
53 129
130 125
131 45
42 132
133 48
134 42
15 135
136 11
137 37
138 114
139 27
48 140
42 141
142 57
130 143
63 144
145 88
15 146
147 11
114 148
15 149
150 48
151 53
152 126
88 153
57 154
155 48
21 156
121 157
158 130
35 159
35 160
128 161
91 73
162 65
22 163
125 164
165 88
28 166
167 166
63 168
169 57
170 53
171 113
135 172
48 173
174 15
68 175
54 176
177 20
178 42
63 179
180 68
181 100
48 182
181 183
170 184
94 185
27 139
146 186
187 63
63 188
179 189
35 190
164 191
75 192
57 193
118 194
187 195
196 90
197 119
63 198
199 166
183 200
201 191
202 124
15 203
203 204
205 195
206 76
27 207
208 35
209 162
122 210
211 162
212 193
121 213
214 150
94 215
216 157
79 217
218 176
219 203
63 220
221 196
181 222
223 158
224 44
66 225
226 140
157 227
195 228
193 229
230 88
231 166
184 232
203 233
234 181
186 235
236 195
13 237
202 238
239 228
240 189
212 88
169 241
242 166
205 243
57 244
245 238
246 125
247 157
