#qgen
63
176
69
32
79
401
266
376
458
88
229
295
162
11
323
28
496
334
92
504
212
35
253
38
323
411
448
146
365
75
173
25
349
301
172
391
125
491
53
291
232
449
478
408
362
386
231
204
378
337
41
360
70
382
481
271
325
488
169
137
506
368
192
12
64
0 1
2 1
3 2
3 4
2 5
6 3
3 7
8 6
9 4
10 6
11 3
2 12
13 6
14 3
6 15
12 16
17 13
18 6
19 6
3 20
3 21
11 22
4 23
24 6
25 23
26 17
12 27
27 28
29 23
23 30
31 16
14 32
12 33
11 34
35 23
27 12
23 36
30 37
38 6
34 39
23 40
12 41
34 42
41 43
44 21
45 11
30 46
47 17
30 48
21 4
21 49
31 50
30 51
52 23
49 53
54 23
5 55
23 56
25 57
58 49
6 59
60 54
61 18
62 23
