#qgen
123
176
69
32
79
401
266
376
458
88
229
295
162
11
323
28
496
334
92
504
212
35
253
38
323
411
448
146
365
75
173
25
349
301
172
391
125
491
53
291
232
449
478
408
362
386
231
204
378
337
41
360
70
382
481
271
325
488
169
137
506
368
192
12
7
119
246
345
182
445
79
340
332
401
142
196
449
166
65
35
396
138
183
361
456
350
215
260
258
87
428
402
385
26
410
152
431
275
209
238
3
168
410
389
230
37
39
189
398
207
93
434
269
276
490
184
396
95
353
51
254
457
28
284
128
0 1
2 1
3 2
3 4
2 5
6 3
3 7
8 6
9 4
10 6
11 3
2 12
13 6
14 3
6 15
12 16
17 13
18 6
19 6
3 20
3 21
11 22
4 23
24 6
25 23
26 17
12 27
27 28
29 23
23 30
31 16
14 32
12 33
11 34
35 23
27 12
23 36
30 37
38 6
34 39
23 40
12 41
34 42
41 43
44 21
45 11
30 46
47 17
30 48
21 4
21 49
31 50
30 51
52 23
49 53
54 23
5 55
23 56
25 57
58 49
6 59
60 54
61 18
62 23
12 63
64 54
65 46
45 66
46 67
68 60
37 69
17 70
16 71
32 72
12 73
74 43
54 75
67 76
77 3
30 78
76 79
80 27
9 81
82 42
75 83
5 84
6 80
85 80
86 30
87 42
88 73
89 41
90 39
91 9
86 92
67 93
6 94
95 68
96 37
97 76
98 62
11 98
15 6
99 91
100 67
101 23
102 54
42 103
41 12
104 54
105 91
11 106
105 107
108 106
109 73
97 110
111 5
112 82
101 113
54 114
115 30
85 116
117 113
118 98
119 98
120 112
121 67
112 122
