#qgen
121
471
34
220
185
61
277
97
293
474
291
398
272
303
167
276
481
79
123
282
254
99
453
459
60
89
35
101
192
491
368
44
438
487
153
479
345
222
410
369
19
279
142
207
16
263
230
386
87
480
188
375
165
219
439
325
308
415
510
347
53
137
393
499
337
381
345
130
240
280
186
42
284
154
84
217
2
170
242
220
441
340
495
17
388
385
501
187
448
429
309
230
45
131
354
19
325
275
175
317
285
278
63
394
216
463
28
329
143
331
46
248
468
153
381
415
454
496
216
498
457
468
128
0 1
2 1
2 3
3 4
1 5
6 3
5 7
2 8
3 9
10 8
11 6
9 12
13 11
9 14
15 14
14 16
17 6
6 18
19 14
20 13
21 6
11 22
22 23
21 24
25 6
26 14
27 21
25 28
29 21
30 26
31 4
32 20
23 33
34 26
35 6
26 36
37 11
21 38
29 39
21 40
41 12
42 19
43 40
8 7
40 38
40 44
45 44
11 46
8 47
48 38
49 40
25 50
26 15
51 40
16 52
53 26
54 21
52 55
19 56
52 57
58 42
21 59
28 60
61 25
62 60
38 63
61 64
65 19
61 66
67 48
68 39
14 69
64 70
54 39
71 22
72 58
38 59
22 73
67 74
48 75
6 76
61 77
71 78
79 25
50 80
16 81
82 54
83 68
6 84
71 85
74 63
63 86
11 87
17 52
6 88
5 89
58 90
85 91
92 23
52 93
58 94
64 95
61 96
97 52
25 98
82 99
33 100
101 62
11 102
26 103
104 22
16 105
101 106
12 107
108 39
109 59
27 110
106 111
48 112
113 29
92 114
94 19
108 115
116 100
32 117
112 118
104 119
101 120
