#qgen
32
26
38
37
38
34
36
37
34
45
42
37
29
27
35
35
26
40
48
39
28
37
40
40
32
36
33
38
36
39
31
41
51
116
1 0
0 2
3 0
0 4
5 4
0 1
4 6
1 7
4 0
4 8
8 9
10 1
5 11
4 12
13 5
14 13
12 15
14 9
5 13
4 16
13 17
0 18
3 19
20 5
21 4
0 22
0 23
17 20
0 17
15 8
15 5
21 17
9 15
0 3
24 0
8 15
7 1
9 21
14 17
5 9
18 0
15 9
9 12
17 9
25 0
4 21
9 14
17 14
0 24
1 26
26 1
27 14
3 28
5 20
12 4
9 8
11 5
14 4
8 21
6 29
20 15
17 21
27 5
8 14
28 30
21 8
30 28
17 0
22 0
14 21
29 6
4 15
9 5
23 0
15 22
12 8
8 4
14 8
6 4
5 27
12 21
8 12
19 3
14 27
21 14
21 9
4 5
30 2
15 20
17 13
15 12
21 12
12 17
0 31
2 30
12 9
9 17
1 10
22 14
13 14
20 17
28 3
16 29
15 4
4 14
14 22
29 16
17 5
2 0
31 0
0 25
22 15
17 12
5 15
5 17
16 4
