#qgen
71
26
38
37
38
34
36
37
34
27
31
35
27
42
39
37
23
46
48
26
40
40
37
33
36
39
32
36
45
39
41
32
36
40
40
40
45
37
39
37
40
43
38
37
46
40
41
37
28
38
35
45
31
35
41
33
31
32
37
33
51
38
34
29
38
30
40
41
24
38
38
37
256
1 0
0 2
3 0
0 4
5 4
0 1
4 6
1 7
4 0
4 8
8 9
4 10
9 11
8 12
11 9
13 12
10 14
15 10
9 16
17 5
12 18
19 0
5 17
9 20
21 8
22 0
0 23
24 18
25 0
26 9
9 26
27 21
10 21
0 28
2 29
30 9
8 4
10 31
14 32
9 8
4 33
31 10
10 34
27 10
23 0
35 7
36 10
18 24
0 3
37 3
6 4
38 17
5 31
9 39
36 8
20 9
9 40
14 8
41 9
9 42
34 21
29 37
9 43
44 9
34 32
45 9
35 46
4 18
47 3
17 14
48 9
49 5
9 50
3 47
27 18
40 9
34 8
51 9
24 8
9 52
10 49
53 9
12 5
14 19
32 14
54 9
7 35
5 18
34 17
32 13
17 10
34 12
32 10
0 17
5 12
10 17
10 15
27 4
13 14
12 27
33 55
34 4
19 18
9 53
8 21
14 13
38 18
10 32
10 4
18 4
34 36
14 27
10 19
4 27
9 15
9 30
34 10
14 15
42 9
9 56
9 48
33 4
46 1
0 25
18 5
8 14
13 10
14 34
9 45
8 18
27 8
13 8
9 54
5 38
15 14
27 12
27 34
10 36
6 55
57 46
14 36
4 34
19 14
8 36
8 17
5 49
12 17
30 40
36 27
3 37
18 8
8 24
12 8
52 9
8 27
58 9
14 17
27 36
7 1
59 0
28 0
50 9
9 58
10 12
17 12
2 0
60 1
43 9
12 34
32 8
61 9
8 13
10 27
5 62
12 10
49 17
9 41
17 0
21 14
62 5
7 57
32 34
16 9
19 10
8 32
34 14
35 60
55 33
56 9
0 22
60 35
14 10
49 10
17 8
36 34
1 60
9 44
57 60
12 13
32 27
8 34
37 29
1 46
17 49
0 59
14 21
63 9
9 51
17 38
46 35
15 9
21 27
18 38
18 27
38 5
60 57
9 63
29 2
27 32
27 14
4 5
18 19
31 5
18 12
46 57
0 19
13 32
9 61
40 30
55 6
39 9
10 13
34 27
21 10
21 34
57 7
36 14
17 34
64 17
64 27
17 64
27 64
27 65
61 65
65 61
65 27
65 66
66 65
66 67
67 66
66 68
68 66
69 66
66 69
70 66
66 70
