#qgen
66
34
36
27
44
40
45
47
37
33
34
47
41
35
41
36
42
44
31
33
37
44
39
49
43
40
33
34
44
32
41
43
33
38
30
34
29
41
35
41
45
44
42
28
37
35
43
38
43
34
39
35
32
28
44
42
42
48
36
7
39
42
31
43
40
42
46
256
0 1
1 2
1 3
4 0
5 1
6 1
1 7
8 1
9 4
4 10
0 4
9 10
1 11
4 12
13 9
14 10
12 10
14 9
15 1
14 13
12 16
13 17
12 18
19 1
14 20
21 13
22 12
13 10
9 23
2 1
24 16
4 25
12 26
9 27
10 4
28 1
16 14
12 29
14 30
12 31
1 8
32 14
32 4
33 1
34 1
17 35
36 20
17 14
9 14
37 35
38 12
39 29
16 20
4 32
40 1
41 12
35 42
39 20
43 1
20 9
41 44
1 15
45 12
12 13
12 9
20 36
14 16
46 1
10 17
17 10
20 14
47 10
4 21
48 35
17 13
24 9
23 16
12 39
1 43
1 49
42 10
25 13
35 37
17 4
23 35
1 46
20 27
36 16
30 24
45 31
1 5
35 21
35 48
13 12
37 9
50 8
10 51
49 47
10 9
16 24
10 25
1 52
12 4
53 12
44 48
21 35
39 31
30 14
9 24
39 36
16 23
48 14
18 12
14 17
44 31
10 12
14 25
32 13
52 1
12 22
54 12
21 4
44 9
12 54
35 20
14 42
21 14
4 14
14 21
1 55
36 39
56 1
11 1
55 1
14 57
1 19
41 39
58 12
35 23
9 45
12 44
20 12
44 41
59 1
9 12
35 30
12 20
47 49
12 53
13 32
12 14
49 1
35 24
31 39
14 12
13 25
39 12
9 44
29 39
9 36
23 9
20 35
10 21
51 10
42 35
1 60
29 12
31 44
13 14
10 30
3 1
4 13
1 61
60 1
9 13
9 37
1 56
27 20
9 18
16 12
32 10
20 31
14 32
27 9
16 45
8 50
1 40
36 9
13 20
31 45
13 21
1 59
42 14
1 6
12 58
20 13
62 1
4 9
12 41
31 20
26 12
45 16
1 0
31 12
30 35
45 9
35 46
24 35
7 1
13 4
10 42
44 12
1 34
61 1
39 41
20 16
10 32
46 35
1 33
1 28
20 39
57 14
1 62
30 10
16 36
21 10
5 63
31 53
12 38
25 14
25 10
9 20
10 14
12 45
53 31
9 35
48 44
14 48
14 4
25 4
4 17
10 13
35 17
63 5
24 30
10 47
18 9
35 9
64 35
35 64
35 65
65 47
18 65
65 35
65 18
47 65
