#qgen
31
38
43
37
43
37
41
39
35
31
37
35
26
44
35
38
37
33
42
47
33
39
36
37
40
38
42
43
41
43
33
40
128
1 0
2 1
1 3
4 2
5 1
4 6
7 1
5 4
8 1
1 9
10 5
2 11
12 5
13 11
5 14
5 15
1 16
15 12
15 17
1 17
18 1
19 10
15 13
9 1
16 12
15 10
13 8
20 1
17 5
17 21
2 7
11 14
17 14
7 2
22 7
12 4
1 23
19 18
24 1
15 5
1 14
20 18
18 25
11 21
21 13
5 7
26 1
18 20
17 2
27 1
18 19
7 17
22 13
21 12
14 11
10 15
5 10
2 4
14 28
29 18
23 1
17 1
10 13
1 20
5 22
12 1
13 5
7 22
14 1
12 10
1 4
29 1
10 19
1 13
15 21
5 21
14 5
1 5
13 4
13 21
2 17
4 13
18 3
1 8
10 1
1 26
17 12
13 10
4 21
21 10
12 8
10 14
13 14
21 1
26 11
2 5
26 4
30 1
21 14
8 12
14 17
21 17
12 28
5 13
18 27
17 10
25 18
4 25
12 13
5 2
11 1
1 24
12 15
8 13
1 6
16 21
11 13
21 16
7 5
1 29
11 5
1 11
10 12
13 2
2 12
22 1
10 21
12 16
