#qgen
87
31
31
38
42
35
43
41
30
36
36
31
37
36
26
37
31
32
39
33
49
39
32
36
34
30
42
40
39
35
39
37
43
48
40
39
33
36
45
40
30
38
37
37
40
29
35
33
35
41
41
39
44
42
49
35
36
36
46
40
32
32
31
33
34
46
33
32
36
31
47
34
36
37
41
39
31
37
43
35
43
43
40
36
41
31
41
38
256
1 0
0 2
0 3
4 0
5 2
6 2
2 7
8 2
9 2
0 10
2 11
12 0
13 2
2 14
2 15
0 16
13 17
2 18
16 19
20 2
21 0
4 22
23 16
13 9
24 2
2 25
13 0
7 2
16 26
22 3
27 0
17 13
28 0
29 0
0 29
15 30
31 26
2 30
32 2
18 2
2 33
10 4
30 9
2 8
34 0
35 0
2 17
0 36
23 2
2 37
38 4
22 4
0 13
26 3
22 2
10 39
0 12
40 15
2 5
41 35
42 2
2 13
16 37
43 2
44 2
23 26
45 2
25 2
2 32
0 28
2 46
47 2
37 16
0 34
35 41
44 39
2 41
2 45
46 48
26 31
49 2
13 4
50 2
15 2
2 19
2 51
2 50
51 2
0 27
19 2
2 43
38 2
0 1
2 52
2 42
4 10
53 0
49 16
2 54
2 6
16 23
2 47
48 46
55 2
46 2
43 28
56 2
3 22
0 48
57 2
52 2
58 2
26 0
0 59
10 0
3 26
2 55
14 2
0 26
2 38
36 0
60 2
44 37
48 0
30 15
16 0
28 43
26 23
39 44
0 4
61 0
17 4
41 2
0 35
2 56
29 56
54 46
9 30
37 2
0 21
2 0
61 46
31 2
2 22
0 39
16 49
53 27
2 62
2 60
46 54
4 17
2 40
2 24
30 2
63 2
3 0
9 13
2 23
56 29
40 2
2 58
48 62
59 0
26 16
0 53
2 31
4 38
46 61
62 48
0 61
27 53
2 57
37 44
17 2
2 20
24 20
2 63
2 9
54 2
62 2
39 0
20 24
39 10
33 2
11 2
2 44
15 40
2 49
19 16
4 13
64 4
4 64
65 4
4 65
66 4
66 13
4 66
13 66
13 67
61 67
67 13
67 61
67 68
53 68
68 53
68 67
68 46
46 68
69 46
46 69
46 70
70 46
48 70
61 70
70 48
70 61
71 70
70 71
70 72
72 70
72 73
73 72
74 72
72 74
72 75
75 72
76 72
72 76
77 72
72 77
77 16
7 77
77 7
16 77
78 16
16 78
16 79
79 16
79 80
80 79
80 81
18 81
81 80
81 18
82 81
81 82
83 81
81 83
81 84
84 81
85 84
83 85
84 85
85 83
86 85
86 81
