#qgen
49
31
31
38
42
40
36
48
37
39
32
31
26
35
39
49
46
32
35
36
32
33
33
31
39
36
30
44
30
35
37
41
35
29
38
36
41
27
34
36
39
33
35
40
45
27
37
41
38
39
128
1 0
0 2
0 3
0 4
2 5
6 2
3 0
2 6
2 7
0 8
9 0
0 10
11 2
12 0
10 0
0 13
12 10
4 0
13 14
15 2
0 16
5 2
12 11
4 16
17 2
18 0
0 19
20 0
21 17
16 4
0 22
17 21
0 23
0 1
0 24
11 12
22 21
11 0
2 25
26 2
19 0
10 27
27 10
24 0
0 11
14 0
16 0
0 14
25 2
27 0
4 3
3 4
0 18
28 2
2 11
14 13
0 9
20 29
23 0
30 21
2 15
2 21
10 12
21 2
2 26
21 22
30 0
2 17
0 20
0 31
31 0
29 2
29 20
0 27
21 30
0 12
13 0
22 0
0 30
8 0
2 28
2 0
2 29
7 2
32 7
7 32
33 7
7 33
34 7
30 34
34 30
7 34
35 7
35 32
32 35
7 35
36 7
7 36
30 36
36 30
36 37
37 36
37 38
38 37
39 38
38 39
20 39
39 20
40 39
39 40
41 39
39 41
42 39
39 42
43 39
39 43
44 39
39 44
45 39
39 45
46 39
39 46
39 47
47 39
47 48
48 34
11 48
46 48
