#qgen
32
28
37
29
38
43
31
40
38
41
39
35
36
39
37
40
42
41
28
46
25
34
34
36
34
33
36
35
47
32
38
35
43
128
1 0
0 2
3 0
1 4
1 5
0 6
3 7
8 1
3 9
1 2
1 10
8 11
11 8
12 3
13 4
3 14
15 14
14 16
17 14
18 15
19 14
14 20
20 14
16 21
14 22
3 23
4 1
3 24
1 25
11 25
17 12
17 16
26 3
18 14
18 27
13 16
15 27
3 28
18 20
2 1
27 3
0 1
1 8
3 13
17 27
18 17
22 14
27 15
14 17
13 3
14 12
16 3
3 17
15 3
3 18
27 17
12 16
17 3
1 19
13 17
27 16
18 12
22 3
3 12
3 6
3 29
24 19
6 0
12 18
16 17
5 1
19 24
16 15
3 15
3 2
17 13
1 11
20 18
23 3
15 16
30 3
0 3
3 27
12 14
9 3
21 3
29 3
27 18
15 18
4 13
6 3
12 27
11 1
20 27
20 16
20 3
2 3
16 14
18 3
15 19
14 3
27 12
16 13
3 30
16 27
16 20
20 21
19 15
16 12
10 1
24 3
27 22
25 1
14 15
28 3
7 3
2 0
21 20
3 22
21 16
3 21
17 18
3 20
25 11
14 19
1 31
22 27
27 20
