#qgen
60
38
38
32
40
33
37
46
40
42
33
36
36
39
34
35
34
41
31
43
31
38
38
31
32
32
41
30
37
42
0
40
38
33
46
37
35
32
34
36
29
41
36
27
45
42
44
40
37
39
45
41
32
43
47
42
35
40
34
30
41
256
0 1
0 2
1 3
4 2
5 2
6 1
7 4
8 5
1 9
1 10
1 11
12 11
13 1
1 14
15 13
16 1
17 6
18 12
16 19
10 20
11 1
21 1
22 5
1 23
7 22
24 17
25 10
1 26
17 1
14 13
27 0
12 28
14 19
6 17
20 9
11 18
29 0
3 30
4 24
31 1
32 10
13 33
34 1
34 35
21 36
1 37
15 1
12 7
27 38
1 33
0 36
39 1
5 22
9 22
3 13
40 21
27 1
24 38
34 41
18 11
12 18
42 39
5 0
1 43
9 7
14 17
17 36
9 24
43 30
0 7
18 44
7 8
36 14
44 34
12 6
45 10
1 35
19 14
27 46
47 36
19 48
30 43
1 24
7 0
4 7
8 25
26 36
14 24
49 1
45 20
0 5
39 19
20 36
1 17
32 27
1 22
24 16
13 18
30 14
50 12
13 17
2 9
36 34
1 25
51 1
7 2
20 14
14 1
32 52
24 9
23 1
18 14
4 22
22 4
25 15
15 45
48 19
10 45
1 13
38 46
9 1
4 1
19 17
39 52
46 1
14 12
1 51
42 32
0 8
18 30
7 13
14 18
36 43
4 21
47 17
1 53
14 32
25 1
6 30
9 27
17 47
13 14
45 43
54 36
32 24
17 14
13 12
30 13
55 47
30 17
14 11
10 1
24 32
1 6
1 19
8 0
32 16
24 1
36 54
17 24
52 32
21 4
56 1
36 21
15 24
27 24
33 43
1 49
36 0
57 1
14 30
36 18
20 32
45 12
16 33
14 20
1 12
1 58
1 30
1 40
32 20
33 13
2 22
53 14
30 18
14 6
16 55
39 3
15 28
55 12
36 35
11 34
46 24
1 21
44 1
24 7
35 34
1 31
13 15
59 37
6 40
1 39
50 16
1 0
45 15
54 1
17 18
44 18
5 7
32 19
20 22
1 16
43 1
57 41
55 16
45 33
7 5
47 1
18 1
41 34
57 20
28 0
30 6
47 13
1 45
28 15
39 42
0 55
20 57
11 36
52 39
2 0
28 12
14 33
1 42
1 57
21 40
55 19
21 45
1 4
7 24
32 11
1 32
33 16
9 20
47 20
36 11
55 20
46 38
17 19
18 25
19 32
19 24
56 47
37 1
24 42
