#qgen
32
38
38
32
37
33
40
40
42
35
41
38
39
38
41
36
43
43
36
31
37
32
35
32
41
41
40
29
0
35
40
42
35
128
0 1
0 2
3 0
3 4
4 3
5 1
6 3
4 7
7 0
8 0
1 9
9 10
11 1
1 10
11 12
1 5
3 7
8 13
12 11
10 4
1 14
1 15
16 1
17 0
6 2
18 11
6 4
6 0
1 4
19 7
0 7
18 5
8 12
20 1
3 6
4 6
0 8
21 1
10 1
1 20
19 4
19 6
1 12
21 22
13 23
24 0
1 25
2 6
22 15
2 0
0 6
1 13
18 1
19 2
9 1
12 22
1 3
23 12
26 17
4 19
5 15
0 27
0 28
1 0
2 19
7 19
10 9
7 2
18 15
0 23
22 10
2 4
13 8
18 22
29 1
4 10
0 19
8 22
15 18
22 21
11 15
23 13
30 0
0 30
26 1
2 7
14 12
11 6
1 16
15 11
0 24
11 18
23 11
23 0
15 22
1 26
11 8
6 11
7 6
15 5
5 18
13 1
17 26
28 0
1 18
4 1
8 23
1 31
16 26
4 2
1 11
12 8
12 1
14 1
22 8
23 8
30 11
7 3
22 0
23 22
1 21
19 0
11 30
22 23
15 1
6 19
0 3
26 16
