#qgen
63
38
37
51
32
41
42
40
41
26
45
47
46
34
37
47
31
37
35
40
33
32
47
40
48
30
32
42
30
41
31
38
37
35
37
41
37
36
28
44
37
40
37
45
33
39
38
37
40
37
34
37
40
40
44
27
45
37
33
33
34
48
26
37
256
0 1
1 2
0 3
4 0
0 4
5 0
0 6
0 7
8 3
9 0
10 8
11 9
12 3
13 10
3 14
15 12
12 16
8 17
0 18
19 0
10 20
8 21
3 22
17 23
24 22
10 25
26 2
27 13
28 10
18 29
0 9
22 21
12 30
31 1
1 31
21 15
16 28
5 32
22 24
12 10
20 10
17 33
8 23
34 32
10 28
19 35
36 31
5 35
37 1
38 35
10 39
39 23
30 8
22 40
16 17
24 8
5 34
41 28
42 0
26 43
16 25
3 0
15 21
31 2
8 44
23 28
45 28
42 35
0 38
17 27
22 10
12 46
8 47
28 27
12 21
26 48
41 12
9 11
0 43
21 28
46 8
12 41
12 44
43 26
36 2
49 0
1 40
19 11
48 34
3 12
27 3
21 12
8 50
28 51
28 22
39 15
47 12
15 28
51 12
28 15
3 8
44 39
52 0
50 12
27 28
13 27
8 15
8 33
53 39
44 8
0 42
21 8
33 28
12 33
1 37
0 49
45 12
8 24
12 24
12 53
24 12
22 27
53 54
29 48
12 23
39 22
35 9
0 55
7 56
49 37
18 48
12 45
57 35
45 22
0 34
27 22
56 7
8 30
0 29
34 5
28 21
0 32
23 17
44 12
17 12
28 45
22 12
0 58
6 0
39 51
27 12
17 39
35 19
12 15
10 13
2 1
3 28
31 36
3 54
12 51
53 28
32 57
51 39
26 59
16 20
0 57
10 22
32 34
8 45
39 10
32 0
0 35
12 47
27 39
23 12
54 53
15 45
60 0
0 5
18 32
0 52
15 39
44 3
22 28
57 0
27 20
48 29
54 3
12 50
29 0
25 27
8 22
34 35
22 39
61 0
10 12
22 45
11 19
8 41
0 48
35 55
45 8
34 0
23 8
2 31
17 44
16 8
48 26
39 17
10 17
27 8
48 18
39 53
25 16
8 27
0 60
3 23
1 59
22 3
39 27
2 36
35 38
0 61
48 0
29 18
7 0
33 12
8 46
45 15
51 28
8 10
25 10
3 27
22 8
57 32
15 8
35 34
23 3
18 0
17 16
59 26
17 10
59 1
28 23
37 49
12 27
23 39
62 2
17 28
34 48
37 34
26 62
30 28
34 37
27 25
41 8
