#qgen
39
38
37
51
37
34
45
41
32
41
40
42
35
42
37
45
34
40
33
33
44
37
36
31
28
45
33
40
26
41
40
33
48
36
39
22
44
33
37
38
128
0 1
1 2
0 3
4 0
0 5
6 0
0 7
0 8
9 3
0 10
9 11
11 9
12 1
13 5
11 0
13 14
11 10
1 15
0 16
0 17
3 8
1 12
3 0
18 11
19 13
2 20
16 0
13 8
2 21
10 13
0 4
11 18
3 22
0 14
0 11
8 23
8 13
7 0
13 10
15 1
2 1
23 8
9 0
0 18
1 20
9 22
24 13
22 0
0 25
21 20
1 26
22 9
10 0
11 8
22 3
1 0
27 0
13 18
0 28
11 22
21 3
0 29
3 9
18 0
19 0
10 11
13 19
14 13
0 27
4 23
17 0
20 1
29 0
22 11
26 1
11 13
21 2
13 0
0 22
8 11
30 0
1 23
14 0
13 24
0 9
0 19
0 13
20 2
20 21
24 0
5 0
23 4
8 0
13 25
10 8
8 3
3 21
5 13
23 1
8 10
0 30
0 31
0 6
13 11
25 13
25 0
28 0
31 0
0 24
18 13
32 13
13 32
13 33
33 13
34 33
34 21
33 34
21 34
35 21
3 35
21 35
35 3
35 36
36 35
37 36
36 37
38 36
38 35
