#qgen
64
33
30
45
47
38
41
26
42
37
42
33
32
34
37
33
40
37
35
44
47
40
44
37
37
38
39
41
42
42
39
35
32
38
40
38
45
41
32
30
46
37
27
35
32
38
37
36
31
30
33
32
45
32
30
31
42
37
46
35
34
42
37
41
42
238
0 1
2 1
1 3
4 1
1 4
1 5
6 1
7 6
6 8
4 8
1 9
8 4
5 1
10 4
11 1
1 12
11 13
1 14
15 1
16 11
10 15
9 1
17 1
11 18
19 10
6 7
20 10
15 8
10 21
22 10
22 23
11 24
25 24
11 26
27 10
10 20
22 20
16 28
6 29
15 29
11 30
10 19
11 31
32 31
1 0
23 33
34 1
35 11
27 33
11 25
11 36
15 10
37 11
38 11
31 39
32 40
24 36
41 10
7 4
1 11
23 21
3 1
16 42
21 33
16 32
43 36
44 38
11 35
23 19
45 1
1 39
1 2
46 11
31 11
1 47
48 11
11 42
4 10
48 49
10 27
18 11
11 50
51 11
40 37
32 49
11 52
49 25
44 13
42 22
53 39
53 16
33 10
1 34
14 1
39 50
22 42
53 50
39 31
44 42
21 23
39 53
54 44
23 22
11 40
32 11
27 23
25 36
33 27
43 25
33 23
53 40
8 6
43 48
25 11
1 55
26 54
25 49
56 25
57 10
11 58
33 21
32 56
29 15
33 22
50 39
42 11
10 22
54 37
10 57
29 6
26 11
53 1
4 29
47 1
36 11
20 22
36 25
1 45
11 49
50 11
25 43
11 44
19 23
36 24
48 25
22 33
11 59
13 11
11 43
24 48
31 32
60 0
58 11
11 46
48 24
11 38
40 32
40 53
9 8
49 48
1 61
54 26
55 1
8 15
36 48
28 11
48 36
43 11
49 11
15 7
53 42
10 23
52 11
16 37
38 44
29 4
8 9
11 37
42 16
16 53
42 44
11 56
37 16
11 28
24 25
10 33
28 40
11 51
1 15
42 40
11 62
12 1
32 16
44 11
11 32
40 11
37 54
61 1
40 42
11 54
11 48
36 49
23 27
36 43
11 16
24 11
50 53
13 44
31 50
59 11
1 17
25 56
37 40
40 28
44 54
56 11
42 53
54 11
49 32
0 60
23 10
39 1
1 63
63 1
28 16
62 11
30 11
10 41
50 31
7 15
49 36
1 6
4 7
25 48
48 43
56 32
1 53
21 10
