#query
32
M
C
V
D
F
S
L
K
L
A
K
S
V
L
T
Q
M
N
L
T
V
M
S
N
T
L
A
A
S
N
T
L
128
1 0
2 1
3 0
0 4
5 0
1 6
7 4
5 6
2 8
6 9
0 10
8 11
5 12
2 13
14 1
2 15
11 9
16 13
17 12
12 18
18 6
13 19
12 20
5 19
5 20
19 12
16 2
21 7
16 1
8 9
22 10
2 17
6 10
16 17
1 20
23 22
5 9
16 24
3 18
5 18
25 19
18 20
13 25
5 4
24 1
13 1
5 25
15 9
1 19
19 26
16 14
8 5
15 13
14 24
9 10
17 27
23 10
14 17
12 26
26 18
28 3
11 4
25 6
17 6
8 7
29 18
18 7
13 27
13 22
27 20
23 0
25 0
17 1
14 5
5 30
28 21
5 27
27 26
25 18
21 23
12 0
21 22
0 7
29 31
6 11
25 26
18 11
24 22
16 8
7 9
30 10
4 9
17 25
19 18
27 0
24 17
19 11
22 4
25 20
20 31
23 6
26 28
15 1
0 11
11 31
17 5
16 25
19 20
23 31
8 31
23 11
20 6
24 13
20 30
8 6
25 21
8 17
7 31
25 1
7 22
12 28
24 25
8 27
22 30
21 31
20 7
22 9
25 11
