#query
120
L
E
A
S
K
Y
I
R
D
V
Q
L
I
Y
D
L
A
F
N
K
V
I
Y
M
L
G
D
N
P
D
G
P
F
K
G
P
A
G
K
V
N
E
F
K
K
T
L
I
T
R
Y
G
T
P
K
K
P
M
G
Y
Q
K
N
E
Y
P
I
Y
D
H
E
L
I
K
I
G
G
K
V
F
C
V
A
M
V
S
S
I
S
D
T
Y
V
Y
A
L
K
N
A
V
K
P
A
S
G
P
K
H
A
V
S
V
G
V
M
F
A
S
L
A
256
0 1
0 2
3 1
0 4
5 4
3 6
3 7
5 3
7 8
9 8
5 10
8 11
8 12
4 13
2 14
8 15
14 16
12 17
18 13
16 19
15 20
21 0
5 8
0 22
7 9
12 23
17 24
25 8
13 26
27 8
19 28
18 7
12 29
5 27
30 29
15 31
32 16
33 12
34 12
35 10
21 36
0 37
17 38
12 39
40 8
34 41
6 31
4 42
16 43
41 44
35 45
21 46
0 47
48 46
49 23
50 2
51 20
3 52
1 6
42 53
52 23
54 45
55 42
42 56
51 57
58 12
59 6
60 17
19 61
27 62
29 63
64 11
15 47
43 65
66 23
67 65
18 58
22 67
59 46
14 68
55 56
12 15
32 31
15 17
55 69
68 70
64 71
24 72
58 30
43 39
73 66
54 61
74 26
75 30
12 30
14 32
5 76
14 35
29 17
77 65
47 30
50 43
78 11
7 52
34 56
21 79
49 58
5 7
80 66
57 46
11 81
79 82
18 33
0 33
52 58
18 3
41 17
70 69
11 83
13 20
59 55
3 27
33 42
1 54
74 51
5 0
84 10
41 24
65 39
2 61
53 85
32 19
13 29
11 66
47 86
50 68
87 25
33 88
34 20
89 77
67 90
41 91
38 69
92 74
34 59
24 44
52 93
93 12
3 79
16 94
42 88
67 95
96 58
3 0
36 9
51 47
97 82
87 64
98 38
87 9
22 79
99 51
100 75
101 41
100 18
6 12
11 46
102 66
78 49
103 11
104 39
59 72
40 9
105 41
96 100
70 72
106 29
0 15
47 17
103 107
23 108
49 52
35 38
37 32
80 47
64 107
109 78
37 50
110 25
14 19
13 7
48 24
73 93
64 111
52 12
20 41
31 28
95 46
112 82
97 23
74 34
71 66
9 113
71 99
77 17
110 114
90 24
25 95
6 17
78 79
8 81
1 50
5 75
79 95
74 46
51 101
113 12
115 82
9 25
55 41
116 23
67 94
114 67
33 26
32 35
109 114
16 104
5 1
106 112
27 2
76 49
70 41
39 30
60 63
82 48
16 117
82 24
10 105
106 34
99 106
92 108
86 41
31 47
3 25
2 68
54 68
78 113
104 65
100 29
68 17
118 81
13 41
119 52
21 86
8 79
47 24
