#query
60
I
A
V
L
N
G
F
A
G
K
S
R
Y
D
A
M
E
T
V
G
L
I
D
A
V
S
M
L
V
A
F
P
M
K
E
K
S
V
L
S
I
L
L
L
N
G
T
C
T
E
L
R
T
K
K
K
G
I
Q
E
128
1 0
2 1
1 3
3 4
1 5
4 6
7 0
8 6
2 0
7 9
10 4
7 11
2 5
11 12
7 1
13 4
14 7
13 15
6 16
15 17
18 15
2 3
19 12
10 15
7 20
21 2
3 13
10 6
20 22
23 7
2 20
20 18
14 24
23 25
26 17
27 19
11 1
13 28
29 17
15 30
13 31
22 18
32 10
5 20
17 33
34 27
10 35
21 25
17 16
23 36
17 37
31 19
14 3
32 33
23 12
30 27
38 17
38 39
20 3
31 40
2 41
18 36
24 23
23 20
22 42
38 43
10 42
2 40
44 4
41 45
35 46
47 16
35 48
22 31
44 30
17 49
3 28
8 50
38 51
15 16
52 8
12 45
44 26
53 20
42 54
24 7
42 38
16 51
50 10
29 49
39 16
24 26
4 17
26 43
25 1
16 55
28 31
2 12
25 42
15 4
29 56
27 57
23 9
27 40
56 33
29 55
15 31
54 37
6 33
39 51
21 40
58 55
3 36
52 6
11 20
6 55
57 19
44 28
21 28
49 55
6 47
54 16
22 3
59 58
42 26
54 51
9 0
17 47
