#query
64
V
T
R
S
E
C
K
Y
T
P
G
V
M
L
Q
A
V
L
P
N
C
K
R
M
L
E
G
L
L
Y
I
F
V
S
N
K
M
T
T
M
G
I
V
E
S
V
A
E
D
K
G
I
D
K
Q
V
A
S
T
S
T
C
K
L
256
1 0
0 2
3 1
1 4
5 4
4 6
1 7
3 8
0 9
10 7
3 11
10 12
3 13
14 8
15 13
12 3
16 11
3 17
2 18
19 6
3 20
1 21
22 21
23 3
24 7
17 8
25 18
4 26
27 24
3 28
12 7
7 29
30 0
14 20
23 8
31 1
8 13
5 29
5 32
19 33
34 20
13 33
21 35
12 27
8 11
33 1
19 36
37 20
5 38
13 39
7 40
41 29
5 30
8 33
5 42
0 6
43 7
21 44
14 17
45 24
29 35
26 42
28 0
28 46
14 6
20 28
46 42
0 47
40 22
27 15
23 37
30 7
5 25
48 18
36 49
50 14
26 21
28 6
20 36
5 21
5 51
17 40
26 18
51 52
5 44
43 14
33 31
31 9
53 21
0 25
5 24
21 54
6 53
2 7
36 31
15 19
17 13
44 54
29 54
10 50
32 41
15 36
3 19
31 46
44 52
28 7
18 52
1 2
24 55
36 6
5 56
23 27
53 7
55 51
39 55
47 6
19 28
50 34
42 22
45 29
27 32
39 57
58 12
42 59
9 6
46 29
4 47
28 32
23 20
46 24
27 29
58 60
42 40
1 51
39 30
32 52
31 0
31 7
28 55
7 32
47 2
14 27
49 0
33 24
27 41
17 39
43 31
11 19
44 59
24 61
57 0
3 31
45 56
45 42
45 2
2 26
7 18
38 54
15 16
22 44
17 57
50 53
13 19
43 53
49 26
17 33
8 62
46 2
15 62
34 8
3 62
31 2
12 60
56 52
35 44
31 5
55 59
14 31
45 0
46 47
55 40
49 30
53 41
26 7
43 12
14 63
5 55
45 18
40 29
14 7
10 58
57 1
11 39
21 59
49 2
30 42
14 34
60 57
27 36
22 52
63 20
27 57
11 32
36 57
55 52
50 31
34 57
3 15
4 18
5 18
22 35
12 34
43 22
21 18
11 49
39 45
8 15
5 2
45 30
51 18
13 11
10 43
43 63
43 26
33 0
19 57
42 32
11 33
55 38
12 14
56 0
33 4
60 46
32 29
49 57
45 53
60 7
14 1
51 25
53 52
53 44
36 28
53 54
63 16
17 11
11 61
19 49
42 35
63 41
58 7
1 29
53 29
43 1
25 52
3 16
28 45
