#qgen
112
205
127
1
154
50
168
212
24
46
237
169
74
85
124
209
187
29
68
61
122
90
237
237
44
114
238
118
60
26
217
136
225
164
175
92
192
178
124
10
93
67
37
160
125
198
110
45
44
58
243
72
53
112
142
103
238
249
194
40
93
49
209
43
5
219
209
93
153
79
191
28
34
135
40
120
231
137
149
18
206
185
157
96
134
170
188
113
235
49
140
116
40
151
184
137
156
86
256
190
102
167
88
14
137
244
75
164
141
223
135
121
134
128
0 1
2 1
3 1
4 3
3 5
3 6
5 6
3 7
8 6
6 9
7 10
6 11
5 12
13 9
13 14
15 10
6 16
17 16
18 1
19 16
19 12
15 20
19 21
22 16
23 16
24 17
25 20
26 18
4 27
17 28
4 29
30 1
5 31
14 32
33 31
34 13
35 22
19 15
23 19
36 16
5 11
37 10
36 38
29 14
35 39
40 33
38 41
22 6
33 42
43 38
44 0
15 45
46 33
44 47
48 7
49 19
36 50
49 51
52 9
43 53
36 54
13 55
44 56
43 57
58 41
44 59
60 10
61 24
14 28
47 62
58 63
64 17
19 3
57 65
45 66
67 59
68 50
43 69
29 3
70 41
71 38
72 3
73 69
74 15
75 70
6 10
49 76
47 77
78 77
65 79
31 80
81 50
74 3
60 11
82 31
83 58
73 84
85 45
12 86
87 8
23 60
88 7
89 37
90 27
91 86
7 92
17 93
94 69
95 62
96 20
31 52
40 15
22 97
90 21
98 42
99 16
30 100
101 6
102 78
31 103
104 84
15 105
95 106
107 90
108 31
109 29
110 61
111 14
