#qgen
225
205
127
1
154
50
168
212
24
46
237
169
74
85
124
209
187
29
68
61
122
90
237
237
44
114
238
118
60
26
217
136
225
164
175
92
192
178
124
10
93
67
37
160
125
198
110
45
44
58
243
72
53
112
142
103
238
249
194
40
93
49
209
43
5
219
209
93
153
79
191
28
34
135
40
120
231
137
149
18
206
185
157
96
134
170
188
113
235
49
140
116
40
151
184
137
156
86
256
190
102
167
88
14
137
244
75
164
141
223
135
121
134
67
54
176
52
231
97
143
71
167
20
17
222
119
51
228
213
226
199
40
178
123
159
81
210
12
164
76
225
29
166
159
73
164
88
195
68
56
119
201
239
222
150
181
234
6
121
116
127
232
27
54
54
66
132
114
201
173
172
99
152
176
220
88
195
160
184
143
251
63
11
15
115
60
111
154
178
238
169
164
171
81
237
203
242
78
18
171
101
35
9
150
25
85
237
214
84
229
9
53
71
230
61
132
64
127
154
47
98
157
83
63
65
107
256
0 1
2 1
3 1
4 3
3 5
3 6
5 6
3 7
8 6
6 9
7 10
6 11
5 12
13 9
13 14
15 10
6 16
17 16
18 1
19 16
19 12
15 20
19 21
22 16
23 16
24 17
25 20
26 18
4 27
17 28
4 29
30 1
5 31
14 32
33 31
34 13
35 22
19 15
23 19
36 16
5 11
37 10
36 38
29 14
35 39
40 33
38 41
22 6
33 42
43 38
44 0
15 45
46 33
44 47
48 7
49 19
36 50
49 51
52 9
43 53
36 54
13 55
44 56
43 57
58 41
44 59
60 10
61 24
14 28
47 62
58 63
64 17
19 3
57 65
45 66
67 59
68 50
43 69
29 3
70 41
71 38
72 3
73 69
74 15
75 70
6 10
49 76
47 77
78 77
65 79
31 80
81 50
74 3
60 11
82 31
83 58
73 84
85 45
12 86
87 8
23 60
88 7
89 37
90 27
91 86
7 92
17 93
94 69
95 62
96 20
31 52
40 15
22 97
90 21
98 42
99 16
30 100
101 6
102 78
31 103
104 84
15 105
95 106
107 90
108 31
109 29
110 61
111 14
83 112
113 75
22 114
7 115
82 116
117 65
41 118
79 119
120 75
65 121
122 53
123 39
124 94
94 125
126 61
0 127
128 124
120 129
22 130
131 37
132 123
133 125
134 73
135 104
15 136
64 137
85 138
139 54
140 100
141 29
75 142
143 71
128 144
145 113
103 78
95 146
49 147
148 129
149 55
148 150
151 65
124 152
153 45
154 31
155 84
122 156
157 31
83 158
159 102
160 59
126 161
94 162
163 55
164 56
58 165
166 76
167 134
165 168
169 143
170 84
33 114
65 171
172 171
13 110
173 17
96 174
175 128
176 78
177 78
86 17
78 178
159 179
166 180
181 133
182 12
90 183
184 90
49 99
5 14
24 185
186 122
187 156
136 188
182 189
29 190
191 11
148 78
192 178
8 14
49 193
194 84
44 195
124 196
197 84
59 198
149 199
197 200
201 5
37 202
203 84
25 204
124 205
70 58
23 11
206 65
126 72
119 207
166 208
209 127
210 121
196 211
49 212
180 76
213 139
43 214
113 156
152 215
133 162
216 93
217 160
218 185
187 219
220 205
221 105
222 65
51 170
223 43
224 59
