#qgen
236
60
81
209
153
134
76
83
189
217
185
115
25
60
194
34
115
114
152
36
101
241
214
135
197
167
134
10
117
134
174
44
183
242
53
72
161
169
1
38
18
59
136
83
192
4
74
137
164
128
116
57
80
149
183
79
236
87
23
68
233
225
107
37
113
247
165
95
208
41
119
119
214
146
250
150
55
85
26
226
7
220
34
169
16
88
149
248
43
228
126
198
83
223
146
149
149
76
33
85
116
53
256
169
243
144
25
214
236
235
40
184
138
104
108
69
142
62
210
26
13
191
138
153
178
231
16
169
255
255
206
124
23
29
130
117
18
48
11
52
37
94
66
172
188
237
189
185
28
32
169
26
14
136
200
132
209
188
67
26
104
23
210
152
195
196
72
197
78
226
174
69
231
236
206
2
9
103
49
4
89
46
199
199
92
110
201
163
69
243
27
206
231
176
101
51
123
128
4
16
111
192
88
95
256
256
41
61
168
29
114
252
47
242
191
157
79
48
190
25
207
188
237
119
135
137
10
199
44
54
138
69
79
118
234
36
192
256
1 0
1 2
2 3
1 4
2 5
6 3
1 7
6 8
7 9
2 10
11 10
12 11
2 13
14 8
15 11
16 15
17 2
18 10
16 19
20 8
4 21
22 18
23 18
22 24
25 5
13 26
23 27
20 28
29 19
23 30
31 25
23 32
12 33
15 34
27 35
24 36
32 37
31 38
16 39
40 24
38 41
16 37
24 42
43 41
44 39
16 40
42 45
45 46
31 47
36 48
15 49
38 50
51 29
1 52
53 35
54 35
55 19
27 56
57 21
56 58
18 59
16 55
36 60
61 28
31 62
31 24
11 60
26 63
16 51
64 27
65 6
66 13
67 47
38 68
44 13
44 69
70 56
71 8
44 72
73 36
74 54
64 75
23 76
77 26
78 68
79 2
80 8
18 60
81 36
31 82
18 83
84 63
85 49
73 86
87 20
16 60
22 88
31 55
89 48
39 90
91 78
56 92
55 93
94 56
24 39
95 76
31 96
31 16
81 97
98 2
74 99
66 100
91 101
11 102
9 103
84 104
14 105
106 15
6 107
108 63
109 54
24 110
38 111
112 20
13 50
113 73
114 39
38 115
2 116
114 117
118 103
119 107
81 120
121 54
122 60
113 123
29 124
125 108
126 14
14 127
128 112
129 108
130 99
131 104
132 114
133 109
81 134
132 135
136 122
86 137
83 138
139 67
115 140
141 132
94 142
128 143
87 144
7 145
146 34
90 147
2 148
16 149
150 67
94 151
87 152
153 140
87 154
119 155
156 117
157 100
134 158
153 102
159 71
160 98
161 64
162 48
163 67
164 162
165 46
51 166
167 97
168 145
128 169
74 147
137 170
79 171
55 172
173 76
85 174
175 107
11 176
177 88
119 178
86 179
176 25
180 48
79 181
182 127
183 20
184 39
185 67
4 186
187 172
158 188
189 115
190 54
31 191
16 192
193 54
94 194
81 195
182 196
80 197
94 43
198 76
139 47
144 199
152 200
139 195
201 41
202 77
203 155
204 154
205 19
206 45
207 188
87 208
209 145
210 127
211 110
197 212
213 210
113 214
215 181
216 181
158 35
217 29
217 218
55 50
219 102
220 108
152 221
84 222
223 196
203 224
225 178
31 226
141 227
110 228
196 229
197 230
197 231
137 232
134 233
223 234
235 196
