#qgen
116
60
81
209
153
134
76
83
189
217
185
115
25
60
194
34
115
114
152
36
101
241
214
135
197
167
134
10
117
134
174
44
183
242
53
72
161
169
1
38
18
59
136
83
192
4
74
137
164
128
116
57
80
149
183
79
236
87
23
68
233
225
107
37
113
247
165
95
208
41
119
119
214
146
250
150
55
85
26
226
7
220
34
169
16
88
149
248
43
228
126
198
83
223
146
149
149
76
33
85
116
53
256
169
243
144
25
214
236
235
40
184
138
104
108
69
142
128
1 0
1 2
2 3
1 4
2 5
6 3
1 7
6 8
7 9
2 10
11 10
12 11
2 13
14 8
15 11
16 15
17 2
18 10
16 19
20 8
4 21
22 18
23 18
22 24
25 5
13 26
23 27
20 28
29 19
23 30
31 25
23 32
12 33
15 34
27 35
24 36
32 37
31 38
16 39
40 24
38 41
16 37
24 42
43 41
44 39
16 40
42 45
45 46
31 47
36 48
15 49
38 50
51 29
1 52
53 35
54 35
55 19
27 56
57 21
56 58
18 59
16 55
36 60
61 28
31 62
31 24
11 60
26 63
16 51
64 27
65 6
66 13
67 47
38 68
44 13
44 69
70 56
71 8
44 72
73 36
74 54
64 75
23 76
77 26
78 68
79 2
80 8
18 60
81 36
31 82
18 83
84 63
85 49
73 86
87 20
16 60
22 88
31 55
89 48
39 90
91 78
56 92
55 93
94 56
24 39
95 76
31 96
31 16
81 97
98 2
74 99
66 100
91 101
11 102
9 103
84 104
14 105
106 15
6 107
108 63
109 54
24 110
38 111
112 20
13 50
113 73
114 39
38 115
