#qgen
128
11
133
157
10
145
78
184
15
246
132
68
108
127
217
90
38
40
67
23
168
163
173
227
197
211
129
131
106
55
92
223
191
109
176
100
52
95
243
107
149
27
27
90
54
175
247
56
38
241
214
123
181
84
85
165
154
52
24
77
97
247
62
72
236
236
256
8
166
51
198
240
37
47
81
64
254
43
165
224
139
9
69
122
104
202
118
126
245
9
93
65
90
231
35
75
241
6
192
15
106
239
57
23
15
94
84
229
62
174
135
51
173
43
192
108
103
166
247
209
217
199
242
111
255
139
49
57
212
128
0 1
2 1
1 3
1 4
5 1
6 1
5 7
5 8
5 9
10 7
11 1
1 12
13 1
14 1
15 1
1 16
1 17
18 10
1 19
5 20
1 21
20 22
2 23
24 1
25 18
26 1
27 23
28 5
29 7
10 30
4 31
29 32
9 33
34 23
35 33
31 36
37 33
31 38
39 23
40 23
41 24
42 31
43 31
44 36
45 4
1 46
47 43
48 10
41 47
49 48
50 33
49 51
49 52
53 50
5 54
32 55
5 56
57 52
52 58
59 29
60 23
61 1
62 23
63 40
38 64
65 23
32 66
67 34
68 1
69 1
5 70
71 44
72 55
73 57
74 33
67 75
76 60
77 31
18 78
53 79
80 33
81 70
82 49
83 31
84 68
62 85
86 79
87 83
55 88
89 74
37 90
91 90
92 85
93 70
63 94
48 95
96 1
18 97
98 1
99 5
100 23
10 101
72 102
1 103
100 104
105 23
106 101
107 84
108 64
18 109
110 52
111 1
1 112
10 113
114 47
115 101
100 116
42 117
118 100
59 119
120 23
31 121
122 59
9 123
124 123
125 23
126 78
127 1
