#qgen
252
11
133
157
10
145
78
184
15
246
132
68
108
127
217
90
38
40
67
23
168
163
173
227
197
211
129
131
106
55
92
223
191
109
176
100
52
95
243
107
149
27
27
90
54
175
247
56
38
241
214
123
181
84
85
165
154
52
24
77
97
247
62
72
236
236
256
8
166
51
198
240
37
47
81
64
254
43
165
224
139
9
69
122
104
202
118
126
245
9
93
65
90
231
35
75
241
6
192
15
106
239
57
23
15
94
84
229
62
174
135
51
173
43
192
108
103
166
247
209
217
199
242
111
255
139
49
57
212
241
256
185
180
6
72
122
75
54
137
200
59
172
3
60
180
17
132
84
235
252
13
255
208
217
198
153
232
195
77
171
62
199
4
73
160
227
159
90
92
252
39
189
193
52
77
168
12
69
85
211
254
218
119
130
228
189
53
45
149
131
5
237
198
61
87
160
174
132
189
92
3
180
215
166
251
243
84
168
194
230
153
26
199
61
207
192
103
2
21
110
228
252
150
113
75
14
12
202
10
229
229
37
122
75
197
213
148
124
192
166
252
122
44
155
197
245
116
65
77
3
13
93
48
256
0 1
2 1
1 3
1 4
5 1
6 1
5 7
5 8
5 9
10 7
11 1
1 12
13 1
14 1
15 1
1 16
1 17
18 10
1 19
5 20
1 21
20 22
2 23
24 1
25 18
26 1
27 23
28 5
29 7
10 30
4 31
29 32
9 33
34 23
35 33
31 36
37 33
31 38
39 23
40 23
41 24
42 31
43 31
44 36
45 4
1 46
47 43
48 10
41 47
49 48
50 33
49 51
49 52
53 50
5 54
32 55
5 56
57 52
52 58
59 29
60 23
61 1
62 23
63 40
38 64
65 23
32 66
67 34
68 1
69 1
5 70
71 44
72 55
73 57
74 33
67 75
76 60
77 31
18 78
53 79
80 33
81 70
82 49
83 31
84 68
62 85
86 79
87 83
55 88
89 74
37 90
91 90
92 85
93 70
63 94
48 95
96 1
18 97
98 1
99 5
100 23
10 101
72 102
1 103
100 104
105 23
106 101
107 84
108 64
18 109
110 52
111 1
1 112
10 113
114 47
115 101
100 116
42 117
118 100
59 119
120 23
31 121
122 59
9 123
124 123
125 23
126 78
127 1
40 128
85 129
18 130
67 131
132 101
111 133
134 70
135 97
1 136
63 137
138 64
138 93
88 139
138 140
102 141
90 142
5 143
144 10
145 70
146 133
67 147
41 148
62 149
150 98
151 81
152 134
153 113
154 82
155 4
156 49
89 157
158 54
147 159
108 160
137 161
162 112
163 82
60 164
63 165
166 85
167 133
138 168
169 23
170 64
171 130
172 132
173 163
138 174
175 142
176 77
124 177
53 178
179 123
180 23
163 181
182 36
182 183
184 117
185 128
49 3
186 175
187 44
72 188
162 189
190 167
41 191
192 107
193 73
194 110
195 177
163 196
77 197
198 138
199 189
200 141
103 201
202 142
203 138
204 64
122 205
206 28
207 1
208 183
171 209
210 29
171 211
212 1
28 213
214 96
215 148
216 33
85 217
218 201
219 116
220 54
182 221
155 222
173 223
224 43
66 225
151 226
227 8
150 228
102 229
1 230
96 150
219 231
176 232
25 233
53 234
235 79
227 54
236 58
237 51
238 8
239 92
240 1
13 241
122 242
243 116
186 244
155 245
208 246
178 247
43 248
249 23
137 250
226 251
