#qgen
123
155
105
43
52
180
170
224
176
118
169
243
121
23
136
157
29
239
169
110
208
199
57
115
124
52
106
237
18
200
256
114
151
85
222
35
113
179
164
74
111
66
135
177
213
198
156
101
171
230
93
161
238
30
198
200
239
185
101
63
129
71
199
19
157
240
50
228
103
231
204
102
93
255
178
251
44
41
26
252
240
214
195
243
246
255
237
153
52
68
41
209
47
149
69
211
249
76
151
132
46
95
223
103
191
17
37
239
210
64
244
169
167
59
26
175
242
23
124
79
237
161
235
42
128
0 1
0 2
0 3
0 4
2 5
6 1
7 4
2 8
9 7
7 10
11 2
12 9
8 13
11 14
7 15
16 14
16 17
18 8
19 8
5 20
21 8
8 22
15 23
16 24
25 5
26 6
27 12
28 2
29 26
8 30
19 31
27 32
33 13
34 20
35 29
27 36
26 37
10 38
32 39
40 12
35 41
42 36
43 5
44 13
45 27
46 21
47 12
28 48
41 49
50 35
35 51
52 13
53 51
54 22
47 55
8 56
32 57
58 28
10 59
29 60
39 61
41 62
63 14
64 61
65 13
2 66
44 67
55 68
69 20
32 70
0 71
70 72
20 73
74 7
75 23
55 76
37 77
39 78
79 15
28 56
12 80
64 81
82 41
83 8
9 84
85 36
20 86
52 87
88 66
34 30
79 89
36 90
91 78
92 14
93 35
11 94
18 95
93 96
75 97
36 98
99 37
77 100
35 101
102 56
103 90
104 56
29 105
106 35
107 103
40 70
108 60
64 10
16 109
42 6
110 20
27 111
45 112
113 36
114 79
26 115
65 116
76 108
61 117
59 118
119 98
106 120
121 67
114 122
