#qgen
220
155
105
43
52
180
170
224
176
118
169
243
121
23
136
157
29
239
169
110
208
199
57
115
124
52
106
237
18
200
256
114
151
85
222
35
113
179
164
74
111
66
135
177
213
198
156
101
171
230
93
161
238
30
198
200
239
185
101
63
129
71
199
19
157
240
50
228
103
231
204
102
93
255
178
251
44
41
26
252
240
214
195
243
246
255
237
153
52
68
41
209
47
149
69
211
249
76
151
132
46
95
223
103
191
17
37
239
210
64
244
169
167
59
26
175
242
23
124
79
237
161
235
42
53
185
163
137
41
245
194
232
123
56
176
76
225
209
171
40
2
23
5
67
209
92
113
110
28
113
194
26
185
16
31
171
207
176
168
191
159
184
226
132
99
142
176
181
164
150
152
228
246
4
210
176
112
58
60
33
60
54
87
13
49
48
213
122
204
29
239
148
209
128
14
115
2
19
56
183
131
29
32
222
173
20
209
169
142
58
48
138
143
2
135
194
17
18
24
190
85
256
0 1
0 2
0 3
0 4
2 5
6 1
7 4
2 8
9 7
7 10
11 2
12 9
8 13
11 14
7 15
16 14
16 17
18 8
19 8
5 20
21 8
8 22
15 23
16 24
25 5
26 6
27 12
28 2
29 26
8 30
19 31
27 32
33 13
34 20
35 29
27 36
26 37
10 38
32 39
40 12
35 41
42 36
43 5
44 13
45 27
46 21
47 12
28 48
41 49
50 35
35 51
52 13
53 51
54 22
47 55
8 56
32 57
58 28
10 59
29 60
39 61
41 62
63 14
64 61
65 13
2 66
44 67
55 68
69 20
32 70
0 71
70 72
20 73
74 7
75 23
55 76
37 77
39 78
79 15
28 56
12 80
64 81
82 41
83 8
9 84
85 36
20 86
52 87
88 66
34 30
79 89
36 90
91 78
92 14
93 35
11 94
18 95
93 96
75 97
36 98
99 37
77 100
35 101
102 56
103 90
104 56
29 105
106 35
107 103
40 70
108 60
64 10
16 109
42 6
110 20
27 111
45 112
113 36
114 79
26 115
65 116
76 108
61 117
59 118
119 98
106 120
121 67
114 122
123 103
124 51
38 120
109 30
35 32
70 108
102 92
19 22
18 125
126 119
54 127
12 128
129 41
130 122
25 131
57 120
130 132
133 38
134 76
55 135
136 72
137 49
72 138
25 139
8 14
140 13
141 80
142 115
133 143
32 144
145 111
112 146
147 78
11 140
148 145
149 117
150 92
107 151
137 152
110 153
103 154
155 49
156 122
157 1
42 158
148 159
106 64
41 160
161 37
162 8
102 163
123 164
165 61
36 166
151 167
68 168
47 169
170 86
47 171
169 39
172 119
12 119
5 56
55 173
25 52
172 174
27 175
176 124
123 177
139 8
76 178
68 179
180 60
51 169
181 68
182 108
41 183
150 184
161 185
76 177
161 186
187 95
42 188
51 189
134 190
32 191
130 192
5 193
127 153
194 186
43 52
74 195
8 153
46 56
196 140
197 30
44 65
166 198
199 168
186 200
174 201
64 202
68 67
47 203
117 118
148 204
205 169
206 167
207 115
145 208
209 57
162 92
55 210
101 175
148 211
212 211
213 132
165 84
5 52
123 67
214 78
215 49
156 216
162 86
217 96
218 101
139 116
147 219
