#qgen
65
155
105
43
52
180
170
224
176
118
169
243
121
23
136
157
29
239
169
110
208
199
57
115
124
52
106
237
18
200
256
114
151
85
222
35
113
179
164
74
111
66
135
177
213
198
156
101
171
230
93
161
238
30
198
200
239
185
101
63
129
71
199
19
157
240
64
0 1
0 2
0 3
0 4
2 5
6 1
7 4
2 8
9 7
7 10
11 2
12 9
8 13
11 14
7 15
16 14
16 17
18 8
19 8
5 20
21 8
8 22
15 23
16 24
25 5
26 6
27 12
28 2
29 26
8 30
19 31
27 32
33 13
34 20
35 29
27 36
26 37
10 38
32 39
40 12
35 41
42 36
43 5
44 13
45 27
46 21
47 12
28 48
41 49
50 35
35 51
52 13
53 51
54 22
47 55
8 56
32 57
58 28
10 59
29 60
39 61
41 62
63 14
64 61
