#qgen
64
143
23
129
213
26
203
44
207
55
138
53
206
40
193
150
106
34
218
149
43
215
5
221
131
124
183
255
76
213
110
211
116
83
124
30
207
218
115
164
73
201
166
146
2
115
161
159
253
148
149
122
152
213
45
151
114
86
244
202
202
247
37
210
255
64
1 0
1 2
0 3
4 2
1 5
3 6
4 7
3 8
9 0
1 10
11 8
8 12
6 13
1 14
15 12
6 16
17 15
11 18
4 19
18 20
15 21
22 12
6 23
4 24
25 22
26 12
18 27
1 28
29 9
29 30
29 31
9 32
33 15
0 34
35 2
24 36
37 20
38 26
4 39
26 40
37 41
42 39
43 16
44 20
2 45
9 46
47 42
45 48
49 40
50 4
51 46
52 31
53 37
9 54
42 55
56 34
57 38
57 22
58 37
59 56
22 60
61 37
18 62
50 63
