#qgen
240
143
23
129
213
26
203
44
207
55
138
53
206
40
193
150
106
34
218
149
43
215
5
221
131
124
183
255
76
213
110
211
116
83
124
30
207
218
115
164
73
201
166
146
2
115
161
159
253
148
149
122
152
213
45
151
114
86
244
202
202
247
37
210
255
251
151
16
22
26
24
137
178
150
188
210
68
133
159
48
187
39
34
132
172
235
245
128
7
18
249
45
156
160
185
171
32
176
9
219
185
18
154
101
181
28
244
251
170
243
86
247
85
2
184
184
230
50
173
58
150
256
43
205
200
152
72
74
117
179
152
127
158
107
97
233
13
137
54
38
10
53
213
150
160
144
29
138
183
124
62
92
252
223
147
184
134
176
248
106
84
198
137
49
116
157
228
104
213
37
63
11
118
10
75
79
36
91
240
242
14
230
185
7
118
162
142
206
2
68
170
7
109
131
71
79
180
169
231
13
219
252
33
33
35
118
209
78
156
47
123
188
110
231
61
90
127
191
256
213
104
9
6
138
214
176
10
8
174
27
73
107
88
132
202
119
207
217
60
66
237
256
1 0
1 2
0 3
4 2
1 5
3 6
4 7
3 8
9 0
1 10
11 8
8 12
6 13
1 14
15 12
6 16
17 15
11 18
4 19
18 20
15 21
22 12
6 23
4 24
25 22
26 12
18 27
1 28
29 9
29 30
29 31
9 32
33 15
0 34
35 2
24 36
37 20
38 26
4 39
26 40
37 41
42 39
43 16
44 20
2 45
9 46
47 42
45 48
49 40
50 4
51 46
52 31
53 37
9 54
42 55
56 34
57 38
57 22
58 37
59 56
22 60
61 37
18 62
50 63
39 64
65 24
66 36
67 8
4 48
68 44
69 52
66 70
71 44
22 7
72 31
48 73
23 74
75 22
45 76
9 77
35 78
37 79
50 80
4 81
82 49
34 83
56 51
84 21
85 62
86 21
87 18
88 4
89 70
43 72
90 77
91 37
73 92
93 36
48 94
82 95
95 96
97 26
98 77
56 99
37 100
101 21
22 102
103 64
49 104
77 105
106 75
90 107
108 24
42 109
107 110
88 111
80 112
63 113
114 6
115 50
116 92
33 117
60 118
119 68
120 83
48 121
1 122
123 64
124 95
125 63
126 51
97 127
128 102
35 83
59 46
19 129
57 122
71 130
131 107
128 132
48 133
73 134
116 134
97 77
135 129
136 111
137 56
138 95
139 51
65 140
23 141
30 142
143 108
144 101
118 145
65 146
15 147
120 148
2 149
128 150
50 87
151 63
152 94
153 21
154 107
155 154
156 42
157 24
84 158
159 13
47 18
148 160
161 102
155 162
120 80
163 92
164 122
156 165
166 45
26 167
67 162
68 168
55 169
34 170
23 171
29 172
173 110
39 174
173 175
115 176
177 18
178 56
22 179
180 129
181 81
182 144
183 130
132 184
179 185
55 186
154 187
18 114
188 45
83 189
11 190
191 142
192 13
193 155
194 133
195 63
191 196
35 197
154 198
62 199
65 200
201 185
95 202
4 203
35 204
94 205
135 206
50 207
172 202
208 169
3 209
62 210
128 211
212 155
213 16
214 124
18 215
193 216
148 217
65 218
219 77
181 164
220 23
95 221
222 124
184 223
177 224
123 225
4 226
227 128
228 207
229 79
118 230
231 86
84 232
233 159
213 234
235 24
230 236
173 237
238 220
237 239
