#qgen
124
143
23
129
213
26
203
44
207
55
138
53
206
40
193
150
106
34
218
149
43
215
5
221
131
124
183
255
76
213
110
211
116
83
124
30
207
218
115
164
73
201
166
146
2
115
161
159
253
148
149
122
152
213
45
151
114
86
244
202
202
247
37
210
255
251
151
16
22
26
24
137
178
150
188
210
68
133
159
48
187
39
34
132
172
235
245
128
7
18
249
45
156
160
185
171
32
176
9
219
185
18
154
101
181
28
244
251
170
243
86
247
85
2
184
184
230
50
173
58
150
256
43
205
200
128
1 0
1 2
0 3
4 2
1 5
3 6
4 7
3 8
9 0
1 10
11 8
8 12
6 13
1 14
15 12
6 16
17 15
11 18
4 19
18 20
15 21
22 12
6 23
4 24
25 22
26 12
18 27
1 28
29 9
29 30
29 31
9 32
33 15
0 34
35 2
24 36
37 20
38 26
4 39
26 40
37 41
42 39
43 16
44 20
2 45
9 46
47 42
45 48
49 40
50 4
51 46
52 31
53 37
9 54
42 55
56 34
57 38
57 22
58 37
59 56
22 60
61 37
18 62
50 63
39 64
65 24
66 36
67 8
4 48
68 44
69 52
66 70
71 44
22 7
72 31
48 73
23 74
75 22
45 76
9 77
35 78
37 79
50 80
4 81
82 49
34 83
56 51
84 21
85 62
86 21
87 18
88 4
89 70
43 72
90 77
91 37
73 92
93 36
48 94
82 95
95 96
97 26
98 77
56 99
37 100
101 21
22 102
103 64
49 104
77 105
106 75
90 107
108 24
42 109
107 110
88 111
80 112
63 113
114 6
115 50
116 92
33 117
60 118
119 68
120 83
48 121
1 122
123 64
