#qgen
237
53
51
139
165
133
73
58
13
196
17
26
45
217
227
100
199
131
185
71
5
99
175
135
243
228
41
102
26
43
236
106
19
52
160
123
199
118
122
197
15
231
162
217
209
85
234
209
24
195
176
164
55
160
57
142
49
223
161
232
188
44
95
29
36
199
90
81
143
57
200
79
153
161
116
97
126
44
214
204
178
187
231
104
208
144
247
166
142
175
140
68
221
93
66
174
13
145
157
187
176
64
74
24
37
137
209
239
66
63
244
7
8
185
74
51
107
234
116
121
60
90
26
113
159
134
196
184
34
206
174
134
109
152
8
248
127
3
229
135
105
216
194
81
63
14
208
85
23
73
45
53
63
46
185
206
235
199
114
150
204
249
7
223
16
5
35
44
169
173
13
130
80
65
165
155
12
115
43
99
152
60
168
41
90
180
183
76
253
28
119
112
156
235
48
134
104
199
54
183
56
42
176
96
14
131
184
32
236
237
41
242
44
197
29
225
197
179
51
197
217
173
8
239
164
128
36
163
44
120
239
37
247
120
128
171
218
153
256
1 0
0 2
1 3
4 2
3 5
6 2
6 7
8 2
7 9
10 8
3 11
6 12
8 9
7 13
14 2
12 15
10 16
2 17
18 2
19 13
20 13
16 21
12 22
23 8
0 24
8 25
26 16
19 27
28 27
29 2
30 18
31 28
32 17
29 33
34 16
8 35
16 36
16 37
38 24
1 39
10 40
37 41
20 42
30 43
44 14
45 27
46 21
47 44
31 48
49 28
35 50
19 51
52 13
9 53
54 36
16 55
56 20
19 57
55 58
20 59
25 60
32 61
62 15
63 58
28 64
44 65
66 8
56 67
8 68
48 69
60 70
24 71
41 72
73 21
6 74
69 75
76 66
38 77
78 67
79 40
8 80
81 41
82 74
83 27
84 58
46 85
86 48
87 9
88 85
89 48
90 39
30 91
16 92
63 93
27 94
57 95
39 96
63 36
40 97
49 98
16 25
31 29
99 91
83 100
101 63
102 97
77 103
54 104
105 44
66 106
107 9
59 108
20 109
0 110
111 98
112 101
113 71
114 58
3 115
67 116
13 117
118 59
113 119
86 32
120 26
121 29
108 122
93 81
123 85
41 124
125 20
126 101
127 86
8 62
81 128
35 129
130 126
131 40
132 102
62 55
124 133
117 134
131 129
18 135
136 119
137 110
8 138
70 139
140 44
12 141
13 142
143 63
144 85
8 145
146 103
147 111
41 148
97 149
150 63
147 151
2 134
152 93
118 153
154 98
155 97
156 62
157 147
158 97
112 159
160 116
57 12
161 104
99 162
8 143
130 163
164 89
165 138
166 140
108 12
167 34
160 168
169 26
170 107
171 92
172 32
173 71
56 174
175 87
176 14
133 177
178 86
179 16
69 180
51 85
133 181
13 182
183 126
126 184
124 185
87 186
187 89
142 188
31 189
28 190
156 191
192 7
193 129
130 194
195 177
196 147
197 186
175 198
188 199
200 117
83 179
29 201
202 13
148 203
168 129
29 143
204 103
205 33
206 44
203 207
208 97
6 13
10 209
210 41
148 211
212 155
213 143
214 44
109 215
216 194
217 85
218 82
219 205
26 220
221 24
222 186
197 223
27 15
163 224
189 225
226 147
39 227
8 228
170 229
230 222
231 155
232 216
233 110
207 234
40 235
206 107
91 236
