#qgen
64
195
50
233
237
205
172
35
53
153
43
210
227
116
67
192
187
230
30
76
10
214
173
84
47
13
229
164
46
118
129
95
101
243
236
77
187
98
126
88
202
21
176
3
231
154
193
6
251
153
144
176
75
256
52
23
45
200
37
133
169
46
14
233
6
64
1 0
1 2
3 2
4 2
5 4
2 6
2 7
6 8
2 9
4 10
11 2
12 7
7 13
14 13
4 15
16 2
17 7
18 7
9 19
13 20
21 19
2 22
4 23
24 15
25 2
26 14
27 25
28 19
20 29
30 13
6 31
32 20
6 33
6 34
35 11
36 4
37 10
19 38
24 39
12 40
41 31
42 32
43 35
11 44
32 45
46 3
47 13
48 8
49 19
35 50
41 51
52 14
37 53
53 54
55 54
46 53
23 56
56 57
58 22
11 59
60 22
61 35
58 62
32 63
