#qgen
123
184
241
65
31
195
141
241
146
204
147
48
234
104
163
72
250
74
235
75
91
110
192
128
102
242
143
63
214
191
232
251
24
52
92
174
242
5
52
13
235
75
17
73
184
253
120
45
73
31
230
30
147
136
118
133
25
153
23
29
104
86
213
19
48
191
17
109
198
249
97
171
8
214
136
157
177
20
2
40
229
180
168
113
172
140
66
198
159
195
101
60
178
176
129
40
15
196
99
130
93
33
121
127
154
14
71
194
166
58
237
145
7
38
143
224
80
212
109
205
105
132
237
198
128
1 0
2 1
2 3
4 1
5 1
6 2
7 3
3 8
0 9
2 10
11 8
7 12
13 3
8 14
4 15
15 16
17 2
3 18
19 2
4 20
11 21
3 22
3 23
4 24
8 25
26 21
27 21
23 28
20 29
17 30
13 31
19 32
33 8
4 34
33 35
17 36
15 37
38 15
39 28
40 15
41 20
42 20
1 43
33 44
8 45
46 10
47 31
48 14
19 49
40 50
51 21
49 52
50 53
29 54
55 6
56 14
57 23
56 58
59 7
60 8
26 61
32 62
49 63
64 52
44 65
48 66
15 67
68 5
69 8
3 11
33 70
53 56
42 71
35 72
73 36
60 74
60 75
19 76
77 9
78 16
79 9
56 80
81 15
7 82
83 21
84 25
85 28
68 86
24 87
48 88
89 87
90 75
11 9
91 67
58 92
93 76
94 44
95 80
86 96
60 97
86 98
42 99
100 28
101 51
99 102
89 103
104 25
105 80
15 106
107 44
106 108
28 109
110 10
20 64
111 42
47 112
113 62
114 86
115 22
100 116
34 53
117 21
81 118
53 119
120 118
34 86
26 121
56 122
