#qgen
59
60
60
81
228
10
201
203
157
75
3
217
148
135
93
174
40
66
132
2
142
136
115
185
122
78
176
217
4
159
208
67
57
44
135
40
212
243
119
14
168
249
103
52
37
78
26
176
92
65
223
192
166
56
237
173
204
129
10
38
64
0 1
0 2
1 3
4 1
0 5
0 6
1 7
8 7
9 1
10 4
11 3
12 3
2 13
14 11
15 2
14 16
2 5
0 17
14 18
19 8
20 13
18 21
22 3
23 9
1 24
25 8
26 19
27 24
2 28
14 29
30 1
31 7
22 32
15 33
20 34
27 35
36 16
27 37
26 38
25 29
39 12
36 4
0 40
20 41
40 42
11 28
14 43
44 4
45 12
46 3
26 47
40 48
44 49
37 50
14 51
52 50
18 8
53 52
52 54
18 55
56 33
54 57
37 58
27 13
