#qgen
227
79
195
124
149
206
198
81
174
209
241
81
78
162
157
25
123
208
199
136
159
157
89
183
127
71
122
45
184
9
167
223
74
85
62
247
202
135
111
51
237
12
152
197
93
2
44
34
9
165
256
26
43
89
103
175
24
136
40
49
21
169
194
209
79
71
87
4
18
159
135
18
57
233
63
176
201
237
143
165
154
216
101
40
198
124
228
49
117
64
41
240
129
78
208
60
43
26
237
151
249
105
72
236
25
67
119
200
218
214
209
73
191
239
185
84
222
26
185
141
185
186
168
207
214
2
127
197
153
2
24
51
210
140
91
222
248
162
195
43
41
115
36
43
40
19
173
170
90
234
194
185
8
120
182
252
71
41
135
137
32
30
224
170
167
43
106
134
53
86
47
158
168
21
112
156
82
103
152
177
225
246
192
200
72
237
124
238
205
92
200
163
38
87
132
171
9
181
99
133
179
66
93
168
10
13
135
196
201
175
55
164
19
14
2
213
86
167
38
93
237
113
209
69
53
164
197
112
256
0 1
0 2
0 3
3 4
5 1
6 1
7 6
8 1
2 9
10 5
7 11
12 2
3 2
10 13
14 1
8 15
14 16
17 2
18 7
0 19
20 8
21 11
22 1
23 13
24 0
25 13
26 23
13 27
28 24
29 1
14 30
30 31
13 2
32 20
23 33
34 13
35 1
25 36
37 22
38 13
39 9
13 9
40 24
41 20
42 2
36 43
44 1
45 0
46 0
47 21
48 1
49 20
50 0
47 6
51 2
52 1
38 53
54 0
30 55
56 36
57 3
58 3
39 59
13 60
61 51
23 62
63 43
57 64
7 65
66 20
18 67
29 68
69 43
64 70
67 71
54 72
57 73
74 71
57 75
76 60
77 42
58 78
79 13
45 55
80 67
22 60
81 53
82 54
83 25
7 84
15 85
39 86
14 87
71 88
57 89
90 83
12 91
92 20
80 93
25 94
57 95
58 0
66 96
0 44
97 89
61 98
99 74
100 70
57 101
40 102
46 103
104 95
105 101
66 106
57 107
108 95
90 109
110 104
55 76
108 111
112 108
113 71
114 53
115 11
52 37
116 105
113 117
57 118
119 116
120 104
81 121
80 122
107 123
22 2
83 124
101 125
126 89
15 127
48 128
121 129
130 70
90 131
112 132
133 64
130 134
135 22
9 43
107 136
137 132
80 138
104 139
131 140
122 141
142 125
143 136
144 138
110 125
145 136
60 98
143 108
112 146
147 120
147 148
149 89
123 150
147 101
151 148
152 51
153 108
53 154
155 8
156 138
157 121
158 134
35 159
113 160
143 161
162 47
57 163
164 139
107 165
132 166
130 167
94 68
168 108
121 169
48 127
11 127
170 108
92 171
172 124
16 86
173 169
174 124
105 175
176 134
159 1
100 177
178 150
179 121
119 180
158 181
182 98
50 183
132 184
110 185
186 139
113 187
174 126
163 188
189 83
190 188
191 124
192 175
71 193
189 194
195 119
97 148
194 196
197 177
198 139
199 136
189 200
201 138
64 202
104 203
90 136
64 204
147 205
18 15
206 148
152 59
207 187
203 208
209 90
210 125
117 178
211 196
212 197
201 213
173 214
196 70
215 200
216 96
217 13
218 41
219 86
220 132
117 174
83 221
113 222
223 213
189 177
104 224
144 225
205 226
