#qgen
119
60
60
81
228
10
201
203
157
75
3
217
148
135
93
174
40
66
132
2
142
136
115
185
122
78
176
217
4
159
208
67
57
44
135
40
212
243
119
14
168
249
103
52
37
78
26
176
92
65
223
192
166
56
237
173
204
129
10
38
98
58
41
252
59
36
195
202
41
28
208
189
72
189
141
20
237
198
34
148
201
66
115
209
137
58
244
256
107
17
132
200
188
47
185
83
139
128
23
36
228
208
85
132
137
192
165
199
215
141
86
98
136
161
160
45
200
184
163
99
128
0 1
0 2
1 3
4 1
0 5
0 6
1 7
8 7
9 1
10 4
11 3
12 3
2 13
14 11
15 2
14 16
2 5
0 17
14 18
19 8
20 13
18 21
22 3
23 9
1 24
25 8
26 19
27 24
2 28
14 29
30 1
31 7
22 32
15 33
20 34
27 35
36 16
27 37
26 38
25 29
39 12
36 4
0 40
20 41
40 42
11 28
14 43
44 4
45 12
46 3
26 47
40 48
44 49
37 50
14 51
52 50
18 8
53 52
52 54
18 55
56 33
54 57
37 58
27 13
29 59
60 3
58 61
54 62
63 57
53 64
50 65
66 8
67 58
68 50
69 53
70 61
71 58
67 72
73 65
69 74
75 74
53 76
67 77
78 74
79 33
0 80
81 74
52 82
0 35
69 83
64 84
85 58
66 86
87 7
88 65
89 84
90 16
64 91
76 92
93 84
94 27
47 32
95 91
88 96
73 97
69 98
99 74
53 100
101 63
102 64
103 45
104 63
96 105
100 106
107 54
108 16
102 109
30 110
109 65
111 105
112 96
113 111
114 65
67 115
7 3
115 116
117 63
27 118
