#query
32
L
R
L
S
S
M
A
L
M
V
M
Q
Q
E
F
Q
L
A
S
V
L
R
V
A
V
L
L
L
I
D
K
G
128
0 1
1 2
2 3
4 0
3 5
0 6
7 0
0 8
0 5
9 3
10 3
0 11
7 12
7 13
14 2
4 5
12 8
3 15
16 8
10 11
15 17
18 7
19 12
20 3
21 6
9 21
14 5
12 15
22 0
20 5
4 2
7 9
15 5
10 17
4 8
23 22
24 8
12 10
4 19
4 23
19 10
23 15
7 15
18 25
22 20
26 25
19 2
12 13
21 5
22 27
27 11
7 16
7 28
23 7
14 18
11 5
7 29
23 0
13 30
0 13
26 13
23 28
25 24
30 25
12 31
19 1
20 27
23 2
25 8
4 18
7 21
19 5
14 22
18 5
0 9
16 5
22 29
20 2
14 10
29 25
0 30
0 20
20 10
0 25
2 27
24 21
13 25
15 27
23 16
29 30
26 15
18 19
25 15
19 28
7 31
10 6
18 22
28 1
4 10
17 11
26 1
3 11
29 1
19 7
0 2
3 27
29 31
0 21
2 5
4 14
6 5
19 30
0 29
29 6
19 26
7 26
29 27
7 24
6 15
16 24
27 17
14 0
26 16
0 17
26 29
18 26
7 8
22 15
