#query
118
D
H
L
M
D
T
T
Q
Y
Q
G
A
T
F
T
E
L
P
M
D
V
L
R
A
T
S
N
T
T
L
D
V
Q
A
L
L
N
V
F
T
G
T
A
S
C
K
R
H
A
T
P
E
G
S
Y
L
S
A
D
L
S
S
V
A
I
R
L
T
A
D
L
A
G
A
A
A
G
D
G
T
P
V
F
Q
S
V
N
A
T
G
F
S
I
S
G
R
L
T
M
V
H
Y
D
N
A
L
V
R
V
T
G
G
T
R
T
L
F
N
256
0 1
0 2
2 3
4 1
3 5
2 6
5 7
3 8
9 6
6 10
6 11
3 12
8 13
12 14
2 15
8 16
17 4
6 18
19 13
20 11
11 21
22 14
8 23
24 16
3 25
3 26
6 24
11 27
28 15
5 29
12 30
31 8
3 32
17 33
34 5
35 3
36 14
37 18
33 38
14 39
17 40
8 18
22 41
42 10
22 43
15 44
41 45
20 46
47 46
18 48
35 32
27 49
15 50
42 51
47 52
18 28
35 53
42 54
30 13
47 55
27 56
55 57
32 5
58 12
54 37
2 40
35 51
59 30
13 60
16 61
35 11
3 62
30 63
64 7
2 46
65 38
66 49
60 62
53 52
36 67
11 52
25 39
68 45
15 33
42 18
31 69
20 61
70 38
22 8
3 28
48 33
51 71
37 21
72 13
29 37
15 40
73 29
68 39
42 55
74 26
4 43
9 61
42 48
75 35
76 52
77 2
78 9
30 14
2 22
79 13
80 44
59 13
19 60
51 81
35 22
82 23
83 24
84 30
9 47
62 39
3 85
79 23
10 86
87 38
42 28
17 88
89 63
42 57
23 57
84 12
90 60
2 20
7 91
34 92
75 93
76 57
94 1
95 12
36 96
97 8
4 91
29 49
11 56
20 16
91 98
83 99
54 21
31 29
14 68
81 29
74 100
27 101
82 63
66 56
99 24
90 43
78 20
60 45
70 68
97 18
32 53
86 48
85 8
80 4
3 102
75 6
77 61
103 28
55 51
4 38
76 73
104 57
97 16
10 105
106 13
22 59
95 29
101 56
48 46
89 21
98 107
105 26
20 47
87 77
23 46
86 103
108 63
74 109
80 0
21 103
59 39
82 58
1 62
94 110
31 25
75 55
88 75
91 60
59 62
65 111
70 110
95 104
27 99
85 46
0 78
30 110
69 30
92 49
41 1
84 63
82 112
8 62
75 28
95 101
48 61
19 107
78 2
73 53
113 89
0 34
61 50
25 69
11 26
1 53
3 100
111 79
80 33
29 26
6 55
19 38
1 5
106 7
51 114
0 40
61 44
60 110
115 36
84 116
23 26
112 116
35 37
94 45
90 97
88 35
60 43
96 59
54 99
83 10
101 54
112 69
98 43
87 61
68 60
97 26
117 43
78 6
