#qgen
63
148
156
216
269
127
7
108
114
27
53
364
252
344
206
326
318
240
494
430
255
143
53
212
117
270
461
118
17
318
196
319
462
147
199
212
223
125
224
3
138
480
78
287
350
405
118
502
391
358
112
304
166
300
7
160
501
443
394
182
103
282
289
252
256
1 0
0 2
0 3
4 0
5 3
6 4
4 7
2 8
9 5
5 6
4 10
11 5
0 12
13 2
14 0
14 15
16 4
0 17
7 18
19 4
14 20
2 21
22 4
6 9
0 15
17 0
5 16
23 3
24 0
25 19
11 26
27 14
4 28
29 17
0 24
26 18
6 30
6 31
0 32
4 33
3 9
18 5
34 0
35 3
36 8
3 37
33 3
9 3
20 3
0 34
18 30
36 2
29 2
4 26
23 11
3 38
30 4
4 39
5 30
7 5
26 3
4 40
4 35
18 7
3 4
40 4
16 5
11 31
34 41
7 6
2 42
3 30
2 43
3 33
30 5
20 44
5 4
15 14
8 2
7 35
17 29
41 34
26 11
45 28
4 5
6 11
2 46
11 9
22 47
7 39
6 3
48 2
23 31
7 30
15 28
5 0
49 36
4 37
48 17
48 29
50 22
29 48
3 5
51 50
2 29
23 7
20 27
5 35
10 4
47 50
12 0
52 3
28 45
22 50
3 39
3 31
25 4
4 6
39 35
30 3
26 23
3 44
18 4
14 27
31 11
3 26
23 18
30 9
5 31
7 31
9 7
4 31
11 6
19 25
4 49
53 7
5 7
3 11
54 2
31 26
21 2
44 3
3 45
45 0
32 0
4 55
4 56
26 5
22 7
3 16
11 23
6 18
26 4
43 2
4 25
3 20
4 57
2 0
26 30
30 18
11 18
7 11
3 7
4 11
23 4
26 6
48 36
23 26
9 18
47 0
45 15
21 42
4 16
36 48
31 23
55 4
49 3
3 58
31 30
30 26
37 4
35 7
35 4
23 9
17 48
9 26
30 23
41 0
18 31
30 11
43 59
18 6
4 23
51 0
27 20
9 30
7 23
18 11
7 58
4 50
51 22
56 4
2 48
3 52
31 3
0 20
7 53
30 6
3 60
23 5
5 37
6 7
46 2
23 30
39 3
50 61
9 6
2 13
0 61
50 4
36 49
58 60
30 31
38 3
0 14
9 23
61 47
59 7
5 23
28 5
51 61
4 27
22 61
3 0
5 18
2 36
61 0
0 62
8 49
4 58
31 6
2 54
18 26
49 8
61 51
0 1
37 7
37 5
45 3
8 36
47 22
0 29
39 7
11 30
4 22
9 11
