#qgen
64
51
257
131
57
140
87
55
397
320
459
283
260
30
324
22
238
95
471
157
396
60
90
279
449
345
47
441
103
490
214
404
474
468
108
454
325
74
160
462
466
445
174
93
436
494
378
377
503
113
376
315
188
444
29
409
172
248
82
5
511
220
3
156
229
168
0 1
1 2
1 0
2 0
2 3
4 3
5 3
3 6
7 3
8 3
9 3
10 3
3 11
3 12
3 13
6 14
15 3
3 16
17 3
18 3
14 6
3 19
20 3
21 3
3 22
3 15
12 3
3 23
3 18
18 24
5 25
14 24
3 26
27 17
3 28
18 29
30 3
31 3
3 32
3 14
3 33
34 3
3 25
3 35
36 3
3 31
3 37
3 38
3 7
3 39
24 40
3 27
3 41
28 3
24 18
3 34
42 3
32 3
43 3
44 3
3 45
3 46
47 3
48 3
3 21
25 3
49 3
29 18
50 36
35 3
3 51
3 17
3 40
3 24
52 3
25 33
19 3
53 21
3 54
46 3
24 29
36 38
18 40
36 50
3 55
56 3
3 50
25 5
40 29
45 3
3 56
3 53
40 32
57 3
21 53
3 5
53 36
3 36
21 36
58 33
33 25
33 58
3 4
0 2
3 8
55 3
40 18
54 3
6 3
36 53
3 59
3 29
32 40
17 27
3 60
3 49
59 3
22 3
33 56
3 61
40 24
3 43
40 3
5 56
5 62
3 30
56 5
26 3
27 3
29 3
38 3
16 3
60 3
24 14
39 3
37 3
51 3
3 42
3 63
56 33
3 47
3 57
3 10
3 9
3 44
50 3
63 3
23 3
5 58
3 48
36 21
33 3
41 3
3 52
53 3
3 20
24 3
11 3
38 36
29 40
62 5
14 3
13 3
61 3
58 5
29 24
2 1
3 2
