#qgen
61
325
32
447
413
493
275
290
181
493
161
289
112
441
252
24
230
237
412
47
156
459
138
34
281
4
456
89
469
81
60
272
73
402
449
334
52
413
422
239
402
493
259
169
196
29
369
379
73
149
76
444
159
387
180
399
225
107
204
490
280
179
128
1 0
1 2
1 3
2 4
4 5
5 4
1 6
3 7
8 3
1 9
10 3
0 1
11 2
12 2
2 12
13 3
1 14
2 13
13 2
3 10
2 15
2 16
14 1
17 0
0 18
19 2
20 4
0 21
22 1
1 23
3 24
25 3
3 26
7 3
27 1
4 2
24 3
2 19
28 1
3 8
16 2
3 1
3 29
6 1
4 20
30 1
1 30
18 0
3 13
3 25
15 2
1 28
9 1
0 17
2 1
23 1
2 11
2 31
1 27
29 3
26 3
1 22
21 0
31 2
31 32
32 31
32 33
33 32
34 33
33 34
33 35
35 33
35 36
36 35
37 36
36 37
36 38
38 36
38 39
39 38
40 39
39 40
39 41
41 39
42 41
41 42
41 43
43 41
43 44
44 43
45 44
44 45
46 44
44 46
10 46
46 10
46 47
47 46
47 48
48 47
48 49
49 48
50 49
49 50
50 51
51 50
51 52
52 51
53 52
52 53
54 52
52 54
52 55
55 50
50 55
55 52
56 55
55 56
55 57
57 55
58 57
57 58
57 59
59 57
59 21
21 59
21 60
60 21
