#qgen
101
325
32
447
413
493
59
209
469
443
199
161
486
348
345
168
81
275
380
23
382
156
412
138
237
425
361
4
331
493
465
98
402
381
180
343
456
182
289
230
220
285
89
252
459
112
10
60
215
355
73
324
44
290
207
441
281
465
272
4
361
181
47
24
34
202
80
28
88
221
307
330
1
89
16
312
78
69
206
509
353
73
77
105
134
458
87
92
165
493
391
239
402
286
16
149
297
214
368
5
258
412
256
1 0
1 2
1 3
2 4
5 4
6 5
7 1
8 5
9 6
10 1
6 11
0 1
12 4
13 4
4 14
6 9
1 15
4 16
4 17
18 4
4 19
4 5
20 2
1 7
21 17
4 12
14 7
0 22
2 23
15 1
5 24
6 25
5 26
27 6
3 28
5 29
30 26
30 4
4 31
32 6
6 33
4 2
34 6
35 3
36 29
37 3
2 38
22 0
39 6
40 6
6 27
3 41
3 42
34 29
4 43
44 2
45 4
46 3
3 35
6 34
47 4
0 21
48 4
49 2
33 29
28 27
29 30
50 6
28 3
42 3
5 51
1 52
5 8
4 47
4 48
19 4
11 6
29 5
53 4
31 4
41 3
38 2
29 27
6 40
2 49
2 54
35 47
25 6
17 4
2 20
4 13
1 10
2 44
47 35
3 46
3 1
27 29
2 42
30 29
55 1
5 6
56 4
54 2
57 1
44 56
6 32
33 6
6 39
3 37
3 58
52 1
6 50
59 4
21 0
60 3
29 36
3 60
42 2
51 5
29 34
16 4
61 56
56 44
7 14
39 29
23 2
27 28
36 6
4 59
29 11
29 39
1 62
2 1
1 55
63 1
58 3
26 30
56 61
17 21
1 63
62 1
61 0
26 5
6 36
1 57
4 30
43 4
4 53
4 56
4 45
4 18
29 33
0 61
24 5
11 29
14 4
64 14
64 12
14 64
12 64
12 65
65 12
65 66
12 66
66 65
66 12
67 66
65 67
67 65
66 67
68 67
68 66
68 12
67 68
66 68
12 68
69 12
12 69
12 70
14 70
70 14
70 12
71 70
70 71
72 70
70 72
73 70
70 73
70 74
74 70
75 74
74 75
39 75
75 39
76 75
75 76
77 75
75 77
78 75
78 35
75 78
35 78
79 35
35 79
80 35
35 80
35 81
81 35
81 82
82 58
82 9
9 82
58 82
82 81
83 82
82 83
82 84
35 84
84 82
84 35
85 35
35 85
86 35
35 86
87 35
35 87
35 88
88 35
88 89
89 88
89 90
90 89
91 90
90 91
90 92
92 82
82 92
92 90
92 93
93 92
93 94
94 93
52 94
94 52
95 94
94 95
96 94
94 96
97 94
94 97
98 94
94 98
99 94
94 99
94 100
100 98
