#qgen
30
316
263
410
149
306
20
56
425
142
201
491
225
223
298
170
463
452
388
353
68
307
344
290
232
439
40
490
485
206
372
128
0 1
2 0
0 3
0 4
5 2
0 6
7 1
0 8
9 8
1 10
11 6
12 2
13 12
14 6
11 13
3 8
1 15
8 14
14 5
8 15
12 16
11 12
11 3
6 3
9 2
13 1
3 0
6 14
8 12
12 13
13 17
11 8
10 1
0 18
19 11
0 12
4 0
20 1
18 0
17 0
11 4
16 13
12 5
8 3
15 5
2 20
13 15
10 21
22 13
14 3
2 8
12 11
1 20
12 14
9 1
6 15
23 0
11 2
24 0
11 9
12 1
0 19
3 9
5 14
22 0
1 13
5 9
25 1
5 12
12 8
3 14
15 26
6 5
15 13
3 4
0 2
1 11
2 5
16 11
27 0
26 11
13 0
19 13
17 27
14 26
1 12
11 5
0 23
6 11
9 14
11 22
11 27
14 9
19 0
16 1
13 11
14 2
13 9
0 28
12 15
2 26
12 3
11 29
12 22
2 15
1 14
15 12
6 12
4 11
8 11
9 15
1 2
15 9
8 9
1 9
16 8
11 26
9 13
20 8
14 1
2 9
8 2
29 22
22 29
5 4
1 16
15 11
12 19
