#qgen
32
477
140
209
273
455
501
10
209
457
512
242
423
445
321
290
48
228
253
82
169
147
65
37
369
207
56
186
204
286
353
365
382
128
0 1
1 2
3 1
4 1
1 5
6 1
0 7
3 8
8 1
1 9
10 1
11 3
1 12
3 11
0 13
1 14
0 15
16 15
17 8
8 18
19 3
1 10
7 0
20 0
12 21
15 12
22 21
1 4
21 1
1 23
13 0
24 12
14 11
25 17
21 3
22 19
8 15
3 15
12 24
25 0
12 15
26 0
15 25
0 25
15 11
19 15
16 1
12 17
15 14
19 17
22 1
1 11
0 18
3 2
27 1
14 28
18 0
17 1
25 19
3 22
8 3
0 12
1 16
29 0
19 22
8 21
0 29
6 12
21 19
12 18
15 8
11 15
17 15
15 2
25 11
6 16
1 22
17 25
1 8
19 25
15 19
28 4
1 27
24 15
25 15
15 3
21 8
21 25
11 28
16 6
11 1
30 0
12 6
22 3
1 31
4 9
22 25
1 6
22 17
17 21
16 17
9 4
15 6
11 25
21 15
1 15
1 21
0 30
28 0
25 1
25 22
17 16
28 14
1 19
12 19
12 9
9 6
2 1
18 8
19 1
15 21
21 17
15 1
2 12
2 3
6 9
14 15
31 1
