#qgen
32
57
324
197
378
375
429
199
27
15
286
219
181
420
510
101
118
155
254
82
482
40
173
397
176
395
12
356
499
319
448
333
320
128
1 0
1 2
1 3
4 1
5 2
4 6
2 7
6 8
9 0
8 10
1 8
11 2
12 10
13 4
13 14
15 6
8 16
2 13
0 17
18 12
17 0
0 19
13 20
10 8
1 21
12 16
6 4
10 4
6 14
22 17
12 8
2 1
9 20
23 22
21 13
2 5
17 20
4 12
13 0
0 24
1 10
6 18
10 12
25 0
26 20
9 10
16 12
16 8
20 17
12 21
2 27
28 21
18 13
0 13
8 13
20 29
13 15
18 28
30 2
1 4
18 14
15 23
4 9
2 9
15 13
19 0
16 9
11 18
8 12
12 14
14 12
11 14
0 1
2 12
16 13
28 22
15 29
6 10
10 6
14 11
23 0
21 12
14 9
30 16
14 13
6 0
13 21
14 7
29 22
0 9
13 10
14 18
28 18
0 6
12 0
15 9
18 1
10 9
2 28
21 9
27 2
22 29
2 30
13 2
15 1
0 25
9 2
29 0
14 6
16 30
13 16
9 16
9 8
7 2
12 4
2 26
8 6
1 20
17 23
18 6
10 1
13 8
8 1
31 0
9 21
26 2
17 15
15 12
