#qgen
41
468
268
205
167
466
132
24
44
490
250
230
238
228
242
197
228
338
197
432
196
502
78
279
10
251
106
202
218
5
260
355
231
58
402
172
512
443
409
458
62
288
108
0 1
2 1
3 1
0 4
5 3
6 1
1 7
1 8
1 3
9 1
1 9
1 10
11 1
12 1
1 2
1 13
3 14
15 0
16 1
1 4
10 17
3 18
4 1
1 5
1 12
17 10
1 19
8 1
1 17
20 1
19 1
21 1
22 1
1 23
18 1
1 15
24 15
5 18
23 1
1 25
14 1
15 24
10 1
1 26
27 1
4 0
1 16
1 6
1 21
22 21
28 1
14 18
18 3
1 29
1 20
12 15
1 18
1 14
26 1
24 1
14 3
5 14
3 5
1 11
21 22
1 24
5 1
15 12
18 14
0 15
1 27
30 1
14 5
31 1
13 1
1 31
15 1
18 5
17 1
7 1
29 1
1 22
25 1
1 28
1 30
1 0
32 1
1 32
33 1
1 33
1 34
34 1
4 34
34 4
34 35
35 34
35 36
36 35
37 35
8 37
37 8
35 37
38 35
35 38
39 35
35 39
35 40
40 35
