#qgen
77
468
268
267
228
397
507
172
87
260
184
72
123
251
242
426
402
407
325
466
428
422
404
132
435
228
55
490
238
432
167
338
111
197
441
5
142
196
279
432
355
397
10
502
78
231
441
202
106
387
58
428
197
250
502
24
468
44
205
219
367
230
157
83
218
379
449
290
307
343
14
508
164
51
432
103
7
242
256
0 1
2 1
3 1
4 3
3 5
6 1
1 7
1 8
1 3
9 1
1 10
1 11
12 1
13 1
1 14
1 15
16 1
1 0
17 1
1 4
6 18
19 1
20 1
1 21
1 22
23 10
1 24
8 1
1 25
18 1
26 1
24 1
27 1
1 17
28 1
1 16
28 23
10 20
15 1
1 20
4 1
23 29
3 24
1 26
30 1
3 0
1 19
1 31
1 27
32 28
10 1
28 32
10 17
1 33
1 34
32 22
1 29
1 35
36 1
37 1
20 10
38 11
12 20
1 39
40 29
1 32
25 1
32 23
28 29
40 32
1 41
21 1
35 23
20 12
33 1
42 1
21 32
28 22
38 1
22 35
43 17
1 44
18 6
45 1
32 1
29 28
46 1
31 1
1 13
24 3
23 32
22 23
47 1
14 1
35 29
1 48
6 17
41 1
1 49
50 1
51 1
1 2
1 12
1 9
1 37
3 12
3 4
23 35
52 1
1 45
9 5
1 53
54 1
29 1
32 21
29 23
1 55
1 42
39 1
34 1
22 28
1 5
1 6
1 51
29 35
1 56
5 1
11 1
40 1
6 9
1 57
53 49
49 53
1 23
1 58
0 3
29 40
23 28
29 32
1 59
1 36
23 1
7 1
49 1
32 40
1 38
1 50
1 30
56 1
17 6
59 1
1 28
32 35
22 32
1 52
11 38
51 60
5 3
1 40
61 1
1 62
58 1
53 1
1 60
17 10
10 23
1 18
62 1
55 1
1 46
32 29
12 3
5 9
22 1
60 51
60 1
9 6
1 54
17 43
43 37
35 32
1 63
0 18
29 22
37 43
1 61
57 1
35 22
22 29
35 1
43 1
1 43
1 47
23 22
63 1
18 0
48 1
44 1
64 44
44 64
44 65
65 18
18 65
65 6
6 65
3 65
65 3
65 44
65 66
66 65
66 67
67 66
68 66
66 68
69 66
69 65
66 69
65 69
65 70
70 65
71 70
70 71
70 72
72 3
72 70
72 6
72 18
6 72
3 72
18 72
72 65
72 2
65 72
2 72
73 2
18 73
72 73
73 65
3 73
73 3
65 73
73 18
73 72
2 73
74 2
74 18
2 74
18 74
74 72
72 74
72 75
75 72
75 76
76 75
5 76
76 5
