#qgen
54
52
32
1
39
35
44
34
42
58
41
40
60
35
6
54
29
29
23
26
41
28
47
13
19
9
17
54
53
55
30
27
9
22
49
29
23
24
45
38
57
22
44
42
42
50
60
38
50
54
55
38
40
16
27
128
0 1
2 1
3 1
4 3
5 1
6 1
3 7
8 1
4 9
4 10
7 11
4 12
3 13
14 9
14 13
13 9
3 15
16 14
1 9
14 17
11 18
19 14
20 18
21 15
15 18
16 17
22 17
16 18
23 1
24 14
10 1
1 25
2 26
13 11
27 25
20 11
28 18
29 12
30 15
30 13
31 1
19 9
32 28
11 27
29 26
26 33
34 27
3 35
32 22
29 36
24 0
11 37
19 38
39 29
3 22
12 17
19 25
32 38
3 11
21 40
19 17
7 28
21 32
20 27
19 37
20 37
3 41
12 34
7 18
21 42
34 40
15 9
43 1
35 28
19 40
29 44
22 40
16 32
45 1
19 15
14 25
4 1
34 37
7 22
32 42
46 1
18 40
17 18
0 26
25 36
19 11
17 38
47 1
3 34
11 41
19 24
28 27
14 37
3 38
2 48
20 9
49 1
42 11
10 25
50 39
51 1
7 14
32 20
22 18
7 52
10 41
4 25
40 9
36 9
12 28
5 26
10 27
30 1
26 37
10 11
38 27
19 3
32 41
28 34
35 9
53 9
17 40
3 27
