#qgen
92
15
35
5
54
23
5
51
15
37
17
47
16
40
49
28
28
11
36
45
59
26
23
44
14
33
45
34
30
5
45
58
43
40
37
44
17
2
13
37
55
31
10
41
27
5
13
11
47
60
21
12
32
63
9
29
25
4
60
30
7
14
64
12
61
39
21
62
49
20
55
49
56
61
62
19
6
11
1
8
13
25
58
52
5
62
50
64
31
19
41
52
16
256
0 1
0 2
0 3
0 4
0 5
0 6
0 7
8 6
9 6
0 10
9 11
8 12
8 13
9 14
15 2
16 2
14 17
18 13
2 19
2 6
15 20
21 0
9 22
23 14
2 24
25 1
2 26
2 20
27 22
17 28
25 29
27 30
23 31
0 32
33 2
33 34
10 32
35 11
36 31
37 32
15 22
36 24
15 38
37 39
11 24
40 24
9 13
2 32
41 14
14 42
43 10
9 8
18 30
44 26
35 45
35 24
43 32
43 46
47 30
25 48
49 24
25 50
23 36
16 51
52 27
53 28
16 43
51 45
0 8
13 54
37 55
56 18
0 57
58 11
18 17
13 59
60 51
31 54
16 61
58 14
62 1
31 53
23 24
24 63
14 45
16 46
18 8
14 6
16 14
47 46
35 49
64 55
51 22
56 13
16 26
65 8
66 58
37 40
17 2
62 67
2 54
68 50
20 49
2 69
9 37
65 46
16 40
17 6
44 24
36 45
20 45
70 27
37 17
66 71
56 8
36 72
16 31
14 32
58 44
41 34
26 10
44 27
65 32
41 35
50 67
73 0
56 49
53 46
41 66
0 74
49 45
47 53
52 70
14 31
58 65
70 2
58 10
14 71
65 10
37 65
2 46
35 32
16 28
21 75
40 31
24 55
13 10
0 76
56 45
47 2
36 51
23 2
33 43
18 20
41 72
60 27
38 20
35 39
60 22
13 32
35 71
16 18
20 8
31 72
45 32
43 6
36 43
77 49
20 30
58 71
33 31
52 23
78 29
0 79
80 75
15 13
25 68
30 10
14 49
18 39
31 13
2 30
23 30
0 27
22 42
33 14
58 28
56 70
1 81
6 32
34 10
82 39
20 55
17 32
52 18
8 24
24 32
9 38
0 83
84 65
31 6
33 36
31 22
37 47
56 34
39 22
85 0
12 34
53 34
16 17
33 66
0 86
18 26
9 49
0 63
70 49
37 23
31 55
66 43
47 26
65 36
2 53
16 70
41 9
35 20
44 39
80 14
74 87
88 61
16 34
89 61
35 2
1 90
20 22
51 42
66 37
56 59
56 46
0 91
65 31
49 10
33 42
59 32
40 30
47 59
58 34
24 42
17 26
15 31
16 53
60 72
44 2
18 28
20 13
13 46
49 63
