#qgen
108
52
13
14
51
9
62
64
43
35
49
1
60
15
64
5
8
8
33
54
9
45
38
1
11
12
41
43
36
9
35
61
48
55
15
4
39
15
44
37
60
55
4
15
61
49
41
61
2
6
39
7
41
63
17
11
44
42
1
53
32
18
49
49
44
48
37
16
26
7
28
57
55
9
8
44
38
21
57
47
58
55
31
23
46
37
18
13
64
43
6
31
60
3
11
5
54
42
53
49
42
29
59
38
57
2
54
20
40
256
0 1
2 0
3 1
0 4
2 5
6 0
7 2
8 0
9 0
3 10
8 11
11 12
13 2
6 14
11 15
11 16
17 1
2 18
19 1
6 20
21 0
22 0
21 3
23 21
24 12
24 25
21 26
27 25
28 0
29 0
30 0
31 0
32 10
23 33
34 1
35 0
34 36
23 37
38 4
39 0
17 5
22 2
38 40
41 24
34 42
43 27
35 17
44 1
45 1
31 46
47 25
3 48
49 46
50 0
2 51
23 43
0 48
47 52
21 53
54 1
55 0
56 25
4 18
20 57
58 14
11 13
22 59
13 60
2 56
46 61
62 18
17 33
57 1
63 17
11 4
0 64
7 49
41 65
2 27
14 27
26 33
46 66
25 67
68 25
53 69
41 70
68 5
58 71
37 50
46 72
0 73
74 44
21 75
41 4
11 14
65 76
38 25
77 59
78 12
46 40
46 44
49 79
80 4
59 81
11 48
66 18
72 62
78 26
27 5
82 0
0 76
83 59
62 84
28 35
22 81
46 81
60 14
53 42
39 44
2 85
25 86
42 72
69 67
87 1
81 73
6 88
0 89
39 24
3 35
13 88
11 10
72 78
59 4
22 55
58 53
23 58
82 71
82 43
2 58
44 4
60 46
3 62
90 1
39 37
46 91
57 26
22 82
4 62
23 12
72 5
11 92
69 93
81 92
49 5
0 84
77 69
41 21
0 94
22 43
36 33
22 13
48 67
28 95
55 25
11 58
21 72
96 1
9 44
28 5
7 97
21 35
7 0
78 17
81 25
44 92
36 4
4 10
35 9
98 14
24 33
23 26
39 99
20 69
21 46
83 71
20 53
17 26
78 18
21 42
77 68
80 1
55 76
100 42
41 58
63 18
23 0
42 4
25 66
11 55
59 18
49 68
72 48
22 24
80 5
14 101
6 39
27 18
25 48
24 46
102 53
103 1
104 0
37 24
25 84
23 83
38 21
0 92
70 76
104 67
98 21
55 101
0 105
41 11
50 26
43 71
46 63
31 82
81 72
11 43
82 101
43 14
2 43
46 74
92 62
13 39
55 2
2 71
49 100
40 44
106 35
46 33
47 107
83 38
4 5
93 12
8 4
59 35
22 12
82 2
40 26
55 93
0 12
77 27
37 3
81 26
12 18
