#qgen
109
14
55
6
23
44
63
8
44
25
58
11
48
29
13
31
51
8
6
54
32
24
31
51
37
53
37
36
36
20
9
34
34
17
4
1
21
20
48
9
46
46
49
43
52
37
48
40
3
61
39
18
11
21
53
40
2
3
8
37
22
18
11
43
53
17
55
59
18
58
51
4
41
18
31
14
36
29
38
62
58
48
15
41
51
11
55
32
24
62
33
49
64
43
47
21
26
59
36
13
8
55
46
55
63
38
46
21
17
61
256
1 0
1 2
0 3
2 4
0 5
6 3
2 3
7 4
8 3
9 1
10 7
0 11
10 12
1 13
14 13
15 5
1 5
16 0
4 3
10 17
5 18
19 15
10 20
7 21
22 6
23 5
9 24
25 5
6 13
12 26
27 12
28 2
8 4
16 24
29 13
30 5
27 3
23 31
32 21
10 33
29 34
35 16
36 11
28 37
23 38
27 11
6 8
28 39
40 13
14 41
28 15
28 42
32 11
43 5
7 24
44 38
45 17
36 41
19 4
40 46
14 37
32 41
21 0
47 25
14 15
23 48
43 49
22 40
14 50
29 48
28 1
41 11
9 15
20 51
36 6
16 2
52 51
21 37
43 53
16 54
1 55
14 42
10 6
29 16
56 26
22 57
29 10
35 5
12 58
47 20
29 3
43 59
7 39
4 60
22 61
35 62
36 48
19 40
36 8
63 5
16 5
11 34
25 64
22 65
66 49
52 43
67 26
54 48
12 56
20 39
29 11
22 14
67 52
68 27
69 49
29 24
70 5
6 34
38 71
25 72
73 39
47 44
15 41
0 54
59 74
63 75
46 39
76 34
36 14
6 0
47 70
73 26
77 13
24 13
2 54
7 77
78 5
63 34
9 4
26 34
77 3
21 55
66 79
80 79
2 13
49 81
27 50
6 41
4 0
7 62
43 82
45 83
1 50
5 49
46 60
72 71
2 21
23 58
29 50
20 57
24 37
14 46
84 79
85 58
42 86
15 0
4 87
65 88
68 38
19 6
20 61
46 50
47 39
37 13
84 44
54 42
89 5
9 40
90 72
26 5
91 26
39 85
73 85
28 32
50 62
61 39
22 55
92 58
64 5
92 93
8 21
77 37
27 14
16 6
24 77
2 60
7 54
50 32
79 94
68 90
95 51
54 13
35 41
50 21
41 54
35 13
96 5
69 58
71 34
2 11
97 86
46 3
43 98
70 99
40 37
24 46
35 28
2 62
10 100
54 39
2 55
27 58
9 13
36 19
83 46
101 48
22 73
102 81
28 11
36 15
57 78
50 2
78 42
19 16
43 26
15 46
103 43
104 38
59 5
10 105
106 42
4 34
15 62
16 40
91 92
89 93
63 107
26 97
103 108
24 3
67 5
36 1
36 50
20 30
22 101
11 39
