#qgen
47
14
55
6
23
44
63
18
8
48
21
32
18
49
38
20
37
2
44
51
46
8
51
13
58
51
31
17
20
32
53
9
48
25
40
1
11
43
40
37
31
57
17
36
43
3
46
61
128
1 0
1 2
0 3
2 4
0 5
6 2
7 1
4 8
9 3
1 3
10 8
0 11
10 12
1 13
14 13
15 5
1 16
17 0
18 3
19 11
20 4
21 19
12 22
13 8
23 7
24 5
10 25
6 4
7 19
13 16
24 12
2 8
4 12
14 22
12 11
26 4
14 2
27 19
18 28
9 12
27 29
14 16
30 9
23 31
19 20
9 26
29 5
25 22
10 32
23 10
12 33
21 25
9 14
4 34
6 11
27 32
14 12
29 24
35 3
29 36
10 33
21 37
19 0
17 38
10 29
30 16
32 39
14 31
9 13
23 19
1 39
29 8
7 24
13 36
23 5
17 1
38 40
19 13
30 29
11 22
2 0
9 33
41 5
27 11
17 37
14 24
30 7
4 3
18 8
17 12
2 13
27 36
31 5
19 2
29 13
42 20
21 30
17 10
6 43
12 3
13 3
7 31
27 14
20 12
30 37
26 39
44 15
30 32
8 22
32 11
7 16
16 8
33 45
37 16
30 35
14 32
14 3
5 46
25 20
14 33
37 22
25 34
39 8
0 33
37 33
35 37
22 36
23 17
