#qgen
107
8
8
3
13
2
60
8
54
55
50
18
17
23
35
10
21
28
33
40
41
59
44
44
52
3
13
34
23
7
30
50
59
4
43
25
64
54
9
60
47
39
41
48
35
60
34
36
28
37
16
20
19
55
18
19
3
20
21
38
23
53
23
41
63
45
29
3
2
6
3
39
54
27
7
6
45
24
37
39
7
49
25
45
52
41
39
45
16
12
50
58
4
21
24
8
37
56
6
48
36
18
38
41
6
37
32
49
256
0 1
2 1
2 3
2 4
5 1
1 6
7 1
8 0
8 9
10 4
11 5
12 1
13 11
14 1
15 6
9 16
17 12
18 3
0 19
20 1
21 7
14 13
22 9
23 11
23 24
8 25
26 25
19 25
27 26
4 28
29 6
30 0
26 31
32 4
30 27
33 14
33 15
14 6
29 21
12 25
28 34
9 35
23 36
37 26
38 17
8 37
13 39
10 40
20 41
21 13
42 19
0 16
3 1
1 43
21 44
32 1
17 27
45 19
46 36
17 47
48 31
49 3
21 50
51 26
52 15
15 53
29 3
47 54
29 55
56 43
14 21
23 57
5 36
33 1
12 49
58 36
22 13
47 35
58 1
51 54
29 4
29 59
60 54
11 34
35 61
35 25
17 61
51 5
62 1
63 9
32 64
49 65
19 66
21 6
67 22
68 47
29 28
69 31
61 40
70 8
22 25
38 1
44 71
35 66
4 34
1 72
17 26
37 25
47 73
22 61
20 43
65 61
74 1
17 51
8 61
65 47
75 59
68 31
76 66
70 67
55 77
32 57
70 49
11 64
51 48
12 66
1 78
49 16
61 60
51 47
29 79
65 16
75 52
13 50
73 80
81 69
16 25
70 16
22 66
59 1
50 49
56 64
0 82
83 59
9 61
8 54
84 36
19 1
76 51
38 31
1 40
37 60
8 85
58 57
63 86
73 87
38 3
70 76
13 43
0 88
89 44
90 57
17 80
55 28
4 77
81 16
49 26
72 24
52 39
70 68
29 34
55 24
50 91
92 29
28 15
93 87
76 48
75 89
50 1
30 76
44 28
4 15
8 12
45 65
94 82
95 1
39 88
28 1
42 0
74 96
97 1
47 80
92 51
23 49
12 51
67 66
49 71
86 47
70 17
22 68
44 39
98 64
68 61
63 22
22 26
8 22
22 30
13 6
4 3
86 26
99 44
38 92
68 36
63 65
47 16
32 43
76 87
90 100
88 41
82 101
70 87
49 86
102 42
45 66
8 68
94 72
65 35
103 72
101 40
86 80
17 76
16 54
89 59
9 19
49 91
12 73
93 19
57 5
22 49
70 26
38 104
2 6
4 59
12 47
90 105
60 25
103 59
70 86
24 101
27 61
65 69
19 61
11 57
31 106
103 1
22 27
