#qgen
58
2
29
29
58
41
23
59
54
50
31
7
27
57
31
42
60
34
30
48
47
50
48
34
45
44
43
50
13
1
7
43
50
15
12
62
42
63
45
26
34
25
48
55
44
33
47
14
34
17
30
54
10
28
58
11
4
42
26
128
0 1
2 0
3 0
0 4
1 5
6 4
5 7
8 6
1 9
9 10
0 11
12 6
3 13
3 14
13 1
1 15
12 16
1 17
6 11
14 18
1 19
4 20
12 7
13 12
21 15
22 7
23 1
9 24
17 10
0 25
2 18
15 26
17 7
23 12
20 27
23 28
29 10
13 30
31 16
21 32
33 11
21 24
10 34
35 27
1 34
21 26
1 6
34 27
36 27
13 24
21 37
0 38
39 27
2 40
23 34
23 41
17 42
43 40
3 44
1 37
0 14
32 11
34 45
13 9
0 13
33 20
46 4
36 13
33 5
45 40
7 20
39 24
24 26
32 24
34 20
36 40
14 30
26 40
31 47
12 33
33 7
15 20
13 34
2 6
25 26
4 34
48 40
39 9
3 49
1 50
51 14
3 52
48 15
10 45
39 16
53 16
0 52
33 49
1 21
13 6
26 54
35 9
0 30
55 13
1 7
23 35
12 10
21 25
13 48
3 40
1 8
28 40
27 47
23 15
46 45
14 52
39 31
39 56
39 40
48 57
0 16
12 35
2 36
22 17
46 34
50 25
1 26
36 52
