#qgen
118
2
29
42
7
34
40
31
4
9
20
47
33
43
21
45
50
43
28
33
31
58
14
1
45
39
38
32
47
15
48
42
23
34
50
27
48
32
30
55
41
22
59
2
13
31
14
59
51
50
16
52
32
13
62
52
14
34
45
60
51
59
43
30
63
64
6
60
10
14
4
39
58
25
48
34
36
12
7
42
34
54
50
54
25
54
57
28
24
12
17
11
44
54
1
35
15
53
55
34
5
42
22
30
60
47
41
44
44
54
41
16
48
26
44
15
57
26
29
256
0 1
1 2
1 3
0 4
1 5
6 4
7 4
6 8
1 9
10 8
0 11
6 12
3 13
3 7
14 1
1 15
16 12
1 17
6 18
14 19
1 18
20 4
21 8
14 22
18 23
24 8
3 18
10 25
26 11
0 27
3 27
16 28
29 8
14 30
21 31
26 32
33 13
34 15
22 35
28 36
14 37
38 27
37 13
33 39
6 1
29 28
1 40
41 35
37 42
25 17
29 43
1 44
45 38
46 4
31 47
32 48
26 41
47 49
6 7
3 50
51 50
52 15
53 42
14 53
0 54
30 55
56 7
57 19
58 8
53 59
12 60
61 39
58 39
62 41
63 33
58 52
25 64
65 43
66 47
18 35
13 19
52 28
67 21
6 36
65 42
17 8
68 58
16 43
69 6
44 3
53 27
70 6
30 59
65 16
71 30
31 72
1 31
73 49
1 74
68 12
63 45
16 75
67 0
25 47
56 3
53 39
76 16
77 38
78 22
79 7
1 28
52 48
68 47
66 31
70 80
69 28
52 49
81 59
82 62
78 83
63 0
20 84
21 6
85 34
86 55
76 49
6 87
88 60
32 60
71 11
89 3
14 58
39 51
52 4
53 90
81 49
58 60
6 49
52 18
13 91
17 38
46 27
1 53
24 3
1 46
88 92
92 39
58 59
93 65
45 30
55 74
70 94
93 81
95 83
96 28
97 50
88 46
50 41
38 59
29 12
70 89
48 98
33 81
29 37
89 64
16 99
70 11
100 43
30 46
43 40
84 83
68 70
70 1
101 93
102 92
4 43
103 90
39 41
82 104
63 86
4 35
58 49
50 105
1 43
45 106
10 39
84 60
45 19
68 85
71 22
42 107
79 51
6 94
10 108
52 12
0 109
33 106
100 28
45 110
1 103
4 55
94 41
92 81
10 19
106 39
78 111
17 60
39 72
32 61
14 42
26 31
76 42
1 88
112 8
50 80
66 49
20 113
33 49
3 51
18 13
96 114
53 76
1 32
115 3
89 106
14 93
4 116
31 41
82 56
76 59
86 35
76 79
25 45
30 74
4 12
1 50
73 23
37 28
51 43
93 85
73 57
62 3
93 39
61 59
14 28
82 16
88 31
59 49
74 107
41 80
117 111
71 78
101 19
1 45
114 113
17 39
