#qgen
115
22
17
41
39
55
53
45
20
60
47
11
54
15
56
49
5
63
64
41
8
48
1
46
64
51
3
34
4
56
53
12
32
16
43
54
61
64
52
9
50
15
32
63
29
36
21
62
6
51
23
7
41
48
43
11
49
60
11
63
48
64
5
5
57
52
10
50
36
40
11
10
9
6
54
44
9
57
49
20
39
29
58
21
1
52
30
5
42
1
10
15
42
32
60
26
41
34
21
11
36
60
16
5
12
22
4
47
12
33
34
59
15
11
11
56
256
0 1
1 2
3 2
0 4
5 4
2 4
0 6
0 7
8 6
0 9
10 9
0 11
12 5
3 13
12 14
12 15
16 5
16 17
18 4
4 19
15 20
16 21
1 22
23 4
24 15
25 18
14 4
16 26
4 27
28 2
29 21
1 30
31 29
32 20
3 33
34 30
2 35
36 15
33 37
1 38
16 28
39 32
8 40
0 41
42 9
1 34
43 31
25 44
0 21
45 2
46 37
31 47
36 48
49 46
45 50
51 19
52 32
53 5
30 2
45 54
55 13
43 56
54 57
58 11
23 46
3 59
5 60
40 27
61 26
0 62
63 31
64 57
53 65
66 46
59 67
5 19
68 52
42 69
42 70
54 71
51 72
73 32
74 32
36 75
31 49
76 29
72 2
77 14
78 37
13 7
8 46
61 79
75 69
37 4
5 80
23 81
82 10
13 83
83 69
44 57
17 14
31 71
84 37
5 26
18 67
85 33
12 16
86 9
87 16
68 88
89 86
54 3
59 29
90 34
87 46
0 81
73 2
51 73
16 29
55 46
84 62
23 35
36 57
77 55
91 27
92 44
12 22
39 93
66 94
54 5
18 94
95 4
61 38
85 70
12 75
95 71
93 27
23 32
1 10
56 48
17 33
0 12
54 84
52 75
85 38
29 48
82 52
44 96
13 29
93 97
21 71
14 2
53 22
73 74
67 62
59 98
36 92
0 99
36 26
62 27
6 73
100 48
55 32
91 49
101 37
102 48
39 103
0 96
17 2
43 69
50 96
77 19
104 46
30 105
2 27
16 34
87 78
86 57
74 79
8 106
73 56
50 15
11 107
67 9
62 9
100 98
82 100
80 49
108 106
22 46
8 55
6 68
1 24
53 42
76 60
79 41
40 19
26 85
42 74
52 22
0 87
59 20
80 46
49 62
58 93
73 50
83 98
77 50
31 50
63 76
108 61
17 72
66 2
91 94
61 24
13 15
90 87
34 20
94 72
87 109
47 71
110 102
23 2
63 50
98 41
68 111
60 20
112 79
18 16
113 83
18 21
18 30
17 70
92 81
91 107
1 89
43 112
75 98
54 94
8 83
53 57
36 44
61 23
58 62
78 33
55 81
93 111
53 30
74 4
66 101
56 27
54 96
114 64
77 30
40 28
29 96
