#qgen
129
626
600
550
814
469
492
718
681
746
603
574
610
340
509
471
669
886
689
640
43
607
498
674
771
673
615
643
554
584
632
607
579
654
429
195
570
581
726
690
623
403
599
480
555
516
552
573
672
699
482
642
521
629
624
586
458
671
486
749
482
500
579
523
413
636
507
670
544
264
652
453
659
508
673
615
519
511
489
559
662
685
485
894
959
610
707
574
599
168
645
394
743
580
592
657
649
573
644
463
615
222
517
381
512
544
522
670
677
606
560
489
604
526
543
542
931
626
366
572
619
495
589
656
749
481
635
365
659
601
128
1 0
1 2
0 3
4 3
3 5
4 6
7 3
8 3
3 9
3 10
11 3
3 12
6 13
3 14
15 3
3 16
17 6
18 3
3 19
20 6
21 4
6 22
23 13
3 24
25 9
2 26
25 27
28 6
27 29
27 30
7 31
6 32
2 33
8 34
3 35
36 4
6 37
38 13
39 27
8 40
41 27
6 42
25 43
17 44
45 17
46 45
47 25
48 3
13 49
50 31
38 51
52 39
6 53
54 25
51 55
56 50
27 57
39 58
13 59
27 60
39 61
62 48
63 58
48 64
8 65
3 66
3 67
68 40
39 69
70 65
71 70
23 72
6 73
74 51
75 65
55 76
77 52
39 78
79 66
3 80
81 17
63 82
73 83
43 84
25 85
86 67
87 35
88 81
63 89
90 70
58 91
27 92
63 93
94 51
95 3
86 96
97 58
98 6
99 50
100 4
3 101
51 102
48 103
14 104
5 105
106 25
107 88
108 76
84 109
76 110
86 111
112 3
113 48
114 73
115 65
83 116
117 63
3 118
119 82
8 120
121 91
26 122
63 123
52 124
125 91
71 126
127 27
39 128
