#qgen
123
583
622
580
605
762
480
545
644
596
518
203
734
705
440
633
633
324
576
692
721
558
465
474
777
578
651
583
706
626
688
495
379
557
583
429
735
737
890
704
711
923
578
532
642
547
617
490
645
573
534
464
565
542
616
893
861
713
522
520
192
602
717
524
564
443
731
643
504
501
642
632
549
483
580
560
493
649
468
705
531
671
544
550
581
583
637
739
611
428
684
931
646
543
742
112
662
609
712
483
670
711
554
563
482
659
704
700
475
615
941
457
589
543
591
584
632
624
490
411
448
575
700
431
128
1 0
2 1
3 1
3 4
3 5
6 4
7 1
8 6
6 9
4 10
11 7
12 3
13 10
14 4
15 11
16 13
9 17
13 18
6 19
17 20
18 21
22 17
23 17
24 10
18 25
26 9
27 17
3 28
22 29
5 30
17 31
32 19
32 33
11 34
35 13
36 18
37 36
20 38
19 16
26 39
32 40
37 41
42 32
43 22
44 9
45 26
20 46
29 47
15 48
34 49
50 19
1 51
52 20
4 53
19 54
55 5
56 17
51 57
9 58
59 6
59 60
32 61
62 42
59 63
64 47
65 61
26 66
51 67
31 68
49 69
29 70
71 19
47 72
73 18
61 74
75 62
66 76
77 21
78 38
13 79
1 80
75 81
82 13
83 32
77 84
85 37
86 38
18 87
31 88
51 89
25 90
32 91
92 13
93 88
29 87
94 85
88 95
73 96
72 97
44 98
47 99
100 17
76 101
102 19
85 41
61 103
8 24
87 29
104 92
56 105
106 44
96 107
45 108
59 109
110 32
111 33
112 3
85 113
56 76
43 114
115 36
116 87
82 117
118 51
85 119
8 120
45 121
122 77
