#qgen
64
583
622
580
605
762
480
545
644
596
518
203
734
705
440
633
633
324
576
692
721
558
465
474
777
578
651
583
706
626
688
495
379
557
583
429
735
737
890
704
711
923
578
532
642
547
617
490
645
573
534
464
565
542
616
893
861
713
522
520
192
602
717
524
564
64
1 0
2 1
3 1
3 4
3 5
6 4
7 1
8 6
6 9
4 10
11 7
12 3
13 10
14 4
15 11
16 13
9 17
13 18
6 19
17 20
18 21
22 17
23 17
24 10
18 25
26 9
27 17
3 28
22 29
5 30
17 31
32 19
32 33
11 34
35 13
36 18
37 36
20 38
19 16
26 39
32 40
37 41
42 32
43 22
44 9
45 26
20 46
29 47
15 48
34 49
50 19
1 51
52 20
4 53
19 54
55 5
56 17
51 57
9 58
59 6
59 60
32 61
62 42
59 63
