#qgen
124
614
486
550
516
68
569
652
644
639
712
598
628
469
725
54
628
637
1020
703
666
176
630
628
996
557
739
554
703
746
594
557
529
846
748
593
730
654
574
681
568
573
629
532
639
643
450
638
538
475
533
719
619
520
685
35
206
660
659
629
531
565
615
618
555
603
641
548
604
524
767
562
521
379
487
582
577
442
721
670
585
580
739
685
500
592
454
697
469
636
621
569
426
576
614
728
606
655
658
676
759
604
826
528
550
22
755
522
636
514
669
621
559
102
543
527
614
585
708
682
681
527
551
710
503
128
0 1
1 2
2 3
0 4
3 5
5 6
0 7
3 8
9 5
6 10
5 11
1 8
5 12
5 13
5 14
1 15
5 16
5 17
18 5
10 19
2 20
21 20
2 22
23 2
24 20
25 23
26 5
27 20
28 20
29 20
10 30
31 26
32 17
3 33
34 31
5 35
36 23
37 35
38 11
20 39
34 40
41 23
39 20
5 42
43 34
44 32
45 5
46 2
5 47
48 29
37 49
50 5
23 51
52 39
8 53
54 5
39 55
56 21
39 57
23 58
8 59
60 10
61 20
62 31
20 63
64 20
39 65
60 66
67 20
68 66
69 20
5 70
71 35
72 56
73 15
23 74
75 32
76 23
30 77
67 37
76 78
20 79
80 55
35 81
82 5
68 83
56 84
83 85
23 86
87 35
88 35
89 38
62 90
75 91
5 18
85 92
5 93
94 76
83 95
96 34
97 77
98 5
39 99
30 100
85 101
66 102
103 68
30 104
94 105
103 106
107 85
108 93
22 109
110 52
35 111
35 112
30 113
114 106
32 115
68 116
45 117
118 90
116 119
117 120
121 66
122 119
123 112
91 75
