#qgen
236
614
486
550
516
68
569
652
644
639
712
598
628
469
725
54
628
637
1020
703
666
176
630
628
996
557
739
554
703
746
594
557
529
846
748
593
730
654
574
681
568
573
629
532
639
643
450
638
538
475
533
719
619
520
685
35
206
660
659
629
531
565
615
618
555
603
641
548
604
524
767
562
521
379
487
582
577
442
721
670
585
580
739
685
500
592
454
697
469
636
621
569
426
576
614
728
606
655
658
676
759
604
826
528
550
22
755
522
636
514
669
621
559
102
543
527
614
585
708
682
681
527
551
710
503
554
726
654
577
793
528
615
550
640
563
687
529
913
698
567
884
604
560
1006
595
955
691
740
493
597
293
674
664
685
689
606
425
949
514
650
677
465
557
677
994
631
637
685
389
361
974
563
648
513
630
600
747
611
580
571
660
450
583
488
592
610
656
944
530
599
676
554
461
813
678
531
530
673
872
499
598
542
517
607
668
660
620
536
618
500
598
475
625
685
841
662
643
662
586
633
733
574
508
692
561
564
436
566
522
743
799
594
555
556
643
696
555
256
0 1
1 2
2 3
0 4
3 5
5 6
0 7
3 8
9 5
6 10
5 11
1 8
5 12
5 13
5 14
1 15
5 16
5 17
18 5
10 19
2 20
21 20
2 22
23 2
24 20
25 23
26 5
27 20
28 20
29 20
10 30
31 26
32 17
3 33
34 31
5 35
36 23
37 35
38 11
20 39
34 40
41 23
39 20
5 42
43 34
44 32
45 5
46 2
5 47
48 29
37 49
50 5
23 51
52 39
8 53
54 5
39 55
56 21
39 57
23 58
8 59
60 10
61 20
62 31
20 63
64 20
39 65
60 66
67 20
68 66
69 20
5 70
71 35
72 56
73 15
23 74
75 32
76 23
30 77
67 37
76 78
20 79
80 55
35 81
82 5
68 83
56 84
83 85
23 86
87 35
88 35
89 38
62 90
75 91
5 18
85 92
5 93
94 76
83 95
96 34
97 77
98 5
39 99
30 100
85 101
66 102
103 68
30 104
94 105
103 106
107 85
108 93
22 109
110 52
35 111
35 112
30 113
114 106
32 115
68 116
45 117
118 90
116 119
117 120
121 66
122 119
123 112
91 75
95 124
90 125
126 110
63 127
94 128
26 129
130 93
114 68
106 131
37 132
97 133
114 92
35 134
135 68
136 77
137 68
117 138
139 112
137 107
5 140
141 103
134 142
143 85
143 144
100 145
83 146
137 147
148 5
77 149
150 116
90 151
20 152
153 67
154 59
155 85
155 156
85 157
158 20
83 159
160 31
161 68
162 20
163 122
103 164
165 93
54 166
164 167
68 168
169 168
119 170
171 76
120 117
172 114
173 150
135 116
174 56
68 175
112 176
177 63
178 130
75 179
146 180
155 181
182 122
20 183
184 66
185 122
186 108
187 85
188 20
189 130
190 137
38 191
103 118
70 192
161 135
138 193
68 122
193 194
195 137
185 196
85 197
198 85
119 161
56 199
198 200
201 167
118 114
202 118
203 20
204 62
205 179
178 206
207 5
118 208
209 191
83 137
56 210
211 103
150 212
213 76
30 214
215 96
216 108
217 125
218 159
219 31
220 76
221 208
222 30
223 211
224 198
114 211
225 85
114 226
227 158
228 84
216 75
47 229
194 230
90 231
103 197
168 190
232 48
109 233
90 68
234 20
235 169
