#qgen
210
654
565
648
609
737
695
789
556
503
500
680
614
767
665
504
708
559
710
765
563
561
664
609
720
625
690
632
584
531
569
679
501
526
704
555
112
529
656
687
661
682
690
482
634
463
640
600
583
607
628
724
710
707
668
638
753
552
569
587
566
821
547
493
671
554
550
708
595
540
664
714
538
591
666
614
462
524
613
667
665
621
681
516
753
764
635
494
110
321
494
647
581
621
605
290
498
532
609
717
685
643
747
568
689
612
513
608
505
590
727
736
662
474
621
475
593
629
549
543
652
605
640
633
685
890
501
806
652
692
606
658
492
434
580
481
554
698
639
476
650
734
607
500
735
130
488
502
645
649
556
622
610
604
446
656
528
1011
656
1018
534
628
550
482
493
602
688
580
565
142
696
644
404
613
635
517
923
623
556
693
652
552
754
556
901
714
532
733
764
461
710
308
584
592
529
869
602
638
715
662
441
711
609
799
652
665
605
605
664
582
778
256
0 1
2 1
2 3
4 2
3 5
5 6
7 4
8 6
8 9
10 8
11 5
12 11
13 5
5 14
10 15
5 16
16 17
16 18
3 19
20 5
6 21
22 10
23 8
16 24
25 11
26 15
10 27
28 5
29 25
30 8
25 31
2 32
33 8
9 34
21 35
26 36
37 26
38 32
35 25
21 39
26 40
5 41
42 20
2 43
10 44
45 8
46 9
10 47
48 8
14 39
49 30
50 26
45 51
52 48
53 11
54 25
32 55
35 46
56 34
27 46
56 57
26 58
59 28
60 10
42 61
5 62
55 63
64 25
65 56
66 32
58 67
68 33
37 69
25 70
71 35
72 56
35 73
53 74
5 75
47 76
5 77
48 46
12 78
79 75
45 80
81 32
30 82
30 14
35 8
5 83
84 49
85 5
86 37
11 87
88 22
14 71
89 15
44 10
90 46
8 91
56 92
40 93
85 53
22 94
77 75
15 41
6 35
95 30
96 87
97 10
98 4
99 3
74 100
101 20
96 102
33 103
104 60
31 105
106 53
78 107
33 108
109 22
87 110
111 89
112 35
113 8
114 2
57 115
25 82
60 116
74 117
104 118
119 5
31 76
13 120
121 102
48 122
25 123
24 124
46 125
39 126
26 60
47 105
12 127
48 128
42 129
130 56
35 9
86 131
132 5
113 133
62 5
32 134
86 135
117 136
82 137
102 138
121 139
140 25
138 141
142 56
121 143
144 123
145 63
18 17
1 2
146 45
147 79
148 27
126 77
3 149
84 77
150 115
113 56
151 100
31 152
120 153
25 41
42 154
70 155
30 156
25 47
157 77
69 105
158 129
56 159
15 60
160 88
40 41
109 42
86 161
115 146
25 148
63 162
163 32
71 41
63 164
89 165
141 146
166 102
167 22
168 141
32 63
169 152
47 170
146 171
172 25
22 41
156 10
76 173
101 174
42 170
175 104
26 176
177 123
178 77
91 179
146 180
128 15
181 141
182 30
183 110
100 184
185 53
22 186
141 187
109 188
105 97
189 70
190 91
69 37
101 112
75 191
182 77
192 90
138 193
116 60
194 124
195 183
104 77
35 196
104 101
132 197
163 198
199 133
156 93
200 63
56 201
74 202
203 86
204 35
113 205
33 206
154 207
5 208
209 56
