#qgen
63
575
630
684
623
486
600
487
523
581
646
518
834
548
670
553
791
454
636
739
628
593
636
628
709
569
668
531
419
679
584
563
592
608
531
568
511
629
558
593
605
688
683
699
607
618
607
711
709
683
578
634
628
541
771
526
505
641
693
656
646
560
490
664
64
0 1
1 2
2 3
3 4
2 5
4 6
7 4
8 6
6 9
10 8
11 10
12 4
13 2
11 14
8 15
11 16
17 14
6 18
14 19
20 14
21 11
11 22
4 23
14 24
25 14
26 18
6 4
4 27
14 28
11 29
30 11
14 31
21 32
28 33
34 11
30 35
14 36
37 32
38 29
32 39
40 30
29 41
39 42
32 43
14 44
10 45
43 46
47 46
14 48
33 49
35 50
51 31
52 46
53 40
54 50
30 55
56 32
54 57
35 30
58 47
16 59
43 60
14 61
47 62
