#qgen
64
548
596
684
809
550
612
562
549
666
549
615
211
778
576
619
593
661
452
843
495
509
701
556
413
566
704
423
521
613
584
511
639
678
602
758
632
751
611
639
589
633
676
605
720
445
498
567
627
241
621
697
665
587
606
559
483
614
205
606
510
712
489
452
520
64
0 1
1 2
1 3
1 4
5 1
6 2
1 7
8 0
9 1
10 1
11 9
4 12
12 13
12 14
1 15
12 16
17 12
10 18
10 19
6 20
10 21
22 12
23 7
22 24
12 25
18 26
12 27
7 28
27 29
12 30
31 1
32 7
33 26
34 3
12 35
36 12
31 37
23 38
39 12
40 6
41 1
42 7
21 43
44 24
32 45
46 23
12 47
48 24
3 49
31 50
51 43
52 20
53 12
54 7
18 55
43 56
54 45
57 43
1 58
46 59
12 60
7 61
62 1
7 63
