#qgen
126
548
596
684
809
550
612
562
549
666
549
615
211
778
576
619
593
661
452
843
495
509
701
556
413
566
704
423
521
613
584
511
639
678
602
758
632
751
611
639
589
633
676
605
720
445
498
567
627
241
621
697
665
587
606
559
483
614
205
606
510
712
489
452
520
728
608
684
551
506
568
436
694
610
629
585
615
671
617
675
640
563
612
541
538
583
541
808
530
598
638
514
560
554
385
616
584
474
686
597
590
546
618
710
668
105
786
275
558
624
641
445
615
708
729
561
609
631
726
764
659
533
630
518
433
595
667
128
0 1
1 2
1 3
1 4
5 1
6 2
1 7
8 0
9 1
10 1
11 9
4 12
12 13
12 14
1 15
12 16
17 12
10 18
10 19
6 20
10 21
22 12
23 7
22 24
12 25
18 26
12 27
7 28
27 29
12 30
31 1
32 7
33 26
34 3
12 35
36 12
31 37
23 38
39 12
40 6
41 1
42 7
21 43
44 24
32 45
46 23
12 47
48 24
3 49
31 50
51 43
52 20
53 12
54 7
18 55
43 56
54 45
57 43
1 58
46 59
12 60
7 61
62 1
7 63
64 12
26 65
66 33
67 10
10 68
66 69
70 18
12 71
10 72
64 73
74 63
68 75
43 76
12 77
78 46
57 79
80 67
81 35
12 82
83 12
53 84
49 85
3 86
87 37
31 88
9 89
23 90
61 91
92 12
26 93
94 67
95 45
76 96
97 21
63 98
92 99
100 18
93 101
102 10
103 31
89 104
102 105
106 26
61 44
107 12
95 108
7 109
7 110
111 37
20 52
26 112
106 113
114 93
43 115
57 116
117 18
118 60
119 91
120 101
81 121
7 122
123 66
10 124
125 112
