#qgen
244
548
596
684
809
550
612
562
549
666
549
615
211
778
576
619
593
661
452
843
495
509
701
556
413
566
704
423
521
613
584
511
639
678
602
758
632
751
611
639
589
633
676
605
720
445
498
567
627
241
621
697
665
587
606
559
483
614
205
606
510
712
489
452
520
728
608
684
551
506
568
436
694
610
629
585
615
671
617
675
640
563
612
541
538
583
541
808
530
598
638
514
560
554
385
616
584
474
686
597
590
546
618
710
668
105
786
275
558
624
641
445
615
708
729
561
609
631
726
764
659
533
630
518
433
595
667
554
648
610
616
566
684
636
603
566
684
494
566
604
582
723
519
461
118
650
547
688
444
713
519
694
409
492
565
498
640
579
533
576
678
674
512
577
515
677
586
581
553
564
544
565
660
606
556
279
703
632
594
662
705
548
563
686
586
571
551
518
556
600
16
685
516
623
566
669
132
665
562
597
612
601
569
530
658
715
569
607
656
657
679
669
770
670
409
509
567
672
591
597
600
596
605
609
646
540
651
534
536
622
665
937
601
609
624
496
764
368
461
402
576
582
651
685
495
256
0 1
1 2
1 3
1 4
5 1
6 2
1 7
8 0
9 1
10 1
11 9
4 12
12 13
12 14
1 15
12 16
17 12
10 18
10 19
6 20
10 21
22 12
23 7
22 24
12 25
18 26
12 27
7 28
27 29
12 30
31 1
32 7
33 26
34 3
12 35
36 12
31 37
23 38
39 12
40 6
41 1
42 7
21 43
44 24
32 45
46 23
12 47
48 24
3 49
31 50
51 43
52 20
53 12
54 7
18 55
43 56
54 45
57 43
1 58
46 59
12 60
7 61
62 1
7 63
64 12
26 65
66 33
67 10
10 68
66 69
70 18
12 71
10 72
64 73
74 63
68 75
43 76
12 77
78 46
57 79
80 67
81 35
12 82
83 12
53 84
49 85
3 86
87 37
31 88
9 89
23 90
61 91
92 12
26 93
94 67
95 45
76 96
97 21
63 98
92 99
100 18
93 101
102 10
103 31
89 104
102 105
106 26
61 44
107 12
95 108
7 109
7 110
111 37
20 52
26 112
106 113
114 93
43 115
57 116
117 18
118 60
119 91
120 101
81 121
7 122
123 66
10 124
125 112
108 126
127 94
103 128
129 1
88 130
131 113
132 56
133 63
113 134
93 114
135 113
126 136
79 137
138 124
139 1
140 124
141 12
142 46
143 121
144 125
97 145
146 37
12 147
10 148
146 149
136 150
113 151
58 1
66 152
120 150
134 150
153 31
76 154
155 99
37 156
11 157
74 158
100 159
160 91
161 43
43 162
163 64
37 164
165 125
56 166
43 167
168 113
169 73
97 170
91 171
172 61
26 173
174 128
68 175
43 176
125 177
51 178
179 161
134 180
124 181
124 182
183 112
158 184
18 100
185 26
186 12
31 187
188 113
189 124
190 130
158 191
192 168
11 193
10 194
126 195
113 67
196 61
64 197
198 145
199 156
200 154
122 7
193 201
202 112
90 203
156 37
204 54
136 205
206 12
207 194
208 66
209 147
113 210
211 37
212 168
140 213
214 61
215 213
63 216
217 194
145 218
19 219
220 172
221 154
222 31
223 108
224 12
225 97
168 226
174 227
61 228
229 124
230 180
59 46
231 18
232 61
233 89
80 234
203 235
236 105
237 64
56 238
43 239
240 178
241 93
242 239
113 220
147 243
