#query
32
V
T
V
L
A
I
S
H
L
L
S
T
V
F
G
W
D
A
L
I
A
L
N
N
M
S
V
I
L
T
T
V
128
1 0
2 1
0 3
0 4
0 5
2 6
2 7
8 4
2 9
10 0
4 11
12 5
13 0
14 3
15 8
16 8
7 0
1 6
16 7
17 13
15 1
18 8
19 2
8 3
20 5
4 21
16 15
22 6
19 23
24 18
15 22
22 11
19 5
16 11
15 25
25 20
26 25
27 8
28 25
26 11
4 6
2 20
13 2
10 21
29 17
17 18
23 28
7 21
18 12
10 30
10 4
19 11
13 12
16 13
28 12
23 15
16 27
29 21
13 18
29 16
10 8
6 25
16 22
9 20
12 11
26 12
0 22
8 11
0 11
27 31
2 0
24 22
4 25
14 11
9 6
30 0
17 22
6 20
23 9
19 9
17 0
10 29
19 25
15 4
4 20
15 0
26 0
29 4
29 25
21 11
30 29
24 16
14 20
8 31
10 26
24 0
29 15
15 21
10 22
26 31
1 25
10 17
1 21
19 0
14 4
12 22
19 12
7 22
17 19
24 12
18 0
12 31
6 11
30 7
9 25
29 7
29 22
0 31
24 15
14 22
0 6
10 11
22 21
2 4
15 6
28 31
17 2
16 0
