#query
113
K
P
S
S
Q
M
G
D
V
T
T
W
K
A
L
H
V
Y
P
F
V
E
H
V
F
V
D
T
K
H
E
M
P
T
L
L
R
G
S
R
M
E
V
N
R
V
F
P
S
N
Q
S
F
V
F
F
A
A
F
F
M
N
D
R
I
F
T
P
M
N
L
L
P
E
N
I
L
P
V
N
N
D
R
G
T
P
V
L
F
H
L
Q
K
E
S
M
K
T
G
T
I
R
A
E
A
Y
D
K
T
K
S
L
H
256
1 0
0 2
0 3
4 2
5 2
0 6
7 0
0 8
9 0
10 6
11 2
11 12
13 0
14 8
15 5
16 1
4 17
0 18
17 19
20 5
21 4
10 22
23 8
0 24
25 8
14 26
23 27
28 22
4 11
17 29
13 30
20 31
32 5
30 6
21 33
7 15
28 17
34 0
35 34
36 31
37 2
11 38
14 19
39 5
36 27
12 6
40 34
8 41
42 0
43 37
44 41
37 17
23 45
46 7
47 7
34 31
48 40
47 46
49 8
23 50
51 31
25 45
52 45
26 50
53 29
54 19
47 2
7 5
55 29
56 8
6 57
58 18
47 59
54 60
61 28
62 26
37 57
59 63
55 38
11 59
38 19
64 42
42 24
1 31
1 58
10 59
65 19
65 60
17 57
66 50
34 30
67 24
5 58
68 33
12 59
24 8
14 69
8 31
70 50
5 71
48 5
11 47
55 33
72 30
3 73
17 74
75 6
35 76
42 72
0 58
21 22
40 72
77 41
11 64
26 41
19 60
75 78
78 57
79 71
4 80
7 30
81 17
7 2
29 74
5 0
11 33
56 82
10 32
65 25
65 14
47 5
22 83
46 40
32 13
84 42
68 8
46 34
77 50
85 83
17 83
86 74
68 87
45 88
89 8
23 24
90 87
12 91
37 11
61 76
73 92
14 41
93 38
75 57
4 6
94 77
34 87
35 74
19 86
93 17
95 57
21 88
96 59
85 22
15 72
97 14
98 31
22 38
46 71
37 22
35 80
99 29
39 40
14 100
95 88
54 98
19 101
50 31
52 60
14 102
61 37
56 70
35 54
34 80
46 64
47 6
25 92
73 103
104 82
40 24
61 43
3 45
40 71
12 17
95 45
25 88
10 30
28 43
11 22
103 78
105 100
94 90
44 89
4 106
107 77
0 80
108 51
90 70
103 33
26 31
48 9
62 49
77 8
11 17
102 100
38 64
11 80
38 74
17 53
1 30
62 14
7 9
61 81
17 2
109 20
110 26
10 79
47 79
2 33
61 55
71 34
78 24
68 56
95 43
32 84
105 14
6 33
86 101
21 17
82 18
109 110
94 69
36 82
109 16
89 41
15 111
112 105
46 59
55 6
110 51
92 103
46 42
10 93
72 78
33 57
56 50
45 57
