#query
64
K
G
T
L
V
S
Y
A
N
A
N
I
Q
T
D
A
G
R
D
Q
L
W
T
V
L
I
L
G
F
K
L
A
P
K
Y
T
T
V
A
I
H
Y
A
E
W
G
L
A
S
D
A
I
V
T
A
A
D
S
V
F
I
M
A
W
128
0 1
0 2
3 0
0 4
3 5
3 6
7 3
3 8
9 7
5 10
10 6
11 9
12 4
5 13
4 14
3 15
16 3
10 17
18 8
11 19
20 14
20 21
19 22
20 1
10 23
1 24
9 20
6 25
26 9
3 27
4 21
28 6
29 9
30 24
16 31
32 2
29 33
34 33
12 35
26 36
16 5
34 37
20 38
21 39
6 38
7 33
40 5
29 41
42 3
5 8
43 22
9 35
43 44
45 17
46 35
16 47
7 15
34 44
46 22
48 26
40 8
29 19
20 0
1 21
17 49
50 7
50 44
49 6
51 25
15 36
17 52
17 14
35 21
53 17
16 33
44 20
47 3
45 54
52 4
6 39
29 6
31 41
7 10
20 23
54 14
44 0
26 18
9 2
10 54
28 47
55 34
44 23
29 18
31 19
46 12
56 15
14 38
3 33
57 34
19 45
29 44
23 21
47 20
30 58
23 39
56 7
28 18
54 13
48 53
19 34
54 51
59 42
4 37
29 7
56 60
29 59
31 60
35 27
31 13
26 61
61 44
42 6
21 24
62 51
34 35
63 37
1 6
9 10
