#qgen
229
9
2
21
32
32
2
3
31
4
2
9
1
27
3
21
30
30
21
7
17
7
4
7
26
13
20
18
24
2
18
23
32
15
6
16
29
9
20
25
27
28
20
9
7
7
24
6
15
30
25
10
24
15
2
25
29
13
14
17
5
10
19
28
17
17
30
18
9
27
15
4
23
16
24
21
15
22
27
1
27
6
10
26
24
13
28
31
11
14
28
26
9
9
19
26
25
12
30
28
17
32
24
14
28
21
7
28
22
9
22
12
19
26
20
4
6
2
12
22
19
6
11
10
25
17
27
30
19
4
15
29
24
27
13
7
1
4
9
11
29
11
18
21
1
20
10
6
27
29
29
23
12
27
2
29
17
22
32
20
5
11
15
3
8
14
27
22
7
23
32
22
18
5
7
15
30
26
29
13
20
17
19
6
4
19
10
3
24
28
13
22
27
18
6
14
23
31
5
15
25
18
13
8
17
2
6
7
14
7
27
1
18
17
13
18
3
3
28
21
17
8
29
21
13
30
10
26
14
2
256
0 1
0 2
0 3
0 4
5 0
5 6
6 7
8 7
9 2
10 1
0 11
12 7
6 13
14 4
15 13
7 16
10 17
18 6
19 7
17 20
16 21
22 3
23 12
24 12
18 25
26 2
17 27
6 28
9 29
30 4
18 31
32 11
33 7
34 20
35 11
36 11
37 20
4 38
39 7
31 40
41 6
42 7
13 43
14 44
45 12
12 46
35 47
37 48
49 24
6 50
51 29
52 13
35 9
53 8
45 54
55 49
56 11
57 23
1 58
59 27
29 60
41 48
48 61
44 62
19 46
63 6
64 62
61 65
10 66
67 10
49 68
17 69
70 19
71 2
46 72
45 73
74 20
75 24
76 25
77 61
34 78
79 70
7 80
81 46
7 82
83 69
39 84
54 21
23 85
39 86
62 87
64 88
9 89
45 90
41 91
92 36
51 93
37 89
94 27
62 95
96 48
96 97
98 87
99 76
100 1
101 52
102 38
103 29
104 87
70 105
58 11
30 106
64 107
18 108
109 90
77 110
111 6
34 112
113 111
36 114
82 115
116 79
117 11
118 96
119 23
56 120
121 25
122 87
123 107
124 60
52 125
49 126
127 61
128 45
129 25
63 130
131 116
70 132
133 107
134 102
43 135
127 136
137 11
138 135
139 13
133 140
141 97
142 19
35 143
144 98
144 62
145 1
146 58
74 147
126 148
92 149
150 11
12 151
152 60
153 148
106 89
154 136
155 54
20 156
39 157
96 89
103 158
159 24
160 31
161 76
162 156
80 163
66 65
9 66
96 77
86 164
164 165
166 36
128 116
39 167
160 168
29 169
41 170
171 60
125 172
14 173
174 8
175 135
29 176
76 177
133 178
179 139
57 180
114 25
175 181
107 182
138 163
110 183
184 140
185 179
25 186
138 187
188 86
108 189
190 148
23 6
30 191
149 192
113 45
193 167
194 10
37 195
196 13
52 177
109 197
198 156
107 68
123 199
116 200
201 108
106 20
202 66
169 66
86 203
100 204
66 60
17 48
205 55
206 197
178 207
53 208
23 185
160 126
159 209
143 210
82 211
212 163
213 184
214 46
53 14
161 215
216 54
54 217
218 183
219 121
220 186
142 221
222 221
106 223
224 60
225 120
226 133
227 145
216 228
81 24
49 135
