#qgen
123
9
2
21
32
32
2
3
31
4
2
9
1
27
3
21
30
30
21
7
17
7
4
7
26
13
20
18
24
2
18
23
32
15
6
16
29
9
20
25
27
28
20
9
7
7
24
6
15
30
25
10
24
15
2
25
29
13
14
17
5
10
19
28
17
17
30
18
9
27
15
4
23
16
24
21
15
22
27
1
27
6
10
26
24
13
28
31
11
14
28
26
9
9
19
26
25
12
30
28
17
32
24
14
28
21
7
28
22
9
22
12
19
26
20
4
6
2
12
22
19
6
11
10
128
0 1
0 2
0 3
0 4
5 0
5 6
6 7
8 7
9 2
10 1
0 11
12 7
6 13
14 4
15 13
7 16
10 17
18 6
19 7
17 20
16 21
22 3
23 12
24 12
18 25
26 2
17 27
6 28
9 29
30 4
18 31
32 11
33 7
34 20
35 11
36 11
37 20
4 38
39 7
31 40
41 6
42 7
13 43
14 44
45 12
12 46
35 47
37 48
49 24
6 50
51 29
52 13
35 9
53 8
45 54
55 49
56 11
57 23
1 58
59 27
29 60
41 48
48 61
44 62
19 46
63 6
64 62
61 65
10 66
67 10
49 68
17 69
70 19
71 2
46 72
45 73
74 20
75 24
76 25
77 61
34 78
79 70
7 80
81 46
7 82
83 69
39 84
54 21
23 85
39 86
62 87
64 88
9 89
45 90
41 91
92 36
51 93
37 89
94 27
62 95
96 48
96 97
98 87
99 76
100 1
101 52
102 38
103 29
104 87
70 105
58 11
30 106
64 107
18 108
109 90
77 110
111 6
34 112
113 111
36 114
82 115
116 79
117 11
118 96
119 23
56 120
121 25
122 87
