#qgen
63
9
2
21
32
32
2
3
31
4
2
9
1
27
3
21
30
30
21
7
17
7
4
7
26
13
20
18
24
2
18
23
32
15
6
16
29
9
20
25
27
28
20
9
7
7
24
6
15
30
25
10
24
15
2
25
29
13
14
17
5
10
19
28
64
0 1
0 2
0 3
0 4
5 0
5 6
6 7
8 7
9 2
10 1
0 11
12 7
6 13
14 4
15 13
7 16
10 17
18 6
19 7
17 20
16 21
22 3
23 12
24 12
18 25
26 2
17 27
6 28
9 29
30 4
18 31
32 11
33 7
34 20
35 11
36 11
37 20
4 38
39 7
31 40
41 6
42 7
13 43
14 44
45 12
12 46
35 47
37 48
49 24
6 50
51 29
52 13
35 9
53 8
45 54
55 49
56 11
57 23
1 58
59 27
29 60
41 48
48 61
44 62
