#qgen
63
17
14
18
32
15
7
13
14
30
24
26
27
17
23
20
14
8
14
11
13
11
12
16
7
1
23
14
30
19
9
2
11
28
32
7
11
21
1
31
12
29
5
14
30
27
9
20
10
6
3
24
7
31
29
1
3
12
30
15
16
7
21
17
64
1 0
1 2
1 3
1 4
5 4
5 6
7 5
7 6
8 0
1 9
10 6
2 11
12 11
13 6
6 14
2 15
1 16
1 17
18 9
3 19
10 20
7 21
1 22
23 21
24 16
23 25
26 23
27 14
1 28
17 29
30 27
25 31
30 32
33 11
34 31
30 35
36 6
18 37
38 21
39 9
40 23
41 6
18 42
26 43
44 35
45 31
30 46
47 38
36 48
49 3
50 42
7 43
51 29
45 52
5 53
54 6
55 42
55 56
57 38
47 58
36 59
38 60
61 36
30 62
