#qgen
61
18
8
6
30
17
23
21
24
17
23
12
15
1
13
5
2
18
23
29
26
12
18
6
12
25
13
1
6
1
21
23
25
29
2
13
12
9
5
23
27
2
6
26
27
8
18
20
4
5
8
20
3
13
4
19
6
14
7
8
2
5
64
1 0
2 0
0 3
4 2
4 5
6 5
7 3
8 4
4 9
10 2
11 3
12 8
7 10
8 13
14 12
13 15
16 10
17 8
10 18
19 6
20 0
21 19
22 15
6 23
24 9
25 11
12 9
26 10
27 4
6 28
12 29
30 29
31 18
32 13
33 18
34 8
14 35
36 33
33 37
38 30
27 5
39 6
40 19
25 41
42 28
43 16
22 44
45 15
46 38
6 47
34 48
42 49
2 44
22 50
51 4
25 52
53 47
25 54
55 47
4 56
36 57
19 58
59 3
12 60
