#qgen
245
25
4
10
17
27
8
14
27
27
6
23
6
14
22
24
2
1
11
4
27
3
24
27
17
23
7
17
10
30
28
25
31
7
19
15
30
3
4
21
13
9
5
15
10
21
29
18
31
27
11
8
14
24
15
11
10
3
30
28
23
10
14
4
11
13
4
2
29
9
21
2
9
28
19
12
5
21
11
8
28
31
11
26
8
5
7
15
6
5
1
19
18
10
1
9
9
32
26
14
23
19
16
7
30
8
11
29
19
15
8
20
14
25
9
7
13
3
8
28
5
3
19
25
6
32
2
11
7
31
16
28
27
4
28
16
5
21
30
8
7
14
19
2
17
4
6
18
13
29
14
30
16
31
14
6
5
10
14
18
16
32
14
12
8
12
13
9
11
25
20
3
29
10
10
12
25
22
6
17
1
28
30
21
6
32
1
26
11
5
32
21
6
29
1
18
17
7
30
23
3
17
13
3
22
13
9
10
15
15
28
22
11
21
21
5
21
5
22
31
29
6
2
1
8
17
6
16
23
12
29
7
28
24
19
5
15
1
24
14
24
21
13
6
4
30
256
1 0
0 2
2 3
0 4
5 4
2 6
1 7
8 4
9 8
10 2
10 11
1 12
13 0
14 6
11 15
8 16
17 16
3 18
19 5
8 20
21 6
22 15
4 23
24 12
25 11
19 26
18 27
28 17
29 28
25 30
28 31
32 22
33 31
34 24
35 24
29 36
4 37
32 38
39 15
2 40
5 41
42 12
5 43
6 44
33 45
46 42
32 47
34 48
5 49
50 49
51 6
52 20
53 30
54 15
55 45
7 2
56 51
23 57
58 30
59 57
60 17
28 61
42 62
63 16
15 64
25 65
7 66
67 19
68 20
69 30
22 70
28 71
55 72
73 28
74 40
75 37
25 55
19 76
77 18
78 31
79 19
28 80
63 81
66 82
50 83
84 57
76 85
48 86
87 10
40 88
89 42
90 29
91 78
92 15
50 93
94 8
47 95
59 96
34 30
97 68
98 11
60 99
19 100
101 80
102 7
66 103
104 30
42 105
106 101
107 57
108 87
22 109
100 110
111 65
112 8
56 113
38 114
111 115
10 116
117 51
118 48
119 62
98 120
121 37
122 84
123 45
50 124
29 125
126 8
98 127
128 8
22 129
56 130
77 30
51 3
62 131
130 132
50 43
125 133
134 128
135 124
136 106
22 137
138 113
58 139
140 30
45 141
142 110
28 143
144 57
145 37
146 91
147 1
148 16
146 149
150 108
66 151
58 152
1 153
84 154
28 151
155 11
156 116
157 100
50 158
125 159
160 26
50 161
162 20
163 19
164 42
8 165
166 152
167 66
150 168
58 169
170 118
171 37
172 26
173 159
115 174
175 70
102 176
177 116
97 166
100 178
179 65
7 180
175 181
182 66
183 113
28 125
184 84
185 62
153 186
155 187
26 188
188 189
25 190
51 191
22 192
76 193
194 59
195 7
171 196
197 41
198 75
114 199
84 200
115 201
100 202
19 203
204 3
205 15
206 155
207 114
132 208
29 209
210 124
127 211
212 120
42 213
214 164
11 28
125 215
127 216
217 188
218 158
219 127
4 190
220 4
221 157
97 222
223 72
166 224
225 62
130 226
227 30
198 228
4 229
164 230
231 80
232 22
233 166
234 100
235 195
60 236
18 183
5 237
203 238
157 239
240 137
241 20
102 242
150 243
158 244
