#qgen
119
26
7
7
32
28
23
21
28
13
29
27
31
19
24
8
12
11
25
16
21
25
10
21
3
15
12
6
27
27
18
22
20
22
16
10
17
3
10
9
22
21
30
24
22
5
31
14
12
6
16
22
9
25
8
27
7
4
14
19
17
16
8
25
17
14
19
16
6
25
4
3
12
10
19
6
22
14
1
3
18
15
30
20
31
25
14
31
26
24
5
26
12
22
32
22
19
4
6
10
28
2
27
26
17
32
15
30
5
30
19
24
5
4
15
19
8
29
23
30
128
0 1
2 0
2 3
4 0
5 2
6 1
7 3
2 8
9 0
10 5
10 11
12 10
13 5
9 10
12 14
15 11
3 16
5 17
5 18
10 19
20 1
21 2
22 6
23 20
13 24
24 25
26 19
27 24
2 28
29 2
2 30
31 2
13 32
33 25
5 34
35 1
35 36
28 37
9 38
2 39
40 10
24 7
40 41
31 42
43 38
44 34
24 45
5 46
5 47
41 48
49 34
50 8
50 51
52 2
7 53
54 34
55 0
56 52
33 57
5 50
58 3
40 59
10 60
31 61
62 26
29 21
34 63
25 64
7 30
52 65
30 66
67 28
68 5
30 69
13 70
71 0
72 17
53 73
53 8
74 28
75 46
62 76
77 44
49 45
68 78
54 79
80 16
81 73
82 53
67 83
84 1
66 85
40 86
16 87
27 88
81 89
90 48
91 80
29 92
93 65
71 94
78 95
16 33
96 83
27 97
40 98
90 87
52 99
20 100
101 3
102 1
89 103
90 104
58 105
106 47
81 107
67 38
108 77
74 109
110 10
56 111
112 79
113 106
114 6
111 115
27 116
117 0
61 118
