#qgen
62
26
7
7
32
28
23
21
28
13
29
27
31
19
24
8
12
11
25
16
21
25
10
21
3
15
12
6
27
27
18
22
20
22
16
10
17
3
10
9
22
21
30
24
22
5
31
14
12
6
16
22
9
25
8
27
7
4
14
19
17
16
8
64
0 1
2 0
2 3
4 0
5 2
6 1
7 3
2 8
9 0
10 5
10 11
12 10
13 5
9 10
12 14
15 11
3 16
5 17
5 18
10 19
20 1
21 2
22 6
23 20
13 24
24 25
26 19
27 24
2 28
29 2
2 30
31 2
13 32
33 25
5 34
35 1
35 36
28 37
9 38
2 39
40 10
24 7
40 41
31 42
43 38
44 34
24 45
5 46
5 47
41 48
49 34
50 8
50 51
52 2
7 53
54 34
55 0
56 52
33 57
5 50
58 3
40 59
10 60
31 61
