#qgen
64
16
24
27
9
26
23
32
21
11
25
18
6
32
3
3
32
12
28
14
30
28
6
15
29
31
18
4
9
32
17
32
31
16
32
19
29
29
11
7
27
21
32
23
16
22
26
29
1
6
15
12
28
27
19
10
6
2
3
9
27
4
24
24
4
64
1 0
2 1
3 1
2 4
1 5
4 6
7 4
8 3
1 9
10 1
9 11
11 12
13 4
10 14
15 10
12 16
17 1
14 18
3 6
19 9
4 20
21 13
17 22
23 4
24 1
14 25
22 26
13 27
28 6
29 21
25 30
31 22
32 19
21 33
17 34
25 35
36 6
3 37
38 3
39 8
9 40
34 41
42 4
43 17
21 44
45 34
46 4
47 22
48 22
9 49
50 42
51 27
52 38
53 33
54 36
55 41
9 56
57 25
14 58
17 59
60 10
61 4
61 62
63 42
