#qgen
244
16
24
27
9
26
23
32
21
11
25
18
6
32
3
3
32
12
28
14
30
28
6
15
29
31
18
4
9
32
17
32
31
16
32
19
29
29
11
7
27
21
32
23
16
22
26
29
1
6
15
12
28
27
19
10
6
2
3
9
27
4
24
24
4
21
18
24
13
24
30
13
11
30
25
18
18
19
5
32
21
13
24
31
17
19
6
23
8
5
2
22
22
19
1
25
5
14
2
24
24
23
22
31
10
18
30
15
3
11
7
7
24
31
27
20
27
20
8
27
20
11
29
30
10
21
7
21
26
27
6
32
16
8
5
12
6
9
32
2
27
2
4
19
9
27
6
25
11
4
30
2
5
22
20
29
10
27
10
32
12
13
9
23
8
18
32
17
15
8
28
11
5
2
32
17
20
25
13
27
32
21
2
14
27
13
13
26
1
22
24
7
11
4
31
14
3
24
1
18
23
7
19
22
19
30
21
30
18
17
21
29
2
6
15
19
10
14
32
6
13
9
19
9
5
3
17
21
14
11
20
20
7
8
17
19
14
26
21
22
7
9
6
15
27
256
1 0
2 1
3 1
2 4
1 5
4 6
7 4
8 3
1 9
10 1
9 11
11 12
13 4
10 14
15 10
12 16
17 1
14 18
3 6
19 9
4 20
21 13
17 22
23 4
24 1
14 25
22 26
13 27
28 6
29 21
25 30
31 22
32 19
21 33
17 34
25 35
36 6
3 37
38 3
39 8
9 40
34 41
42 4
43 17
21 44
45 34
46 4
47 22
48 22
9 49
50 42
51 27
52 38
53 33
54 36
55 41
9 56
57 25
14 58
17 59
60 10
61 4
61 62
63 42
41 64
32 65
66 30
67 53
68 36
36 69
66 70
44 71
72 20
73 67
74 70
75 49
76 51
77 1
78 10
12 79
80 12
81 79
56 82
73 83
51 84
85 32
61 86
61 87
68 88
89 80
90 84
91 84
92 84
93 84
94 61
56 95
96 37
10 97
52 36
98 84
57 99
100 27
51 101
81 102
25 103
48 104
67 44
105 92
106 49
107 58
108 4
65 109
110 58
77 111
53 112
13 113
6 114
115 17
116 85
92 117
118 1
82 119
120 87
108 121
73 122
77 44
123 60
124 119
125 56
126 102
127 102
127 128
15 129
130 41
102 131
43 96
132 98
133 30
34 95
134 33
135 97
36 136
108 137
138 37
139 129
140 37
141 51
142 138
57 75
21 143
116 144
59 145
122 146
80 147
148 47
66 149
140 150
124 151
152 64
153 59
154 97
155 39
60 156
157 119
158 88
49 25
17 159
56 160
62 161
55 162
91 163
22 164
95 165
63 166
66 167
87 168
169 107
170 129
171 83
172 6
153 173
52 62
74 174
128 175
148 176
177 132
27 178
140 179
101 180
102 181
27 56
182 39
151 183
94 184
178 185
73 186
187 129
14 188
140 189
13 190
73 191
192 59
36 193
187 194
130 195
110 196
92 197
198 61
199 63
192 200
66 201
39 202
203 53
154 159
204 185
205 21
206 103
13 207
208 183
17 209
132 210
4 211
62 212
95 213
119 214
215 56
216 185
217 46
218 67
219 129
61 220
221 158
222 197
223 97
224 152
126 225
225 226
227 34
228 195
73 229
25 95
38 230
231 123
232 84
213 233
234 95
110 118
97 235
110 236
77 237
238 119
21 239
81 240
188 241
242 129
243 211
