#qgen
252
19
30
26
25
31
2
24
5
13
31
15
15
27
8
23
14
26
26
19
5
21
4
21
26
6
5
29
27
1
31
16
12
21
26
21
27
26
20
29
31
13
19
15
32
10
8
16
10
6
13
12
31
28
31
18
2
2
21
32
12
24
6
23
28
5
6
24
13
8
4
23
7
32
26
30
32
30
16
22
6
20
27
2
4
21
9
21
6
21
25
17
3
5
17
16
6
7
5
24
32
18
16
4
12
9
10
15
6
2
19
24
11
10
17
3
29
28
8
15
17
17
19
32
17
30
21
10
15
16
30
10
27
25
12
28
11
13
5
22
32
10
22
26
30
9
25
3
10
18
4
13
12
19
22
13
24
2
24
11
3
4
17
25
22
27
18
23
27
15
14
26
5
14
6
19
21
14
18
3
1
2
23
25
5
29
8
22
18
27
6
2
6
31
4
24
6
1
18
7
24
32
24
13
3
32
19
8
26
22
3
4
17
16
11
22
21
26
5
6
4
11
32
16
10
32
29
22
15
25
15
23
32
17
4
9
6
14
14
13
19
1
27
3
27
16
11
9
11
14
5
2
9
256
0 1
2 1
1 3
4 1
5 1
6 1
7 1
8 1
9 1
10 1
11 1
12 1
7 13
14 1
15 1
16 1
7 17
1 18
19 1
1 20
21 1
22 18
23 1
1 24
13 25
26 1
27 1
28 24
29 18
24 30
31 1
17 32
33 22
34 1
34 35
36 30
34 37
38 29
39 1
40 38
41 1
42 38
34 43
44 1
45 36
46 1
36 47
37 48
49 1
4 50
42 51
52 30
53 1
49 54
32 55
56 47
34 57
58 42
47 59
60 1
29 61
56 62
63 43
56 64
65 18
66 40
67 48
68 66
17 69
70 59
70 71
37 72
58 73
56 74
75 45
45 76
77 62
78 1
1 79
80 71
34 81
82 62
34 83
84 38
85 51
86 57
87 85
77 88
27 89
90 64
91 83
48 92
93 51
94 51
95 38
69 96
97 88
98 85
70 99
100 1
101 74
70 102
103 48
54 104
77 40
105 85
106 93
103 107
108 94
95 109
110 96
111 1
68 112
113 1
114 50
112 115
116 77
117 50
118 104
119 96
120 110
98 121
122 29
64 123
42 124
58 125
126 1
127 28
128 43
129 94
130 33
117 131
132 47
133 71
134 51
72 135
45 136
137 22
68 138
137 139
140 122
45 141
142 1
66 143
48 144
145 64
58 146
147 119
101 148
149 38
94 150
151 94
137 152
153 105
144 154
155 20
156 149
157 146
158 40
45 159
98 160
56 161
162 1
125 163
117 164
165 66
166 49
167 148
74 168
169 105
170 148
56 171
132 172
151 173
106 174
165 175
55 176
151 177
178 136
179 148
178 180
66 181
77 182
153 183
161 184
66 185
166 186
187 154
50 188
19 189
190 189
137 191
70 192
193 1
98 194
185 195
74 196
125 197
198 161
199 135
200 56
140 201
202 175
192 203
122 204
104 205
206 183
207 161
83 208
137 209
134 210
83 211
197 212
208 213
56 214
215 168
68 159
216 38
217 140
98 218
219 47
220 143
43 221
102 172
149 222
223 128
98 224
223 225
66 140
68 226
151 227
228 104
215 229
137 230
98 231
232 124
233 18
77 234
88 235
99 236
237 221
238 224
167 239
206 240
223 241
217 242
243 151
244 50
245 232
77 246
159 138
247 38
248 224
164 249
128 250
251 146
