#qgen
129
19
16
16
9
9
17
8
11
25
17
30
17
20
10
24
11
11
22
24
8
6
10
23
21
30
3
24
1
29
26
17
4
6
21
5
12
4
19
27
19
10
5
6
10
19
22
16
21
15
2
13
15
23
26
15
25
5
10
18
10
5
17
32
19
16
21
4
18
21
2
20
17
19
1
16
11
1
18
18
1
31
30
26
8
7
17
22
9
9
30
4
16
26
17
17
20
6
16
18
14
31
20
30
25
29
15
24
22
5
2
25
21
17
8
32
10
13
18
10
27
26
26
21
10
6
9
18
7
27
128
0 1
0 2
3 2
4 3
4 5
6 2
7 3
8 2
9 2
1 10
11 5
3 12
13 9
14 9
6 15
5 16
11 17
18 6
7 19
20 18
21 7
22 3
23 18
20 24
5 25
26 22
15 27
22 28
11 29
30 2
31 22
32 22
5 33
17 34
35 22
36 3
37 21
6 38
39 7
40 23
41 6
42 25
43 42
3 44
21 45
18 46
17 47
8 48
49 38
50 35
51 7
52 9
50 53
54 51
54 55
4 56
46 57
58 22
59 51
60 6
61 25
62 40
63 54
64 42
65 7
41 66
67 52
54 68
69 54
70 2
37 71
72 68
73 54
74 37
75 3
76 21
77 74
78 30
42 79
64 80
14 81
58 82
83 81
7 84
58 85
86 81
15 87
41 88
34 89
4 90
54 91
92 84
65 93
94 45
57 95
96 79
97 7
98 37
64 99
90 100
41 101
102 15
92 103
17 104
75 105
99 106
107 54
74 108
109 40
110 2
51 111
112 61
113 82
51 114
75 115
47 116
46 117
96 118
119 100
120 93
121 102
54 122
123 85
124 68
110 125
37 126
50 127
124 128
