#qgen
218
7
9
22
6
18
23
10
30
4
10
25
30
5
19
5
2
2
9
29
30
13
21
21
6
4
16
2
30
6
19
19
30
4
30
30
30
22
21
24
16
5
26
14
2
2
27
28
17
30
12
31
25
10
7
5
21
5
14
29
4
16
8
32
8
10
20
18
22
25
21
11
23
7
14
32
7
17
28
23
5
25
1
18
30
15
27
23
1
4
1
18
24
4
6
17
1
8
8
2
32
9
28
26
28
30
21
3
18
29
29
30
15
32
30
2
24
2
2
4
11
30
25
17
25
27
15
16
15
15
3
5
2
6
22
3
7
16
15
21
29
25
28
27
30
26
22
7
2
31
24
26
27
26
1
5
9
26
29
14
26
17
11
15
19
11
25
13
25
25
24
32
25
6
19
1
5
11
29
1
8
10
16
2
4
4
7
2
11
12
16
20
4
21
32
21
21
28
30
7
23
13
21
13
8
21
8
28
20
22
22
4
29
1
5
4
7
11
10
256
0 1
0 2
3 1
2 4
3 5
0 6
3 7
8 4
9 6
10 8
9 11
8 11
9 12
11 13
12 14
15 6
0 16
16 17
18 4
15 19
17 20
2 21
15 13
21 22
8 23
5 6
1 24
25 22
5 26
25 27
28 22
16 29
30 28
9 31
3 32
33 23
13 34
22 35
10 23
36 2
37 21
7 38
39 34
17 40
2 19
29 41
42 37
2 43
29 44
8 45
36 46
23 40
16 47
48 19
49 22
50 35
51 32
52 24
31 53
54 43
41 21
38 19
55 17
20 56
36 57
25 58
59 2
59 60
3 45
61 20
62 4
36 63
33 64
57 65
66 65
36 67
68 37
60 69
70 41
17 71
5 72
31 73
49 74
75 26
59 76
10 77
5 78
33 79
80 46
81 48
82 19
83 79
84 79
58 43
85 26
86 48
86 87
88 32
89 50
2 90
60 91
58 92
54 93
19 94
95 51
96 54
73 97
17 34
98 47
36 99
36 100
54 101
102 79
9 103
104 96
60 105
36 22
3 77
7 106
83 107
66 108
59 32
83 109
64 110
89 111
15 112
24 113
87 114
51 115
116 87
117 94
118 21
52 119
52 120
121 41
122 6
13 123
19 124
25 125
70 126
60 97
127 71
128 24
41 129
84 130
22 131
85 1
132 121
66 25
42 11
133 91
134 115
47 135
69 136
137 60
33 138
86 139
140 94
36 15
141 26
142 73
139 143
50 140
12 144
55 145
146 110
70 19
147 73
148 145
149 47
25 150
68 151
59 1
152 52
153 133
99 154
81 155
156 140
157 89
158 125
8 1
59 159
160 107
161 54
6 162
36 163
164 98
165 114
31 5
166 124
161 167
89 168
169 121
54 170
171 110
36 172
173 32
147 174
175 139
31 106
36 176
8 17
117 177
117 40
69 178
98 179
4 180
33 16
85 181
182 110
164 183
86 136
24 150
184 107
3 15
31 110
173 185
116 186
187 182
0 69
188 79
189 181
190 100
191 47
54 192
54 193
194 89
195 94
196 40
197 68
198 150
86 199
200 79
201 91
202 155
203 202
36 204
165 205
17 206
157 207
97 177
7 110
70 180
208 140
132 209
138 77
208 210
124 139
32 144
206 211
125 212
138 213
199 214
215 52
13 216
52 217
