#qgen
65
19
16
16
9
9
17
8
11
25
17
30
17
20
10
24
11
11
22
24
8
6
10
23
21
30
3
24
1
29
26
17
4
6
21
5
12
4
19
27
19
10
5
6
10
19
22
16
21
15
2
13
15
23
26
15
25
5
10
18
10
5
17
32
19
16
64
0 1
0 2
3 2
4 3
4 5
6 2
7 3
8 2
9 2
1 10
11 5
3 12
13 9
14 9
6 15
5 16
11 17
18 6
7 19
20 18
21 7
22 3
23 18
20 24
5 25
26 22
15 27
22 28
11 29
30 2
31 22
32 22
5 33
17 34
35 22
36 3
37 21
6 38
39 7
40 23
41 6
42 25
43 42
3 44
21 45
18 46
17 47
8 48
49 38
50 35
51 7
52 9
50 53
54 51
54 55
4 56
46 57
58 22
59 51
60 6
61 25
62 40
63 54
64 42
