#qgen
236
11
28
28
9
2
4
9
8
11
22
9
13
21
30
24
29
2
9
18
18
7
12
26
22
12
17
3
32
21
7
8
18
5
12
10
12
25
5
19
27
21
7
30
27
2
19
3
32
11
7
20
9
3
16
26
27
2
30
24
5
6
29
20
29
2
6
23
27
25
5
11
21
28
6
29
9
30
10
7
29
16
5
21
32
26
21
4
20
18
16
5
10
22
21
20
13
1
4
17
22
10
30
6
22
27
18
7
28
29
8
25
14
1
22
9
20
22
3
32
30
26
11
10
23
24
21
9
14
7
16
19
27
23
32
20
1
27
13
12
8
28
8
21
26
7
17
11
27
22
20
22
6
4
8
19
21
17
10
21
1
19
21
21
29
30
24
5
26
30
16
29
31
20
21
28
3
2
10
24
4
18
13
1
7
8
16
29
28
1
17
17
6
26
19
28
28
10
18
30
8
19
19
3
25
2
32
9
18
21
10
11
30
29
20
16
12
10
5
8
17
4
30
3
27
6
16
13
10
13
3
23
15
9
25
20
17
256
1 0
1 2
3 2
4 3
5 2
1 6
7 6
8 5
1 9
10 9
8 11
12 8
13 6
12 14
2 15
7 16
17 9
18 17
12 19
20 10
21 6
22 7
23 7
4 24
25 7
18 26
27 18
28 7
6 29
30 3
18 31
18 32
28 33
34 13
17 35
36 10
18 37
8 38
28 39
23 40
41 5
42 17
43 4
25 44
45 16
46 7
47 37
42 48
5 30
18 49
50 10
18 51
27 52
27 53
54 25
41 55
56 53
57 52
47 58
59 10
57 60
18 61
42 62
63 52
64 35
65 56
66 62
56 67
62 68
48 69
19 70
65 71
72 62
26 73
74 32
73 75
76 31
77 73
61 78
79 32
24 80
65 81
82 47
83 52
17 84
82 63
85 10
16 86
61 87
88 71
89 26
90 58
91 83
64 92
43 93
42 94
95 48
96 32
97 93
98 37
76 99
100 25
27 101
102 63
43 103
104 52
105 61
106 61
48 107
27 108
82 109
61 110
99 111
27 112
104 113
114 109
115 93
116 111
116 117
118 58
89 119
28 120
109 121
77 122
123 93
124 32
102 125
18 126
127 54
128 99
51 129
130 2
131 110
63 132
76 133
64 26
134 99
135 125
82 136
137 11
138 26
47 113
72 139
140 133
60 141
63 107
142 121
27 143
144 57
123 145
146 72
142 147
144 148
58 148
84 149
150 104
72 88
151 58
152 111
153 110
154 10
150 155
156 111
157 139
158 68
159 48
152 160
161 26
162 43
163 86
164 32
56 165
115 166
161 97
47 167
168 165
169 151
22 170
102 26
46 171
157 172
91 173
37 174
154 175
136 176
111 153
102 177
45 108
162 155
61 178
150 179
159 180
57 181
100 182
183 140
184 108
136 185
186 132
187 117
160 188
56 45
189 138
31 190
157 176
99 61
62 191
192 155
40 193
194 68
195 167
66 196
56 197
79 198
85 199
200 27
146 32
192 201
125 202
61 160
203 167
175 204
21 205
206 147
27 207
165 116
99 208
134 209
135 66
43 210
63 176
211 39
68 212
194 213
214 52
215 28
216 51
217 93
186 218
219 69
149 188
156 220
221 115
187 222
223 19
224 191
199 225
226 43
186 227
117 228
229 84
230 148
231 89
232 90
233 87
100 234
235 204
