#qgen
120
24
8
17
5
5
20
7
1
11
27
16
19
1
9
12
7
13
23
17
18
26
28
9
9
25
29
6
27
6
6
14
25
8
22
4
26
29
12
26
26
5
30
9
21
22
31
30
21
31
11
18
2
15
24
12
16
1
27
17
22
16
21
17
3
5
15
3
22
10
3
3
30
21
2
5
21
2
26
25
3
14
16
28
22
11
5
18
7
11
21
17
30
16
27
10
16
32
22
20
28
30
6
5
11
27
5
22
11
21
11
4
17
28
7
1
22
15
9
20
6
128
0 1
0 2
3 1
3 4
0 5
6 1
0 7
8 5
8 9
9 10
11 10
3 12
3 13
5 14
15 1
16 9
17 4
12 18
19 14
20 15
6 21
22 8
6 23
6 24
25 4
10 26
27 11
28 1
23 29
30 10
31 15
23 32
12 33
16 34
35 23
36 19
37 28
25 38
6 39
40 29
25 41
42 5
39 43
36 44
45 26
0 46
25 47
41 48
38 48
49 15
37 33
6 50
40 51
52 51
26 53
0 54
55 26
56 51
3 57
11 58
22 59
60 33
61 51
45 62
0 63
64 31
65 17
66 47
7 67
68 30
69 30
46 70
71 40
72 26
36 73
9 74
27 53
75 74
76 74
77 7
78 24
46 79
30 21
75 5
46 80
54 81
6 82
45 4
83 51
10 82
84 23
0 38
56 85
86 10
87 63
88 60
89 53
0 90
91 38
68 92
93 39
94 83
95 40
96 4
97 24
98 92
99 19
56 100
95 101
19 102
71 103
104 26
105 82
104 106
107 34
88 41
71 108
42 109
110 47
36 111
112 58
80 113
114 36
115 28
100 116
117 10
114 118
57 119
