#qgen
233
22
4
25
6
1
1
6
21
4
4
10
32
16
30
11
20
19
5
19
8
4
24
19
12
21
27
20
20
16
7
25
27
24
26
11
13
12
7
12
14
9
12
24
7
30
3
30
27
25
30
8
20
27
24
31
16
15
26
13
15
24
26
3
13
21
16
3
12
21
29
15
30
22
8
13
24
18
6
3
15
5
3
19
4
11
29
25
18
6
26
14
23
18
23
18
2
29
17
31
31
4
19
5
10
30
28
12
22
28
4
21
18
29
18
21
22
19
5
25
7
18
23
23
32
15
3
7
17
17
14
15
4
9
2
17
24
15
3
4
10
19
7
5
7
9
17
26
6
28
10
17
26
3
26
10
17
31
1
29
29
26
2
1
26
2
10
15
10
7
12
17
2
10
27
6
27
32
25
26
10
20
20
30
31
29
25
13
27
2
19
4
31
4
31
24
22
14
9
2
27
15
2
7
28
23
27
21
30
27
11
8
25
31
28
13
31
13
20
26
30
32
29
24
32
25
5
12
1
14
23
25
1
22
256
1 0
2 0
1 3
4 2
5 4
5 6
4 7
8 0
9 5
7 10
11 5
12 5
13 12
14 5
15 10
4 16
5 17
9 18
19 5
11 20
21 5
22 17
7 23
18 24
18 25
26 12
18 27
23 28
29 24
7 30
26 31
32 5
14 33
33 34
35 34
13 36
14 37
38 5
14 39
36 40
41 30
29 42
11 43
34 44
42 45
46 40
47 36
5 48
49 13
47 50
51 28
52 23
42 53
54 43
14 55
56 28
18 57
58 52
59 17
9 60
61 9
62 9
15 63
38 64
9 65
66 14
67 63
68 34
21 69
70 23
71 27
72 5
73 5
74 43
75 59
76 72
38 77
40 78
5 2
62 79
38 43
80 43
18 81
25 82
83 34
84 40
72 85
63 86
87 37
14 35
88 75
89 51
26 90
11 91
92 17
36 93
32 43
14 94
95 87
62 96
97 42
29 98
67 99
100 50
101 100
47 102
103 48
52 104
105 104
52 106
30 107
58 108
51 7
61 109
110 94
58 111
112 111
113 78
101 27
114 52
115 98
14 116
117 6
14 118
119 28
120 28
121 63
122 74
47 123
124 55
31 125
126 103
97 127
116 128
129 46
97 130
131 51
105 132
28 133
52 134
41 52
135 64
136 117
49 137
137 138
97 139
113 118
140 137
141 44
11 78
62 142
23 143
94 27
68 144
38 145
146 63
101 147
112 122
148 7
149 16
36 150
151 42
152 149
153 4
154 34
53 155
108 156
157 99
121 28
150 158
159 5
79 160
70 161
146 162
163 138
164 71
165 97
112 166
79 71
167 155
168 131
169 147
14 170
168 171
61 172
62 173
76 174
175 11
176 27
88 177
38 32
178 74
179 138
180 27
108 75
4 181
95 182
26 183
184 111
129 185
18 186
125 187
35 188
189 100
190 103
10 191
186 192
193 26
146 194
79 195
12 149
196 100
197 50
198 27
199 100
183 117
100 200
201 186
134 202
203 131
204 86
205 172
12 161
54 37
5 206
207 98
38 208
209 103
210 128
170 211
212 42
150 213
100 214
87 215
54 216
9 217
97 218
61 49
219 37
220 40
134 221
52 117
222 155
223 191
224 86
225 51
104 226
227 194
38 104
228 34
229 117
230 131
178 5
134 231
177 172
232 6
