#query
64
I
T
N
F
K
S
S
S
C
K
L
A
S
P
N
F
R
M
R
H
M
Q
V
K
T
E
Y
F
Y
N
I
I
K
A
G
Q
E
D
L
F
D
I
S
I
M
A
S
A
C
F
F
T
I
R
Y
P
L
K
P
T
L
M
A
F
256
1 0
2 1
3 0
4 3
5 3
6 0
2 7
2 8
9 0
10 0
11 7
12 1
13 8
14 0
10 15
16 7
2 17
18 3
1 19
20 3
9 21
20 22
6 4
8 23
12 21
5 24
12 25
24 26
27 26
28 0
20 11
21 26
13 29
6 9
5 20
30 16
6 25
31 22
10 32
33 3
8 7
2 34
30 35
24 19
36 12
10 37
38 35
10 39
8 11
8 40
28 6
41 3
42 3
17 8
43 1
3 26
4 25
23 44
31 40
3 37
45 43
38 40
46 42
17 7
36 46
10 5
5 47
34 48
14 24
43 15
33 19
16 38
36 9
31 49
38 19
50 32
18 51
13 52
49 52
10 46
19 52
53 12
29 54
6 55
38 7
56 11
57 43
53 43
23 38
28 23
36 57
2 48
53 50
28 16
53 46
2 19
1 49
7 40
57 51
58 7
24 22
41 27
28 51
10 24
40 22
5 0
28 9
40 15
47 23
58 19
42 57
53 15
32 22
56 34
46 45
45 5
18 5
18 39
5 50
23 54
36 14
13 17
28 35
37 51
33 26
20 56
3 9
59 52
2 56
16 12
10 43
41 47
45 51
10 18
42 39
18 43
49 60
2 21
47 26
57 3
15 32
35 39
10 47
45 42
10 19
24 3
28 48
23 50
33 39
48 38
45 18
61 19
28 55
37 9
41 33
33 20
18 57
19 49
27 56
25 9
9 40
47 7
56 22
60 26
23 40
38 39
55 44
19 15
4 43
8 16
14 39
11 48
30 48
45 0
33 56
47 54
23 7
34 38
6 12
55 9
37 12
56 19
20 19
23 0
28 3
19 50
8 48
5 27
5 26
27 39
46 60
9 7
51 43
58 22
16 44
12 9
39 57
10 62
56 52
28 7
25 15
61 56
30 1
19 26
44 57
19 32
5 57
7 26
47 20
43 25
16 1
17 38
30 7
2 28
24 47
44 37
2 11
28 4
39 0
34 11
35 7
5 39
23 34
20 52
10 57
50 22
2 52
63 5
12 15
21 32
3 51
46 43
13 48
33 23
58 49
20 50
28 44
46 50
36 0
29 52
4 57
13 59
44 1
50 60
10 3
11 54
63 24
37 25
14 5
34 54
27 44
3 12
57 0
49 62
51 25
61 30
