#query
32
E
P
T
Y
G
L
F
R
Q
G
A
K
S
M
M
L
F
W
S
P
E
S
S
V
N
F
M
E
N
R
E
K
128
1 0
2 1
3 0
4 0
4 5
6 1
7 1
2 8
0 9
7 10
11 3
12 11
2 0
7 13
10 14
15 1
16 8
7 14
17 15
11 13
5 18
14 8
19 3
20 3
21 3
14 0
21 13
5 0
22 0
16 23
11 8
20 7
13 24
7 0
25 18
26 25
19 27
12 27
22 19
17 24
26 9
24 18
11 24
19 28
13 3
17 23
17 25
11 27
28 29
29 0
25 30
30 0
16 0
1 29
2 13
12 16
31 12
16 14
26 23
15 23
22 13
29 9
25 24
3 29
5 27
17 8
17 0
26 1
19 7
25 0
2 14
17 26
16 26
2 10
19 29
4 24
24 9
4 30
17 12
5 9
16 2
13 0
17 13
21 14
17 18
21 1
16 24
11 19
19 14
15 25
23 24
2 21
21 0
28 3
28 7
16 27
14 25
28 13
26 29
29 24
5 12
6 21
26 24
14 3
4 9
1 25
2 24
1 23
5 11
11 16
3 8
22 20
10 1
20 28
20 2
5 31
31 16
4 18
17 30
11 0
17 1
19 13
22 29
29 25
12 8
21 25
12 9
30 18
