#qgen
63
626
600
550
814
506
622
599
646
741
724
505
634
440
603
443
429
557
648
113
655
578
526
516
652
683
172
641
583
718
947
570
366
634
545
626
605
554
637
549
640
515
903
663
544
654
696
516
522
601
427
609
498
648
531
673
644
643
564
711
607
604
613
674
128
1 0
1 2
0 3
4 3
5 1
6 3
7 2
3 8
1 9
2 10
3 11
12 1
13 3
14 1
15 2
16 1
17 3
3 18
1 19
18 3
3 20
3 21
22 3
1 23
24 3
1 25
7 26
3 24
21 27
28 16
3 29
30 2
1 22
3 31
1 32
33 2
34 2
3 22
24 14
3 35
7 36
2 37
21 3
3 38
3 27
0 1
39 3
40 1
3 17
36 7
16 41
42 16
2 7
43 3
28 41
44 26
8 3
7 44
37 2
35 3
45 3
14 27
46 28
40 3
2 26
1 28
1 47
48 3
49 3
26 44
3 0
50 2
23 1
31 3
51 16
52 3
53 3
3 23
36 26
1 45
2 34
23 3
41 28
3 54
44 2
16 28
3 46
52 48
55 3
14 24
3 40
56 2
57 3
3 58
2 1
26 36
3 45
59 1
3 43
60 1
1 16
3 6
3 55
61 1
25 1
2 30
28 48
44 7
27 14
5 3
21 14
1 40
3 51
27 3
20 3
24 4
3 39
1 41
19 3
9 1
41 16
2 56
3 62
3 57
16 42
51 3
2 44
36 2
