#qgen
118
626
600
550
814
624
644
388
706
643
515
642
619
601
633
427
488
654
43
520
903
572
485
696
692
557
650
718
607
560
600
605
673
522
516
545
575
705
565
365
169
516
586
638
531
578
544
840
655
600
583
500
532
526
996
498
655
604
634
498
603
471
603
798
607
541
554
648
521
640
78
647
641
640
683
669
570
617
506
619
681
397
542
443
564
505
652
440
690
619
645
592
567
663
613
622
429
543
763
1006
532
113
691
453
637
526
584
571
172
557
643
609
646
674
626
569
947
648
711
256
1 0
1 2
0 3
4 3
3 5
6 3
3 7
3 8
1 9
3 10
3 11
3 12
13 3
3 14
3 15
16 2
17 3
3 18
19 1
20 3
3 21
3 22
23 3
24 1
25 3
1 24
26 12
3 27
25 28
26 29
30 3
3 31
1 32
33 3
2 34
3 35
3 25
36 3
20 37
3 38
24 19
3 39
9 3
40 3
41 3
0 1
8 42
3 43
44 3
21 24
28 30
45 28
3 46
47 3
48 37
49 37
37 5
42 24
3 50
51 3
52 17
28 26
42 53
24 54
3 55
56 1
1 57
22 3
58 3
59 37
3 0
3 60
3 44
8 55
30 37
12 26
37 6
61 3
37 62
63 1
3 64
65 16
66 39
67 3
3 68
31 69
70 3
71 65
72 11
37 30
27 3
14 3
8 73
74 3
2 75
76 48
4 24
3 77
78 3
34 2
1 22
79 3
80 3
3 81
65 2
3 74
82 52
30 69
38 60
83 28
53 38
2 84
37 3
26 28
72 13
37 69
85 3
1 86
28 87
3 54
43 88
3 53
89 3
90 3
69 38
15 73
3 91
92 3
37 59
37 91
7 3
38 69
3 88
69 84
93 78
3 85
3 45
49 82
86 1
82 76
5 37
62 64
1 94
89 83
6 37
19 26
37 29
2 95
24 26
96 3
3 97
98 3
87 28
30 28
69 72
21 3
3 99
3 73
52 49
82 1
84 69
3 62
80 43
95 2
3 100
38 53
101 3
3 76
25 13
102 3
3 69
3 66
66 3
3 58
103 2
71 89
104 71
64 61
104 88
11 72
3 105
3 106
107 1
1 93
73 88
89 71
4 89
3 108
94 1
43 3
3 51
78 93
71 16
109 2
9 1
37 76
69 74
76 3
26 1
68 3
110 83
3 23
21 89
5 3
13 83
62 37
3 17
60 3
26 19
3 37
93 1
73 77
64 3
111 2
88 80
112 3
1 82
99 3
19 24
2 103
60 69
113 69
47 1
87 3
1 85
3 59
3 61
71 111
17 52
3 29
46 3
16 65
83 13
2 1
73 82
3 72
42 82
3 36
25 83
114 3
106 3
106 28
115 3
73 53
88 43
59 3
3 13
52 82
48 76
53 73
73 89
28 25
37 49
116 89
3 117
38 73
