#qgen
62
583
622
580
605
816
637
558
699
616
565
456
713
736
674
579
737
549
557
705
133
699
476
625
487
499
763
470
528
568
607
640
584
485
622
1000
633
490
480
499
539
525
644
631
655
524
535
722
695
692
584
656
700
499
559
530
549
664
483
515
579
1011
546
128
1 0
2 1
3 1
4 1
1 5
6 1
1 7
8 3
9 1
1 10
11 1
1 12
13 2
1 14
5 15
6 15
12 1
16 1
1 4
17 1
3 18
5 1
19 1
1 6
20 1
1 21
22 1
0 23
9 5
24 0
25 1
26 1
19 27
1 28
1 26
29 1
0 30
31 1
1 32
33 1
15 6
22 34
8 35
36 1
1 37
38 1
39 1
2 13
1 40
35 3
1 41
0 42
43 1
0 44
1 45
15 0
1 3
39 17
1 25
44 0
0 27
46 1
5 6
34 47
9 15
41 35
37 1
35 8
48 1
6 30
49 1
1 36
5 30
1 50
30 15
15 30
17 27
1 2
14 1
1 51
0 52
53 13
1 39
51 1
27 39
54 1
55 1
1 54
1 38
56 1
1 16
1 57
1 53
53 58
1 19
39 27
47 34
15 5
5 9
7 1
50 1
1 49
6 5
1 55
59 1
57 1
27 0
1 46
27 19
32 1
60 1
34 22
53 1
45 1
1 47
1 61
0 24
8 41
47 1
1 17
1 56
9 48
30 6
40 1
9 6
42 0
1 33
18 3
