#qgen
110
614
486
550
516
68
569
554
788
676
708
543
644
615
638
509
741
551
665
639
598
597
644
685
520
124
647
501
736
475
628
490
748
639
556
763
637
505
46
234
627
628
529
612
724
759
556
802
619
243
552
465
558
666
721
469
912
559
420
401
597
681
638
591
996
618
562
733
699
727
346
580
560
176
596
608
429
501
725
491
643
731
602
630
630
541
588
520
552
538
563
747
719
628
704
622
556
575
681
580
709
713
619
113
529
478
403
734
811
564
579
256
0 1
1 2
2 3
0 4
3 5
5 6
0 2
2 7
8 5
9 5
4 3
1 0
5 10
3 11
5 12
13 0
14 3
5 15
5 16
11 13
1 11
17 14
18 0
1 3
19 5
19 20
5 21
22 5
23 6
24 12
25 5
26 18
12 5
27 0
24 28
29 2
30 11
31 29
5 32
33 5
18 29
9 34
35 5
7 2
19 36
37 15
5 38
39 0
1 40
11 39
41 22
3 13
42 5
27 29
5 43
5 44
45 24
46 5
47 22
48 5
5 49
5 34
50 5
13 18
5 20
5 48
38 19
51 41
5 52
51 53
5 54
11 1
13 29
36 22
5 55
56 5
57 7
58 5
59 5
12 60
51 59
5 61
19 28
9 62
63 2
58 40
64 16
58 56
5 65
66 5
29 5
9 45
19 38
29 39
67 0
47 68
1 14
25 43
69 34
70 5
24 67
18 1
71 5
5 47
72 39
15 22
19 22
5 73
56 58
69 74
74 34
75 47
5 76
64 5
77 5
10 5
5 37
59 78
5 79
13 80
81 5
24 45
68 82
71 79
67 9
83 72
76 47
12 62
84 24
52 19
47 43
6 5
85 22
5 86
82 22
62 9
40 30
5 19
67 24
22 82
5 87
53 9
14 11
9 61
48 66
43 88
89 29
11 0
88 24
90 72
27 14
84 91
22 45
11 29
71 68
1 39
9 53
85 41
14 27
92 2
93 5
94 5
62 12
95 88
80 11
3 89
12 9
5 8
96 5
26 2
97 45
29 18
15 76
5 98
99 82
78 5
88 95
29 45
28 5
24 84
24 22
57 100
68 22
5 101
91 5
39 18
38 5
42 37
62 5
45 102
66 48
28 82
2 100
23 5
43 25
15 103
98 5
11 2
67 29
39 92
5 24
12 68
43 5
29 31
80 30
5 104
105 93
30 39
84 72
37 5
32 5
18 106
5 107
97 82
68 47
18 14
16 68
2 13
5 93
59 85
53 82
45 0
56 15
108 67
86 5
5 72
34 9
29 67
69 5
3 27
104 5
19 10
30 18
29 89
39 3
5 22
74 86
67 3
78 82
61 82
13 11
21 5
39 11
97 23
74 5
5 90
5 33
53 51
57 5
54 5
34 69
5 88
9 103
5 109
2 72
37 42
