#qgen
105
654
565
648
609
737
695
294
717
581
723
500
656
501
554
468
634
455
581
711
691
666
595
665
80
666
648
839
621
504
592
470
747
606
634
440
474
540
606
598
626
578
685
556
677
622
821
509
657
526
605
598
604
717
595
639
703
533
570
513
720
619
686
525
662
567
711
566
568
715
574
694
572
573
584
623
608
476
517
731
563
535
466
679
529
551
475
733
545
626
566
805
629
550
616
487
673
638
202
503
692
411
560
509
1005
625
256
0 1
2 1
2 3
4 2
3 5
6 3
7 2
8 5
9 4
5 10
4 3
9 11
12 3
2 13
5 14
15 2
16 14
17 16
1 18
4 19
4 20
21 5
4 22
14 17
23 7
14 9
24 4
3 25
26 18
27 3
17 28
0 29
30 3
31 3
10 32
16 28
33 16
24 28
34 14
35 8
36 15
2 37
5 31
0 38
39 3
3 40
41 3
42 3
43 2
4 44
14 16
32 10
31 45
46 41
4 47
43 8
47 16
18 48
49 17
31 10
47 50
26 9
51 11
52 3
28 23
18 1
41 53
54 5
55 43
56 14
48 47
16 49
34 17
16 4
50 16
42 38
57 15
58 31
2 17
56 24
2 59
48 20
60 3
61 49
62 17
10 58
35 5
5 3
22 2
1 63
24 64
2 65
66 13
3 67
68 4
69 3
4 70
3 71
72 17
73 2
46 27
14 34
24 56
4 62
48 44
74 3
2 75
5 50
65 76
3 77
1 78
51 0
40 79
4 17
80 60
8 81
28 76
5 82
48 18
83 40
11 5
4 64
84 48
85 49
9 26
48 2
0 86
20 84
4 50
22 28
76 28
56 64
2 87
28 4
3 4
72 50
15 36
4 36
4 88
50 11
7 23
4 9
13 49
3 12
14 89
9 14
17 34
80 2
83 31
2 48
85 50
2 20
90 4
31 32
55 66
28 89
42 84
56 91
4 92
83 82
87 15
59 50
55 85
17 66
3 41
0 26
88 8
24 36
4 56
64 20
93 0
84 20
46 94
16 13
81 31
4 13
48 95
96 3
5 88
17 55
4 84
97 3
18 86
49 16
50 84
25 11
94 2
25 40
98 4
5 32
23 28
99 40
67 3
15 87
91 4
43 4
16 47
25 77
60 80
44 30
79 3
91 64
4 72
80 73
31 5
65 66
4 95
3 53
20 2
17 72
73 28
72 4
31 77
4 100
45 77
28 17
65 23
59 101
102 2
66 55
4 59
33 43
53 25
17 9
3 46
61 50
31 83
64 24
50 14
22 89
88 4
77 25
73 16
17 89
91 20
49 73
11 42
82 40
85 80
43 16
95 4
25 31
83 45
84 64
45 83
84 19
90 11
28 8
14 84
103 17
70 4
49 28
4 65
53 57
1 104
83 8
