#qgen
53
654
565
648
609
666
513
509
545
554
294
563
608
737
677
585
561
475
703
504
604
717
686
652
584
711
657
455
598
581
573
526
634
566
720
665
711
569
574
516
625
964
466
535
497
650
731
5
996
733
616
536
839
634
128
0 1
2 1
2 3
4 2
2 5
2 6
2 7
7 8
9 3
10 3
2 11
8 12
2 13
2 14
11 15
2 16
17 16
18 17
19 0
20 2
17 2
12 8
21 2
13 22
12 23
23 12
3 9
2 24
18 21
25 2
26 16
0 19
23 2
7 2
12 20
25 13
17 13
25 18
13 12
8 18
13 23
27 0
4 28
0 29
30 2
2 31
14 2
2 8
2 28
12 2
24 12
12 28
26 23
32 28
33 2
31 7
26 12
16 34
26 13
8 26
29 35
7 12
12 16
2 36
17 28
29 0
30 25
37 3
28 26
14 12
27 35
33 12
13 24
3 10
18 12
24 28
12 26
26 18
38 0
24 16
1 15
16 28
2 20
30 35
13 17
12 4
3 12
2 32
39 1
40 0
28 16
1 41
12 33
2 42
32 2
2 43
2 26
2 44
18 13
45 1
17 32
12 18
42 16
31 2
32 24
2 46
1 35
47 3
37 47
2 25
0 38
0 48
23 26
34 2
49 35
12 3
17 18
3 37
23 13
23 28
50 3
3 2
25 30
25 26
4 30
15 1
0 51
52 13
