#qgen
57
43
548
260
503
648
509
681
505
652
478
493
576
317
568
488
988
696
623
735
508
579
712
586
186
689
661
531
593
419
621
817
719
501
709
514
765
655
634
488
700
711
740
543
705
416
760
644
604
659
580
564
474
656
682
590
731
601
128
0 1
2 0
0 3
2 4
2 5
6 2
2 6
0 7
2 8
2 9
6 10
8 2
11 5
6 12
7 0
6 13
14 10
15 2
16 2
2 17
13 2
9 18
18 2
19 17
20 6
19 13
6 21
2 22
22 23
6 24
2 25
26 2
24 27
2 28
29 6
30 8
27 31
25 18
30 9
2 15
32 1
14 2
24 16
18 33
25 29
21 17
6 20
34 17
2 16
35 19
29 36
13 15
35 6
2 37
28 10
35 29
30 38
29 35
39 0
31 29
28 2
2 12
40 0
2 41
4 42
13 30
34 16
21 2
43 2
40 44
12 6
45 2
2 46
47 36
48 33
49 40
50 17
12 2
29 18
24 25
36 48
14 28
11 2
37 2
19 30
18 25
2 11
36 13
11 36
2 51
10 6
21 34
10 2
9 31
33 25
15 13
29 48
6 28
30 19
37 47
9 2
37 50
2 34
18 9
31 48
52 42
47 6
53 11
35 2
48 35
2 54
2 24
10 19
46 2
24 6
42 52
29 31
31 9
13 21
55 2
13 36
47 25
30 31
34 21
2 43
17 50
2 56
36 30
