#qgen
116
733
678
404
635
532
478
504
558
649
574
622
537
582
563
562
56
981
556
631
496
418
440
459
693
480
502
564
713
637
672
729
558
658
611
512
76
475
587
514
556
556
633
670
712
46
546
718
741
594
626
646
366
716
562
705
580
594
489
558
646
843
545
543
574
614
322
677
643
584
568
719
640
496
489
672
470
582
165
696
677
658
577
552
629
594
444
489
639
619
606
684
594
555
480
558
647
685
503
624
655
556
539
592
737
533
552
588
535
641
721
491
151
78
570
466
675
256
1 0
2 1
2 3
4 2
2 5
2 6
7 2
2 8
9 2
2 10
11 2
12 2
13 2
14 2
1 15
2 16
17 2
2 18
2 19
20 2
21 2
2 22
15 2
23 2
24 2
16 15
25 2
2 26
27 2
28 1
29 2
30 26
20 31
30 32
33 2
2 34
2 24
2 13
35 2
30 36
37 2
2 11
38 18
2 21
39 35
26 31
40 2
41 2
39 42
43 2
44 2
14 30
45 42
15 1
46 2
5 2
44 46
1 47
44 27
27 48
2 49
50 2
51 17
37 52
2 53
2 54
55 51
56 2
57 2
58 2
2 59
2 50
27 42
2 4
2 45
26 60
61 49
43 62
2 63
64 48
65 2
55 16
8 66
67 2
68 26
69 55
70 56
31 20
71 59
31 30
72 2
73 70
2 74
2 75
48 60
76 2
16 2
44 50
46 42
77 66
2 78
2 79
73 80
81 59
2 82
2 83
17 51
2 84
2 85
54 70
2 86
20 30
53 2
42 27
2 58
2 41
69 17
2 38
60 48
60 8
46 39
2 87
59 2
70 54
88 2
75 2
49 2
89 52
2 90
2 91
46 55
3 2
2 92
46 44
31 2
89 2
2 93
1 28
74 30
2 81
59 71
42 45
49 61
84 2
94 2
70 73
26 42
2 95
96 82
97 2
73 27
35 98
35 45
2 99
42 26
2 88
17 69
81 71
52 1
100 51
2 101
70 53
73 2
34 2
30 102
30 42
55 69
52 37
102 30
14 21
96 103
41 14
18 2
55 46
14 1
69 51
35 39
27 44
73 94
50 30
2 68
14 74
32 2
55 74
40 63
2 64
1 104
105 2
1 2
2 35
2 106
2 107
108 61
109 2
85 2
66 8
2 36
2 20
39 2
74 67
45 46
19 2
110 2
2 67
2 31
87 2
2 66
56 61
2 77
106 85
14 26
2 111
111 2
47 1
2 25
107 2
2 14
2 42
30 111
2 112
2 32
107 69
2 98
2 39
99 2
26 13
26 30
60 26
42 44
71 81
92 2
63 15
2 103
104 1
66 40
86 2
108 2
91 43
2 61
95 30
37 40
113 35
114 89
48 2
40 37
2 115
16 55
52 89
2 110
102 2
82 96
42 2
2 9
2 105
61 2
21 100
