#qgen
60
799
550
548
721
436
631
580
560
548
653
583
475
844
578
572
438
508
665
573
485
575
355
528
540
629
682
354
552
686
683
494
548
669
510
474
527
445
738
639
548
600
648
142
871
633
484
17
623
525
721
463
523
620
643
641
456
701
483
648
643
128
1 0
2 1
3 0
1 4
1 5
6 1
0 7
1 8
7 1
1 9
10 1
6 11
12 1
13 1
14 0
1 10
6 15
15 0
16 1
17 1
1 18
11 19
1 20
21 14
1 22
0 15
23 1
24 6
25 19
1 26
27 0
11 6
0 5
1 28
1 13
29 1
30 12
1 31
12 30
32 1
7 33
34 1
33 1
21 1
30 33
25 1
35 1
7 35
6 21
1 7
1 36
21 30
1 37
9 1
14 33
38 1
6 24
11 1
1 39
19 1
30 6
1 29
1 40
33 7
1 41
22 1
1 42
1 43
12 11
0 19
30 14
36 1
30 1
1 25
30 37
39 1
19 25
31 1
41 0
43 1
11 32
1 44
45 1
14 30
38 46
1 47
1 27
5 11
11 41
37 1
1 11
48 1
14 1
5 1
7 0
49 37
46 0
1 50
1 51
33 14
1 32
0 52
1 53
11 33
1 12
1 6
1 54
1 21
11 12
1 17
9 14
18 1
53 1
11 0
1 23
40 1
55 1
52 1
1 56
5 0
57 26
1 14
57 1
8 1
24 21
11 5
58 1
59 27
