#qgen
107
799
550
618
456
641
412
618
485
449
508
554
578
561
527
686
552
8
354
475
680
496
580
871
629
142
701
484
483
635
628
644
17
445
650
560
631
494
648
606
747
568
510
474
438
746
431
598
456
18
842
572
583
527
648
540
678
639
617
705
951
643
291
597
469
525
664
575
657
355
600
535
463
508
548
436
548
502
527
682
677
692
548
759
620
630
721
636
693
568
626
591
653
623
574
583
512
620
669
656
844
721
490
738
647
679
523
624
256
1 0
2 1
1 3
4 1
1 5
6 1
0 7
1 8
9 1
10 1
11 1
12 2
8 1
13 1
1 14
1 15
16 1
1 17
2 18
19 1
1 20
18 21
22 1
23 21
24 1
1 25
12 26
17 27
28 23
1 29
1 18
18 30
31 0
1 32
1 33
12 34
29 35
36 1
30 37
18 38
39 26
40 6
16 40
37 15
40 41
38 18
42 19
43 28
44 26
45 1
46 1
39 47
1 48
44 23
38 49
16 50
29 51
18 29
1 52
28 37
53 29
54 1
55 3
43 30
34 12
21 30
56 1
57 1
37 47
1 56
45 38
37 18
58 16
59 1
60 45
16 49
40 50
61 18
1 51
21 36
36 49
29 7
41 16
47 39
50 58
62 1
32 1
28 63
64 36
16 65
66 1
67 16
36 28
23 68
1 69
58 70
1 71
53 1
72 1
58 41
2 34
1 73
28 6
47 36
50 6
48 1
1 55
3 1
45 36
74 1
41 33
18 61
27 24
1 75
76 1
70 21
12 58
21 40
1 77
1 78
47 61
6 28
49 18
53 18
42 45
24 79
18 36
49 65
39 50
30 43
37 80
1 81
33 37
1 82
50 38
64 70
83 1
63 47
1 84
68 63
1 85
67 38
26 16
37 30
43 49
65 30
1 57
82 1
1 47
86 1
87 1
70 88
23 28
41 36
23 18
58 12
89 1
45 56
90 1
91 89
44 18
58 84
1 92
1 37
65 93
44 80
1 23
77 1
49 36
94 1
18 1
39 68
56 95
26 44
33 16
49 37
26 1
23 36
50 63
2 7
37 79
1 53
52 1
79 1
40 49
36 58
28 65
0 96
23 38
68 38
0 35
70 64
37 36
1 97
1 94
34 33
50 98
1 99
48 45
31 29
84 1
100 0
16 33
1 49
28 89
38 65
50 68
88 36
5 1
41 39
67 68
65 76
50 91
37 1
15 1
36 64
49 58
37 63
36 88
50 16
21 50
65 36
50 12
23 1
38 47
16 58
67 40
33 34
68 18
37 33
101 1
34 37
36 41
29 96
102 40
103 1
15 29
36 65
63 50
38 28
97 18
48 95
63 23
12 18
1 104
37 91
101 88
63 68
18 50
36 39
7 29
50 52
16 38
51 31
1 105
1 106
