#qgen
58
807
556
549
707
611
526
534
718
527
722
629
510
641
713
642
529
697
562
660
596
628
576
461
781
572
467
580
542
563
1003
593
783
588
40
601
454
555
110
515
585
536
504
449
677
643
582
674
570
647
555
663
603
699
258
565
522
526
906
128
1 0
1 2
3 2
4 2
2 5
3 6
2 7
4 8
2 9
3 10
2 11
12 7
13 7
4 14
14 4
8 7
15 14
16 2
17 2
2 18
5 7
1 19
20 7
2 3
11 2
21 7
9 22
15 2
20 2
10 23
24 23
22 25
26 3
25 20
3 24
7 8
14 5
27 7
28 2
23 10
2 29
4 30
7 31
22 20
0 32
33 1
33 9
0 1
34 3
1 35
2 36
34 24
2 12
22 18
2 4
37 3
38 7
39 22
9 40
38 18
15 8
9 41
13 41
42 1
7 21
2 38
13 9
1 33
41 13
33 36
17 18
24 43
44 3
3 45
30 15
12 3
45 3
7 38
46 3
33 13
7 11
7 47
9 33
11 7
3 7
13 22
36 41
33 34
25 7
22 7
13 36
48 2
9 2
8 5
3 49
21 47
7 30
34 44
24 50
3 51
37 24
15 7
18 2
30 2
36 40
37 34
36 9
3 46
43 3
2 52
2 53
44 34
48 7
14 15
7 28
49 39
7 52
7 29
54 24
2 13
2 55
9 7
3 26
56 3
2 20
16 7
29 2
10 57
