#qgen
110
807
556
549
707
110
593
635
556
686
565
586
697
478
531
569
526
106
676
607
522
530
529
718
392
470
639
555
418
648
502
550
621
440
660
596
601
500
642
722
510
663
593
449
527
542
34
713
563
669
555
617
641
733
570
467
461
572
258
783
40
562
794
560
742
781
620
659
628
699
586
714
643
527
574
585
906
576
580
647
565
693
516
672
358
702
585
722
515
1003
514
582
457
504
561
27
646
526
653
677
615
570
530
526
629
536
596
611
603
522
504
256
1 0
1 2
3 2
3 4
2 5
6 3
3 7
8 4
3 9
10 3
11 2
6 12
6 13
4 12
4 14
15 6
16 15
3 17
18 3
2 19
20 4
2 1
13 6
21 2
3 22
12 23
24 15
25 3
26 3
27 20
28 27
29 24
30 4
31 24
4 32
33 11
6 34
16 35
36 3
22 37
38 2
6 39
7 40
29 41
1 42
2 43
22 44
42 0
45 4
2 46
47 2
35 48
49 2
31 50
51 2
27 4
16 28
52 35
22 53
31 43
22 54
22 55
25 56
2 53
35 16
57 2
43 22
2 58
27 28
59 49
60 33
49 46
6 61
62 4
63 31
64 6
65 6
50 12
39 6
50 31
16 20
16 24
31 23
22 38
6 65
31 27
66 56
67 54
43 21
68 22
28 31
69 3
4 20
12 50
4 70
56 40
48 18
71 56
48 56
72 4
69 48
73 23
74 3
4 16
61 66
75 56
25 49
6 45
8 15
76 2
3 77
66 61
78 22
48 35
41 20
73 65
15 65
16 27
55 51
53 2
3 79
23 24
80 4
25 6
3 71
51 22
22 3
25 42
19 22
39 2
81 64
7 82
63 29
3 83
26 84
26 85
3 64
6 44
2 78
20 73
73 12
3 86
16 63
43 2
56 75
54 2
87 2
24 8
88 22
76 70
63 16
59 35
47 22
48 69
3 89
33 55
22 11
90 6
91 6
1 92
15 41
93 6
75 9
61 3
63 20
3 69
56 82
64 25
50 16
80 72
94 3
0 75
3 95
48 36
3 40
68 2
59 46
96 3
16 23
27 8
3 97
2 87
98 3
48 40
85 55
6 58
27 16
6 30
92 38
63 65
6 56
4 63
99 4
48 100
15 63
60 55
101 86
58 6
22 102
73 15
6 69
41 73
65 15
28 16
48 17
53 22
67 22
21 5
40 91
22 2
73 41
103 64
3 13
99 91
33 87
1 104
105 4
83 3
6 99
58 2
3 82
35 59
5 106
15 24
20 63
46 49
6 103
13 56
71 3
56 86
75 103
22 51
26 69
73 8
2 49
107 3
0 1
45 24
24 16
41 63
35 71
4 27
29 63
49 104
89 3
108 6
51 84
22 78
24 29
109 3
25 46
63 41
66 64
89 100
4 8
12 16
