#qgen
28
ENSBTAP00000015167
ENSBTAP00000045054
ENSBTAP00000011540
ENSBTAP00000020108
ENSBTAP00000029297
ENSBTAP00000051164
ENSBTAP00000010457
ENSBTAP00000006943
ENSBTAP00000022173
ENSBTAP00000040146
ENSBTAP00000026604
ENSBTAP00000018478
ENSBTAP00000046657
ENSBTAP00000009521
ENSBTAP00000019228
ENSBTAP00000017721
ENSBTAP00000012945
ENSBTAP00000034519
ENSBTAP00000022876
ENSBTAP00000019191
ENSBTAP00000041588
ENSBTAP00000048486
ENSBTAP00000041964
ENSBTAP00000046653
ENSBTAP00000030774
ENSBTAP00000033878
ENSBTAP00000029276
ENSBTAP00000035274
64
1 0
1 2
2 3
1 4
2 5
6 2
5 7
2 8
2 9
10 2
11 2
12 10
2 13
9 14
12 5
9 15
14 16
17 10
16 8
18 1
5 19
2 12
2 20
14 10
21 2
11 10
9 2
1 18
3 22
23 13
15 7
5 23
12 2
15 20
19 5
12 7
22 9
8 2
10 14
13 10
9 16
22 19
10 23
12 22
13 9
22 21
23 7
9 22
19 10
23 16
14 9
24 1
0 1
10 16
16 12
5 2
25 7
17 16
20 2
10 26
12 16
27 9
16 17
16 15
