#qgen
105
ENSBTAP00000015167
ENSBTAP00000045054
ENSBTAP00000011540
ENSBTAP00000009521
ENSBTAP00000010835
ENSBTAP00000006943
ENSBTAP00000009229
ENSBTAP00000019121
ENSBTAP00000026733
ENSBTAP00000029276
ENSBTAP00000027076
ENSBTAP00000051164
ENSBTAP00000028226
ENSBTAP00000003273
ENSBTAP00000037680
ENSBTAP00000013008
ENSBTAP00000026619
ENSBTAP00000001576
ENSBTAP00000035016
ENSBTAP00000024070
ENSBTAP00000033878
ENSBTAP00000015019
ENSBTAP00000019191
ENSBTAP00000003099
ENSBTAP00000025099
ENSBTAP00000051631
ENSBTAP00000046657
ENSBTAP00000012945
ENSBTAP00000015318
ENSBTAP00000009579
ENSBTAP00000053781
ENSBTAP00000003409
ENSBTAP00000011772
ENSBTAP00000025670
ENSBTAP00000018032
ENSBTAP00000003533
ENSBTAP00000022472
ENSBTAP00000052040
ENSBTAP00000003074
ENSBTAP00000012812
ENSBTAP00000017525
ENSBTAP00000019228
ENSBTAP00000042074
ENSBTAP00000049149
ENSBTAP00000013706
ENSBTAP00000019217
ENSBTAP00000020715
ENSBTAP00000000852
ENSBTAP00000017721
ENSBTAP00000003072
ENSBTAP00000046653
ENSBTAP00000000200
ENSBTAP00000014685
ENSBTAP00000041964
ENSBTAP00000006503
ENSBTAP00000001311
ENSBTAP00000013337
ENSBTAP00000014714
ENSBTAP00000040146
ENSBTAP00000011004
ENSBTAP00000015321
ENSBTAP00000004025
ENSBTAP00000052915
ENSBTAP00000035274
ENSBTAP00000026604
ENSBTAP00000003439
ENSBTAP00000021822
ENSBTAP00000000186
ENSBTAP00000027230
ENSBTAP00000029297
ENSBTAP00000022173
ENSBTAP00000048486
ENSBTAP00000021696
ENSBTAP00000024887
ENSBTAP00000000527
ENSBTAP00000006030
ENSBTAP00000039884
ENSBTAP00000009882
ENSBTAP00000015397
ENSBTAP00000014194
ENSBTAP00000053735
ENSBTAP00000024297
ENSBTAP00000020335
ENSBTAP00000019471
ENSBTAP00000010109
ENSBTAP00000011001
ENSBTAP00000007967
ENSBTAP00000011616
ENSBTAP00000044047
ENSBTAP00000010457
ENSBTAP00000025031
ENSBTAP00000050254
ENSBTAP00000034519
ENSBTAP00000006968
ENSBTAP00000030774
ENSBTAP00000002573
ENSBTAP00000051112
ENSBTAP00000002522
ENSBTAP00000001113
ENSBTAP00000024715
ENSBTAP00000022529
ENSBTAP00000031555
ENSBTAP00000016237
ENSBTAP00000004711
ENSBTAP00000041778
256
1 0
1 2
2 3
1 4
2 5
6 4
7 5
3 8
9 2
10 3
11 3
8 12
13 2
7 14
4 15
7 16
12 17
18 7
6 19
2 20
4 21
2 22
2 23
11 24
3 25
26 11
3 27
2 1
4 28
29 20
7 30
31 4
3 32
33 26
11 5
34 6
11 35
4 36
37 20
38 26
16 39
39 40
41 22
42 29
26 33
43 42
44 7
22 38
45 33
43 46
27 47
2 48
0 1
49 33
50 38
4 51
12 45
52 46
5 53
54 33
39 55
56 29
57 48
58 48
20 54
7 43
7 59
57 60
22 27
53 61
62 39
61 63
50 64
8 65
42 66
27 67
60 7
68 3
2 26
1 69
2 67
70 35
11 2
71 2
72 7
47 70
54 5
40 62
44 73
19 74
64 11
29 27
65 68
7 60
20 64
20 56
33 27
39 75
76 17
60 77
35 70
45 2
58 64
26 38
18 72
38 78
77 60
79 39
44 79
70 64
43 40
80 46
64 33
44 42
63 48
64 50
29 81
79 82
47 27
7 18
79 18
48 67
71 43
12 65
2 64
3 24
44 71
33 29
83 44
38 2
64 22
84 7
17 3
9 35
44 85
29 53
64 63
39 86
67 3
80 39
35 85
48 63
64 20
3 58
58 27
5 85
87 60
72 88
5 64
39 16
5 26
53 33
4 31
57 62
56 85
5 20
70 71
35 64
41 64
41 67
70 38
2 89
71 73
46 44
25 12
54 39
33 5
7 90
43 7
10 76
91 55
82 52
92 2
6 34
58 63
38 29
88 18
93 45
26 27
33 53
3 2
64 35
87 91
48 5
70 22
60 55
27 12
58 11
20 35
94 76
74 95
79 88
96 83
63 58
83 42
11 50
71 29
97 56
33 35
55 45
98 3
48 14
33 85
5 27
97 33
18 79
42 73
61 64
35 2
22 2
19 85
4 99
39 77
19 90
11 58
96 100
78 5
101 39
12 10
53 35
37 53
7 83
33 86
35 48
3 92
5 78
101 55
41 35
102 86
103 12
33 7
50 3
42 44
48 70
104 7
5 48
3 47
68 65
69 1
5 46
101 76
28 21
40 7
37 35
46 96
38 35
35 37
64 97
5 7
85 54
27 58
54 44
2 58
71 86
7 79
3 55
