#qgen
52
ENSBTAP00000015167
ENSBTAP00000045054
ENSBTAP00000011540
ENSBTAP00000009521
ENSBTAP00000010835
ENSBTAP00000017721
ENSBTAP00000003533
ENSBTAP00000000852
ENSBTAP00000006030
ENSBTAP00000026753
ENSBTAP00000040146
ENSBTAP00000001113
ENSBTAP00000033878
ENSBTAP00000035274
ENSBTAP00000046653
ENSBTAP00000002522
ENSBTAP00000004025
ENSBTAP00000003074
ENSBTAP00000026604
ENSBTAP00000012945
ENSBTAP00000020108
ENSBTAP00000006943
ENSBTAP00000051631
ENSBTAP00000027715
ENSBTAP00000048486
ENSBTAP00000022173
ENSBTAP00000003273
ENSBTAP00000046657
ENSBTAP00000013008
ENSBTAP00000019191
ENSBTAP00000011898
ENSBTAP00000000186
ENSBTAP00000051164
ENSBTAP00000041964
ENSBTAP00000027230
ENSBTAP00000003099
ENSBTAP00000019228
ENSBTAP00000004711
ENSBTAP00000025099
ENSBTAP00000026733
ENSBTAP00000028226
ENSBTAP00000021407
ENSBTAP00000017575
ENSBTAP00000041588
ENSBTAP00000030774
ENSBTAP00000034519
ENSBTAP00000003439
ENSBTAP00000019217
ENSBTAP00000029276
ENSBTAP00000018478
ENSBTAP00000024715
ENSBTAP00000001311
128
1 0
1 2
2 3
1 4
2 5
6 3
6 7
8 2
2 7
3 9
3 10
11 8
12 2
6 13
14 3
6 15
13 16
17 7
6 18
2 13
19 3
2 20
2 21
14 21
3 2
14 19
3 22
23 1
10 3
17 24
18 5
25 3
26 2
27 18
4 28
5 17
29 7
3 30
13 25
16 31
31 7
27 32
31 10
17 27
16 10
31 29
19 5
18 7
24 16
33 24
10 31
2 27
0 1
17 14
18 17
17 2
7 5
25 31
3 34
14 33
17 21
10 35
24 25
33 21
6 36
32 3
37 3
32 38
32 6
39 22
16 17
38 40
22 40
41 4
21 17
7 18
4 42
43 2
44 1
1 44
2 45
29 13
2 12
2 10
4 41
19 29
3 46
18 16
18 19
6 10
5 18
7 19
40 47
18 3
6 48
6 25
7 29
16 29
49 5
31 36
29 10
2 47
29 32
18 6
21 5
33 14
36 31
16 25
18 48
40 34
16 18
36 18
10 18
17 18
19 21
33 19
7 25
42 50
7 6
3 51
13 5
19 40
17 19
5 33
2 1
2 17
29 17
33 7
