#qgen
60
F38A3.2
C27A2.5
K12G11.3
Y38F1A.6.1
Y73F8A.5
K12C11.2.2
Y47G6A.6
ZK792.6
C03A7.14
Y71H2AM.23.2
Y92H12A.2
Y65B4BR.4a
C03A7.4
Y67H2A.1
Y57G11C.16.3
Y57A10A.8
T05F1.3.2
Y22D7AL.5a.1
ZC373.5
W09G12.7
Y61A9LA.10
F17E5.1a
R07E4.6c
F13B10.2a.2
C55C3.1
ZK1010.1.1
ZK20.5.2
Y37E3.8a.1
ZK593.1
Y54E10BR.6
ZK858.4
Y45F10D.12.2
Y39G10AR.8
F25H5.4.2
Y6D11A.2
Y74C10AR.1
Y43B11AR.4.2
Y65B4BR.5b
Y59A8B.7
Y37E3.10.2
Y37E11AL.7
Y51H4A.9
K11D9.1a
ZK430.3
Y79H2A.6
Y48B6A.1
Y66H1A.2
Y55F3C.6
Y48A6B.3.2
Y69A2AR.30a.1
Y50E8A.4a
T03F1.3
K12G11.4
Y55D5A.5a
Y71G12B.27
D2063.1
Y54E5B.3a
Y43C5A.6a
ZK1127.7
Y48E1A.1a
128
0 1
1 2
2 3
1 0
4 1
5 2
6 5
5 7
2 8
5 9
5 10
8 11
12 2
13 5
5 14
15 5
16 12
17 5
18 5
19 1
5 20
21 1
2 22
23 5
3 24
25 10
5 26
1 19
5 11
16 27
28 5
5 29
5 30
23 31
5 32
26 5
33 5
5 34
14 35
20 36
8 16
33 32
11 37
38 22
11 25
39 35
10 5
40 5
20 35
32 39
10 25
41 1
0 42
16 14
23 27
5 43
35 5
39 32
5 44
14 16
23 45
17 9
35 32
35 31
46 5
5 47
5 48
42 49
38 5
36 31
36 16
45 48
27 36
5 27
36 20
50 5
5 6
22 2
1 16
1 4
23 1
29 10
2 51
2 52
5 39
37 25
5 37
27 16
53 23
54 5
5 55
36 5
51 56
5 50
34 5
49 5
57 5
16 36
58 5
52 33
10 29
2 33
32 33
56 5
43 5
14 32
34 44
33 14
25 23
35 39
36 14
32 23
52 5
22 38
25 39
27 25
59 5
55 52
29 5
5 49
30 5
25 31
35 20
5 36
1 23
3 2
23 53
31 5
