#qgen
101
F38A3.2
C27A2.5
K12G11.3
Y38F1A.6.1
Y73F8A.5
K12C11.2.2
R13A5.8.1
Y110A7A.12
Y6D11A.2
T20H4.3a
T24B8.1a.1
F13B10.2a.2
Y45F10D.12.2
D2063.1
ZK792.6
ZK1010.1.1
K11H12.2.2
T07A9.9a.3
K12G11.4
ZC404.8.2
C55C3.1
ZK430.3
Y65B4BR.5b
Y106G6H.2a.4
M28.5.1
T23F6.4.1
Y37E3.8a.1
T20G5.1
ZK20.5.2
W03D2.4.2
T22F3.3a
R151.3.2
M7.1
Y55D5A.5a
W01B11.3
K12H4.3
T05E11.1.1
Y71H2AM.23.2
F25H5.4.2
T07A9.11.4
K12D12.1
Y43B11AR.4.2
W09C5.6a.1
T03F1.3
K11D9.1a
T22D1.9.2
T01C3.7.2
C03A7.14
T21B10.2c.1
K05C4.1.1
R13A5.12.2
Y54E5B.3a
Y43C5A.6a
T25B9.9.2
R01H2.6
Y48B6A.1
T08B2.10.1
M02D8.4a
F17E5.1a
Y51H4A.9
W02A11.4
K04C2.4.2
Y74C10AR.1
R12C12.1a.1
W07E6.1
Y92H12A.2
R03G5.1a.2
T05F1.3.2
T10F2.1a
K01G5.5.1
Y67H2A.1
Y57G11C.16.3
T22D1.10
Y47G6A.6
Y22D7AL.5a.1
T20B12.2.1
C03A7.4
Y61A9LA.10
Y65B4BR.4a
Y39G10AR.8
W03F9.1
Y79H2A.6
M01E5.5a
T05H4.6.2
F44B9.6
Y71G12B.27
Y113G7B.23
K02B12.7
Y69A2AR.30a.1
W04D2.1a
R05G6.7.2
Y37E3.10.2
T20B12.8
T14G8.1
ZK593.1
W06H3.3
Y54E10BR.6
K10D2.6.1
Y59A8B.7
W09C5.2
K11H3.1b
256
0 1
1 2
2 3
1 0
4 1
5 2
6 5
5 7
5 8
5 9
5 10
11 6
5 12
13 5
14 5
6 15
16 12
11 17
11 5
18 2
19 5
3 20
5 21
22 11
5 23
24 11
5 25
2 1
5 18
26 15
27 5
28 5
5 29
30 21
12 5
30 5
26 10
5 31
12 31
32 15
11 33
34 31
26 12
17 35
36 12
37 36
38 5
39 11
40 22
36 41
42 15
43 2
0 44
22 36
45 28
5 46
47 6
43 48
5 49
23 50
31 36
39 16
51 43
41 46
11 22
52 5
53 5
49 54
11 31
50 42
28 45
55 50
56 39
57 5
31 35
12 35
43 5
5 42
58 1
1 59
3 18
22 56
18 3
20 3
56 5
60 35
8 5
31 26
49 32
10 12
61 5
62 12
53 63
23 5
10 24
10 11
41 12
62 26
24 6
64 46
17 55
5 65
46 50
41 11
7 8
38 23
47 66
67 26
33 68
50 64
65 27
69 34
16 35
70 31
38 36
39 71
15 42
69 72
18 13
73 5
10 56
74 37
75 33
6 76
2 38
5 55
34 69
16 71
35 46
5 77
11 35
32 5
5 45
40 5
75 34
15 31
69 55
27 78
5 48
50 26
35 17
38 79
16 10
5 51
50 12
5 61
52 61
80 66
5 24
8 81
5 54
31 16
5 17
47 54
82 46
5 57
66 83
22 65
82 29
31 42
42 26
84 2
69 85
82 35
26 6
43 29
62 5
86 5
75 5
87 5
66 47
43 51
5 15
51 5
61 52
71 16
56 10
62 36
12 62
42 16
5 70
50 23
88 87
70 5
42 11
89 49
36 6
6 16
11 64
89 76
90 74
79 91
92 82
55 64
34 64
6 42
16 17
54 49
17 34
71 36
5 92
7 78
24 16
5 69
18 43
12 10
78 32
71 56
5 78
5 62
11 10
5 93
29 43
31 10
6 12
87 88
88 5
94 29
6 71
23 38
34 24
95 5
50 16
45 22
5 96
5 97
48 74
24 34
88 98
31 6
46 5
5 99
97 33
41 69
39 5
5 16
5 86
76 67
1 11
5 100
76 89
11 50
66 5
24 55
66 36
25 77
65 22
66 80
5 87
78 47
56 12
41 36
2 18
79 71
60 5
5 74
