#qgen
110
FBpp0074964
FBpp0070906
FBpp0074859
FBpp0075280
FBpp0071247
FBpp0081704
FBpp0081601
FBpp0073049
FBpp0289129
FBpp0085914
FBpp0089031
FBpp0078414
FBpp0084434
FBpp0071529
FBpp0074392
FBpp0074709
FBpp0087883
FBpp0074738
FBpp0084623
FBpp0074200
FBpp0073520
FBpp0073249
FBpp0071337
FBpp0074278
FBpp0070468
FBpp0077358
FBpp0078059
FBpp0086622
FBpp0073173
FBpp0078331
FBpp0271791
FBpp0087704
FBpp0083505
FBpp0081600
FBpp0083185
FBpp0074531
FBpp0071596
FBpp0079164
FBpp0083516
FBpp0079157
FBpp0081162
FBpp0071118
FBpp0080331
FBpp0082692
FBpp0081580
FBpp0271888
FBpp0073387
FBpp0070454
FBpp0074715
FBpp0088810
FBpp0077454
FBpp0085431
FBpp0084340
FBpp0111836
FBpp0086853
FBpp0075701
FBpp0078984
FBpp0110412
FBpp0077460
FBpp0070419
FBpp0086954
FBpp0072904
FBpp0087864
FBpp0099945
FBpp0082519
FBpp0088268
FBpp0082511
FBpp0081356
FBpp0082406
FBpp0086115
FBpp0073572
FBpp0082711
FBpp0087000
FBpp0079730
FBpp0082785
FBpp0076869
FBpp0082550
FBpp0071767
FBpp0085053
FBpp0099808
FBpp0085546
FBpp0087765
FBpp0088543
FBpp0086911
FBpp0082668
FBpp0081260
FBpp0076738
FBpp0074993
FBpp0071235
FBpp0083146
FBpp0083320
FBpp0080281
FBpp0110266
FBpp0089395
FBpp0087004
FBpp0084115
FBpp0086520
FBpp0070788
FBpp0087332
FBpp0085233
FBpp0089084
FBpp0074835
FBpp0085365
FBpp0075447
FBpp0080406
FBpp0110316
FBpp0077538
FBpp0084191
FBpp0074651
FBpp0078598
256
0 1
0 2
3 0
4 3
3 5
6 3
7 1
1 8
9 4
10 5
11 10
12 5
5 13
14 1
3 15
3 13
16 5
17 13
8 18
19 1
20 1
3 11
21 3
22 3
2 23
24 3
25 3
9 26
22 5
27 24
28 22
29 28
30 1
31 2
32 29
10 13
33 21
3 34
35 15
36 5
37 36
17 24
38 3
28 39
40 26
27 17
1 41
34 5
29 11
29 42
43 15
24 44
18 0
43 40
1 45
3 46
9 24
47 10
32 48
43 49
5 37
26 44
42 50
51 10
31 52
53 40
54 42
10 55
0 3
17 26
36 56
0 57
0 58
59 57
56 33
60 32
26 53
37 56
61 2
62 61
26 27
63 27
28 43
64 26
65 24
29 66
34 55
48 67
57 0
22 66
68 40
64 9
2 31
35 69
35 70
55 37
66 28
29 49
3 29
29 60
8 1
71 53
29 72
73 1
54 66
9 40
51 37
22 17
3 74
56 43
68 17
75 31
51 13
0 76
11 3
52 77
70 29
78 52
39 79
52 31
50 10
28 80
64 68
15 21
5 81
48 32
79 3
47 82
32 4
5 65
83 17
5 84
54 3
0 31
26 9
85 1
17 9
2 61
63 24
17 68
52 78
57 59
1 86
87 4
59 88
4 89
3 21
43 26
3 90
55 91
92 3
22 93
43 21
3 94
82 47
95 35
48 37
69 80
27 26
96 68
4 65
65 63
4 59
66 11
63 65
28 72
33 15
50 4
43 29
52 61
59 32
46 22
42 43
34 97
70 35
34 84
55 84
46 98
33 3
88 70
67 34
97 5
15 35
3 99
26 13
28 3
68 42
3 27
82 3
5 56
1 100
11 55
101 3
5 98
36 51
3 6
43 88
18 2
22 10
46 11
65 89
75 77
88 43
35 95
32 35
24 27
60 10
84 25
5 69
26 82
50 22
97 61
95 43
48 93
96 93
93 3
102 97
82 40
4 103
3 4
104 100
5 105
24 32
106 3
25 84
3 22
60 5
13 4
48 3
31 75
72 29
3 107
60 28
13 68
82 42
99 3
67 46
75 2
42 32
1 7
32 28
108 1
70 106
10 50
53 82
93 67
23 77
81 51
36 92
34 65
78 109
43 35
61 56
56 18
80 51
22 11
