#qgen
31
ENSP00000265306
ENSP00000262629
ENSP00000371328
ENSP00000329942
ENSP00000338130
ENSP00000364898
ENSP00000371327
ENSP00000279477
ENSP00000381272
ENSP00000401303
ENSP00000391592
ENSP00000264972
ENSP00000386050
ENSP00000310216
ENSP00000408617
ENSP00000342215
ENSP00000311035
ENSP00000352064
ENSP00000373091
ENSP00000244709
ENSP00000365817
ENSP00000353472
ENSP00000340858
ENSP00000362181
ENSP00000240618
ENSP00000246551
ENSP00000407950
ENSP00000383645
ENSP00000362205
ENSP00000394049
ENSP00000399168
64
1 0
1 2
1 3
4 2
5 1
4 6
1 7
1 8
5 9
10 5
11 10
9 10
12 5
1 13
13 1
7 1
14 5
15 10
9 5
1 16
1 11
15 1
4 17
18 4
1 19
20 4
4 21
11 9
6 20
20 22
18 20
0 1
1 23
1 24
24 25
26 5
11 26
8 1
10 27
5 14
0 25
10 17
25 1
17 22
22 15
20 6
1 28
21 4
5 12
22 17
29 5
27 10
1 27
25 24
1 5
23 1
17 4
5 26
18 22
30 22
4 20
17 10
22 21
6 4
