#qgen
56
ENSRNOP00000004386
ENSRNOP00000003907
ENSRNOP00000006964
ENSRNOP00000057480
ENSRNOP00000002487
ENSRNOP00000057647
ENSRNOP00000060061
ENSRNOP00000012940
ENSRNOP00000045529
ENSRNOP00000023654
ENSRNOP00000021265
ENSRNOP00000024247
ENSRNOP00000021538
ENSRNOP00000015065
ENSRNOP00000048536
ENSRNOP00000004364
ENSRNOP00000028109
ENSRNOP00000018004
ENSRNOP00000061228
ENSRNOP00000021752
ENSRNOP00000040783
ENSRNOP00000001498
ENSRNOP00000027842
ENSRNOP00000043097
ENSRNOP00000026797
ENSRNOP00000021656
ENSRNOP00000016740
ENSRNOP00000021923
ENSRNOP00000026075
ENSRNOP00000001444
ENSRNOP00000026139
ENSRNOP00000001374
ENSRNOP00000028887
ENSRNOP00000000471
ENSRNOP00000060373
ENSRNOP00000024801
ENSRNOP00000014096
ENSRNOP00000033725
ENSRNOP00000008963
ENSRNOP00000012377
ENSRNOP00000055937
ENSRNOP00000053169
ENSRNOP00000042371
ENSRNOP00000037227
ENSRNOP00000001989
ENSRNOP00000019365
ENSRNOP00000058599
ENSRNOP00000019772
ENSRNOP00000047840
ENSRNOP00000017648
ENSRNOP00000018147
ENSRNOP00000049644
ENSRNOP00000013745
ENSRNOP00000022231
ENSRNOP00000036568
ENSRNOP00000060118
128
0 1
1 2
1 3
3 4
5 2
2 6
7 6
7 8
2 9
10 7
6 10
11 1
2 12
3 1
13 8
6 14
15 13
16 7
17 13
18 10
16 19
19 20
3 21
22 11
23 1
24 11
1 25
2 26
6 27
28 0
29 3
15 30
8 12
6 31
22 12
7 1
22 18
12 24
31 32
2 1
17 7
13 17
33 4
32 18
34 19
20 1
3 35
36 16
37 16
27 1
7 13
14 16
1 38
17 29
30 4
2 4
6 29
23 6
15 6
19 16
27 6
39 14
22 7
40 23
37 41
42 0
33 43
44 22
39 13
33 37
32 31
1 22
24 12
45 2
22 31
6 11
46 5
0 47
47 0
46 45
39 1
8 48
32 14
2 21
36 1
32 30
24 6
12 8
49 2
18 22
33 1
31 12
6 7
12 22
7 10
6 50
12 29
19 5
22 1
31 1
29 2
48 46
2 45
23 27
11 2
46 33
18 1
11 12
51 33
8 1
32 10
52 0
11 24
1 12
51 2
14 53
54 33
17 11
48 55
2 55
34 2
38 1
29 17
11 10
30 15
0 52
23 31
2 5
