#qgen
112
ENSRNOP00000004386
ENSRNOP00000003907
ENSRNOP00000006964
ENSRNOP00000055937
ENSRNOP00000001444
ENSRNOP00000016740
ENSRNOP00000026527
ENSRNOP00000058599
ENSRNOP00000007580
ENSRNOP00000016288
ENSRNOP00000021723
ENSRNOP00000062555
ENSRNOP00000001123
ENSRNOP00000040783
ENSRNOP00000057647
ENSRNOP00000021000
ENSRNOP00000042280
ENSRNOP00000015059
ENSRNOP00000038436
ENSRNOP00000026016
ENSRNOP00000056473
ENSRNOP00000047840
ENSRNOP00000028887
ENSRNOP00000019365
ENSRNOP00000012940
ENSRNOP00000058649
ENSRNOP00000001498
ENSRNOP00000021265
ENSRNOP00000000471
ENSRNOP00000013745
ENSRNOP00000062850
ENSRNOP00000048536
ENSRNOP00000019409
ENSRNOP00000014790
ENSRNOP00000043760
ENSRNOP00000017603
ENSRNOP00000026139
ENSRNOP00000016536
ENSRNOP00000060061
ENSRNOP00000028109
ENSRNOP00000024247
ENSRNOP00000060118
ENSRNOP00000037227
ENSRNOP00000041242
ENSRNOP00000061228
ENSRNOP00000018004
ENSRNOP00000020014
ENSRNOP00000021656
ENSRNOP00000011163
ENSRNOP00000021134
ENSRNOP00000027842
ENSRNOP00000061492
ENSRNOP00000001871
ENSRNOP00000026797
ENSRNOP00000023332
ENSRNOP00000004229
ENSRNOP00000015065
ENSRNOP00000004364
ENSRNOP00000002487
ENSRNOP00000057480
ENSRNOP00000053000
ENSRNOP00000022659
ENSRNOP00000040257
ENSRNOP00000007285
ENSRNOP00000022939
ENSRNOP00000049644
ENSRNOP00000056131
ENSRNOP00000049705
ENSRNOP00000033843
ENSRNOP00000043205
ENSRNOP00000015563
ENSRNOP00000018423
ENSRNOP00000001989
ENSRNOP00000027734
ENSRNOP00000024801
ENSRNOP00000025625
ENSRNOP00000049958
ENSRNOP00000021923
ENSRNOP00000060478
ENSRNOP00000018147
ENSRNOP00000016302
ENSRNOP00000021538
ENSRNOP00000034916
ENSRNOP00000022231
ENSRNOP00000007181
ENSRNOP00000005313
ENSRNOP00000021752
ENSRNOP00000014096
ENSRNOP00000058149
ENSRNOP00000053270
ENSRNOP00000045529
ENSRNOP00000002038
ENSRNOP00000016581
ENSRNOP00000062148
ENSRNOP00000043097
ENSRNOP00000033725
ENSRNOP00000053169
ENSRNOP00000054053
ENSRNOP00000044552
ENSRNOP00000024465
ENSRNOP00000046380
ENSRNOP00000028406
ENSRNOP00000060373
ENSRNOP00000012377
ENSRNOP00000000427
ENSRNOP00000017648
ENSRNOP00000001374
ENSRNOP00000002299
ENSRNOP00000001262
ENSRNOP00000001475
ENSRNOP00000009300
ENSRNOP00000023654
256
0 1
1 2
1 3
4 2
5 2
6 2
7 6
6 8
7 2
6 9
5 10
2 11
2 12
13 1
7 14
5 15
16 14
17 5
14 18
19 7
20 14
16 21
4 22
23 12
24 1
14 25
1 26
27 2
5 28
29 0
5 30
22 31
10 32
33 5
21 34
2 35
26 36
21 32
37 36
2 8
12 38
31 22
39 5
40 27
41 28
2 42
5 43
44 27
38 27
2 45
38 12
24 46
47 1
28 48
49 5
4 50
8 28
9 51
10 52
45 28
53 9
28 27
14 28
54 38
54 55
1 0
56 50
57 38
27 50
58 52
57 50
59 1
25 60
5 46
39 61
62 9
8 63
0 29
1 59
60 64
65 2
33 19
28 55
66 4
14 2
51 67
14 30
68 21
5 17
55 34
48 2
36 26
12 62
40 24
69 14
70 10
55 24
9 62
2 58
70 2
25 5
67 71
4 72
41 48
5 73
58 74
2 75
24 40
74 59
2 5
55 22
1 76
24 39
77 1
5 78
79 28
80 60
81 24
82 78
3 34
63 4
40 2
38 83
44 24
33 32
0 84
79 47
3 85
86 13
85 56
6 23
74 26
83 55
21 41
8 23
87 86
79 9
88 14
60 25
5 71
22 89
74 90
7 5
86 62
83 91
92 20
23 28
93 67
59 58
89 22
90 94
90 89
28 95
39 89
24 55
96 2
39 62
43 5
73 5
80 82
1 56
27 22
24 22
97 63
53 85
62 39
65 62
1 40
98 88
21 14
99 5
21 79
67 7
22 51
28 5
64 5
90 47
53 38
2 40
31 45
1 22
56 1
83 28
42 28
41 42
100 82
35 42
30 14
4 101
55 65
7 102
50 4
5 86
89 38
103 90
94 81
11 28
57 56
95 82
7 99
104 2
4 37
34 39
82 18
28 105
106 53
30 88
71 5
22 47
47 34
55 50
22 28
83 38
99 7
73 93
14 82
5 67
26 72
77 34
13 86
7 28
56 89
81 22
22 107
94 22
81 21
51 14
61 39
5 20
21 7
82 67
12 9
21 40
24 53
35 108
62 86
5 19
41 2
1 98
53 31
40 53
108 51
106 81
12 67
109 89
77 56
31 57
3 109
9 110
8 2
22 50
52 26
78 71
56 54
111 65
32 10
