#qgen
56
YCL016C
YOR368W
YPR135W
YPL041C
YOR058C
YPL017C
YOL012C
YNL261W
YOR080W
YOR025W
YNL271C
YPL253C
YNL225C
YNL250W
YMR224C
YNL153C
YPL008W
YNL106C
YPR119W
YNL107W
YOR244W
YMR223W
YMR272C
YOR061W
YPR018W
YPR141C
YPL194W
YMR198W
YNL298W
YOR073W
YPR120C
YOR026W
YPL241C
YOR259C
YNL312W
YNL307C
YOR349W
YOR141C
YPL047W
YPR036W
YOR249C
YOR195W
YOR014W
YOR198C
YNL054W
YOL076W
YPL018W
YPL023C
YPL226W
YOR209C
YNL199C
YNL273W
YNL084C
YNL147W
YPL209C
YPL084W
128
0 1
2 0
0 3
4 2
2 5
6 0
7 6
6 7
8 0
7 9
10 4
11 0
12 0
0 13
14 8
15 4
15 16
8 17
18 14
10 15
19 15
19 20
2 21
15 11
0 22
15 10
0 23
15 0
4 15
0 24
25 2
15 26
8 13
5 27
28 13
3 0
29 19
30 13
31 30
1 0
28 8
15 28
32 4
31 19
28 20
0 21
2 14
33 18
18 34
32 0
16 7
15 32
0 35
19 36
14 2
21 0
6 36
6 31
20 6
19 37
18 6
16 34
8 14
25 27
38 37
0 39
32 31
24 40
15 31
31 41
42 29
0 43
14 44
2 45
24 46
6 25
27 4
0 30
0 32
42 46
47 0
37 8
48 15
27 0
38 0
29 42
6 15
9 14
2 6
20 19
49 0
14 27
6 38
13 14
27 7
27 5
50 13
5 25
18 0
20 0
2 13
51 46
52 0
53 24
2 41
46 32
0 19
27 11
36 32
0 14
44 10
0 48
42 11
0 9
2 25
15 21
54 32
13 24
48 49
29 0
1 34
55 0
19 27
11 31
16 28
0 18
25 30
4 0
