#qgen
62
ENSTRUP00000045662
ENSTRUP00000019005
ENSTRUP00000042328
ENSTRUP00000009691
ENSTRUP00000037432
ENSTRUP00000015352
ENSTRUP00000021547
ENSTRUP00000023405
ENSTRUP00000002034
ENSTRUP00000032178
ENSTRUP00000038579
ENSTRUP00000007789
ENSTRUP00000037470
ENSTRUP00000042915
ENSTRUP00000021765
ENSTRUP00000038968
ENSTRUP00000029126
ENSTRUP00000009633
ENSTRUP00000043329
ENSTRUP00000041697
ENSTRUP00000030645
ENSTRUP00000019685
ENSTRUP00000031576
ENSTRUP00000003192
ENSTRUP00000006989
ENSTRUP00000047764
ENSTRUP00000012903
ENSTRUP00000046217
ENSTRUP00000014922
ENSTRUP00000004222
ENSTRUP00000020143
ENSTRUP00000045508
ENSTRUP00000016191
ENSTRUP00000009042
ENSTRUP00000015189
ENSTRUP00000043636
ENSTRUP00000003146
ENSTRUP00000005873
ENSTRUP00000017470
ENSTRUP00000039046
ENSTRUP00000043827
ENSTRUP00000021057
ENSTRUP00000045936
ENSTRUP00000032127
ENSTRUP00000040155
ENSTRUP00000045352
ENSTRUP00000045691
ENSTRUP00000010366
ENSTRUP00000020031
ENSTRUP00000036585
ENSTRUP00000047750
ENSTRUP00000047481
ENSTRUP00000037418
ENSTRUP00000025829
ENSTRUP00000037169
ENSTRUP00000002021
ENSTRUP00000028687
ENSTRUP00000025213
ENSTRUP00000030049
ENSTRUP00000047803
ENSTRUP00000033763
ENSTRUP00000043330
128
1 0
1 2
3 2
3 4
5 3
3 6
3 7
5 8
9 3
10 6
3 11
5 12
7 13
10 2
14 5
3 15
3 16
17 6
1 18
7 19
8 5
20 5
21 5
16 22
2 10
23 7
3 24
25 3
26 5
3 27
3 28
17 29
30 3
3 31
3 8
3 29
11 3
5 14
18 17
10 17
32 3
3 5
33 3
3 34
16 3
3 35
29 3
5 33
24 17
36 3
35 3
37 5
38 1
23 33
5 23
3 39
28 7
20 7
8 3
5 40
17 38
41 5
6 3
31 3
42 7
43 5
5 21
3 44
3 45
5 46
33 25
5 47
6 10
48 3
13 7
47 49
5 41
3 50
5 26
5 51
31 5
12 47
2 49
33 5
52 7
47 5
12 49
5 37
28 3
3 53
49 47
44 3
16 38
54 3
39 5
12 5
33 47
29 1
19 7
49 2
5 55
7 33
55 5
3 56
2 3
57 3
3 43
7 5
5 58
7 52
18 1
22 1
5 39
3 57
59 7
3 37
47 12
5 60
12 33
3 32
7 20
12 20
5 20
5 7
2 17
17 2
3 61
1 29
