#qgen
32
ENSXETP00000055014
ENSXETP00000029163
ENSXETP00000038991
ENSXETP00000003039
ENSXETP00000054302
ENSXETP00000025927
ENSXETP00000044365
ENSXETP00000034918
ENSXETP00000027380
ENSXETP00000046616
ENSXETP00000051462
ENSXETP00000000748
ENSXETP00000042645
ENSXETP00000055810
ENSXETP00000008016
ENSXETP00000046188
ENSXETP00000054610
ENSXETP00000035476
ENSXETP00000038989
ENSXETP00000036251
ENSXETP00000009327
ENSXETP00000018584
ENSXETP00000008435
ENSXETP00000028848
ENSXETP00000045950
ENSXETP00000040325
ENSXETP00000023818
ENSXETP00000013655
ENSXETP00000012093
ENSXETP00000000953
ENSXETP00000052276
ENSXETP00000040693
64
1 0
1 2
3 2
4 1
5 4
4 6
4 5
7 5
5 8
8 9
5 10
6 11
8 12
2 3
13 7
4 14
6 4
8 15
1 16
8 13
9 7
7 9
7 15
11 17
18 1
13 15
5 19
5 20
12 8
4 17
5 21
20 21
22 5
18 3
10 5
5 22
23 6
15 7
24 20
19 25
6 26
5 7
27 6
5 25
28 5
4 29
7 13
9 8
24 21
11 6
19 5
26 16
2 1
24 25
30 8
17 4
19 24
31 18
7 30
30 7
20 24
15 13
20 5
24 5
