#qgen
114
ENSXETP00000055014
ENSXETP00000029163
ENSXETP00000038991
ENSXETP00000003039
ENSXETP00000054302
ENSXETP00000025927
ENSXETP00000044365
ENSXETP00000034918
ENSXETP00000008435
ENSXETP00000031631
ENSXETP00000018584
ENSXETP00000036914
ENSXETP00000001401
ENSXETP00000045950
ENSXETP00000016241
ENSXETP00000042645
ENSXETP00000037338
ENSXETP00000023489
ENSXETP00000038989
ENSXETP00000057361
ENSXETP00000018095
ENSXETP00000035098
ENSXETP00000022229
ENSXETP00000017963
ENSXETP00000024518
ENSXETP00000045889
ENSXETP00000055074
ENSXETP00000046188
ENSXETP00000029589
ENSXETP00000044012
ENSXETP00000026188
ENSXETP00000052276
ENSXETP00000027380
ENSXETP00000025663
ENSXETP00000031610
ENSXETP00000012848
ENSXETP00000027382
ENSXETP00000040325
ENSXETP00000031002
ENSXETP00000047766
ENSXETP00000025668
ENSXETP00000023063
ENSXETP00000035110
ENSXETP00000054300
ENSXETP00000019720
ENSXETP00000050384
ENSXETP00000016705
ENSXETP00000000748
ENSXETP00000052892
ENSXETP00000006483
ENSXETP00000055965
ENSXETP00000025236
ENSXETP00000003195
ENSXETP00000054902
ENSXETP00000007991
ENSXETP00000058021
ENSXETP00000046491
ENSXETP00000018272
ENSXETP00000050158
ENSXETP00000000953
ENSXETP00000047968
ENSXETP00000027383
ENSXETP00000002563
ENSXETP00000055806
ENSXETP00000012617
ENSXETP00000029355
ENSXETP00000011882
ENSXETP00000050574
ENSXETP00000026216
ENSXETP00000026002
ENSXETP00000045251
ENSXETP00000053343
ENSXETP00000022886
ENSXETP00000054381
ENSXETP00000042332
ENSXETP00000013380
ENSXETP00000042286
ENSXETP00000053581
ENSXETP00000019433
ENSXETP00000011920
ENSXETP00000055810
ENSXETP00000027719
ENSXETP00000012093
ENSXETP00000023698
ENSXETP00000043319
ENSXETP00000035476
ENSXETP00000009327
ENSXETP00000027083
ENSXETP00000045165
ENSXETP00000008118
ENSXETP00000040193
ENSXETP00000007437
ENSXETP00000046098
ENSXETP00000024679
ENSXETP00000028848
ENSXETP00000038043
ENSXETP00000050719
ENSXETP00000051947
ENSXETP00000036251
ENSXETP00000023333
ENSXETP00000051462
ENSXETP00000003106
ENSXETP00000029152
ENSXETP00000003150
ENSXETP00000054610
ENSXETP00000028626
ENSXETP00000010166
ENSXETP00000040693
ENSXETP00000010331
ENSXETP00000046616
ENSXETP00000012637
ENSXETP00000013655
ENSXETP00000023818
ENSXETP00000046927
256
1 0
1 2
3 2
4 1
5 4
4 6
4 5
7 5
5 8
9 8
10 5
8 11
12 8
5 13
12 14
7 15
16 7
15 17
18 1
15 19
20 14
21 14
22 14
20 16
13 5
16 23
24 8
10 25
15 26
7 27
28 8
22 29
30 12
31 7
11 32
13 10
33 13
34 14
30 35
36 23
37 13
38 9
14 39
10 40
41 12
8 16
14 42
15 32
43 35
14 44
45 12
20 46
6 47
45 48
16 20
48 8
32 31
49 30
36 14
15 50
44 51
23 52
53 14
54 12
36 55
37 25
56 16
57 8
16 8
58 15
54 59
35 16
60 29
61 14
38 62
60 63
64 16
65 8
66 16
16 67
24 21
45 68
17 7
41 29
69 42
30 43
60 44
70 20
71 15
12 30
72 69
14 51
73 49
74 14
29 60
29 41
75 69
8 76
77 44
8 78
29 22
43 79
32 80
12 69
8 81
15 16
12 70
43 30
21 24
38 70
47 6
15 7
30 16
11 82
43 46
83 12
57 48
19 84
47 85
73 12
86 40
66 45
26 21
23 58
8 87
8 24
88 8
7 89
90 12
58 80
12 52
91 46
35 30
53 60
92 72
53 44
49 12
76 8
93 14
48 91
53 51
16 43
72 53
14 36
29 54
29 68
42 22
15 71
94 6
14 61
95 29
48 81
5 32
8 9
14 21
10 33
95 12
16 26
66 12
16 30
14 69
16 66
12 95
63 77
14 84
96 8
80 32
21 26
13 33
97 77
14 34
98 5
19 15
99 8
64 14
77 97
44 60
62 55
45 14
52 48
40 10
77 63
52 23
12 54
98 100
96 51
23 14
12 101
102 12
81 29
98 33
30 20
100 98
51 60
103 15
14 45
68 90
1 104
49 54
32 11
105 83
37 5
105 12
72 14
12 41
29 81
14 93
62 70
16 35
45 30
70 38
84 29
23 19
12 16
48 106
107 18
90 108
109 7
41 81
12 79
62 38
14 35
43 110
37 98
7 109
6 111
81 68
106 99
112 6
79 43
10 13
4 59
85 47
15 99
15 56
69 75
87 65
34 39
60 51
39 14
81 12
72 16
60 97
42 69
86 33
33 86
9 38
31 32
45 83
52 81
51 96
15 113
11 7
32 17
110 108
12 29
