#qgen
59
1887
1586
1615
24
452
1700
673
787
859
505
1432
1551
799
104
1868
1405
393
927
589
900
405
440
1893
1766
1902
1877
886
1943
1946
1600
944
1912
1892
249
1676
477
1418
1
65
1302
1780
1648
668
2040
1187
1764
480
1307
1638
664
393
29
259
934
1526
298
432
1408
12
128
1 0
2 1
3 1
4 1
1 5
6 0
2 7
8 5
8 9
2 10
5 11
12 5
3 2
13 5
13 14
10 15
16 14
12 17
18 5
19 17
4 7
20 0
21 2
13 22
3 4
2 23
24 20
17 5
3 25
21 26
13 24
27 5
5 28
24 29
30 5
31 5
32 24
10 33
21 34
21 23
32 17
21 4
35 5
33 34
35 20
19 5
34 23
33 15
5 36
37 5
26 15
33 7
38 5
24 39
40 5
21 7
34 1
41 5
2 26
3 34
3 7
35 17
7 23
42 5
25 15
43 39
16 32
21 10
9 24
8 35
44 5
45 5
25 34
1 46
16 5
15 34
47 5
5 29
48 5
21 15
13 32
49 3
4 34
2 4
2 15
15 23
9 20
3 26
50 47
17 46
32 5
3 33
25 7
33 25
22 8
4 25
33 23
51 5
50 32
14 5
50 40
52 5
43 27
26 23
53 5
5 54
7 34
24 35
8 39
1 23
15 7
4 33
3 23
25 23
55 5
43 5
6 5
21 1
56 5
57 5
17 36
21 25
26 10
3 10
50 12
21 3
58 5
50 5
