#qgen
120
1915
1790
1334
684
214
237
1996
2020
529
36
1015
927
862
1417
705
955
464
623
204
818
1577
528
422
664
1479
671
1093
1164
387
43
766
1922
56
2023
803
670
1694
521
635
1248
1359
323
1440
472
1925
1313
417
1692
1860
860
808
926
1050
1646
1021
1969
1622
1965
1644
1132
643
987
742
342
508
1822
1408
32
652
920
459
2025
1337
1068
11
1297
446
795
227
476
1586
1372
1288
112
1347
726
43
356
897
1457
1603
1888
401
1146
1442
527
748
1229
1054
1670
1777
1089
1122
1276
912
1909
1770
1918
1244
1105
1085
839
1304
1891
128
1994
1579
2034
268
230
256
1 0
1 2
3 1
4 0
5 3
5 6
3 7
8 6
5 9
10 1
7 11
12 0
3 13
14 1
6 15
16 1
17 2
8 18
10 19
8 20
10 21
12 22
23 0
10 24
25 11
26 19
27 11
12 28
10 9
10 29
17 30
31 1
32 19
33 4
2 34
10 35
36 1
37 18
38 7
39 18
26 40
31 41
42 19
39 43
37 44
45 43
46 1
47 2
48 19
49 28
50 22
4 51
11 52
53 27
48 28
1 54
16 36
8 44
28 55
56 48
57 35
58 9
56 59
60 13
61 20
62 1
49 59
38 25
32 63
31 4
38 3
12 64
65 59
35 40
11 66
67 54
35 68
13 18
64 69
6 13
2 70
31 42
10 30
52 20
8 71
63 72
35 21
39 57
8 39
67 3
35 73
74 66
63 19
30 75
12 76
60 77
78 35
7 79
80 20
9 54
31 10
28 59
81 36
8 82
39 6
73 69
83 3
55 65
11 84
68 1
85 68
67 15
39 37
8 86
57 60
67 58
6 58
10 65
87 28
37 15
43 18
88 3
14 10
89 52
44 77
39 90
52 40
10 91
80 57
64 1
29 41
42 2
35 51
5 92
12 55
51 59
93 1
27 20
29 40
14 23
29 21
26 21
48 94
95 0
42 96
28 65
67 97
57 58
58 54
17 52
98 3
2 75
94 22
55 19
99 60
30 2
94 87
22 72
13 100
56 101
98 27
67 60
60 102
92 102
103 73
3 41
48 59
104 80
32 26
7 105
85 9
92 67
37 67
92 77
68 106
7 107
44 18
48 107
82 96
35 1
101 108
92 100
92 3
109 21
57 13
75 70
29 51
10 40
49 10
92 57
101 94
52 82
36 61
57 86
48 63
22 55
73 61
19 65
12 72
36 9
73 30
35 59
3 25
85 1
78 21
104 82
110 7
55 59
111 37
112 2
57 100
37 57
113 0
98 65
89 98
14 73
114 47
21 40
92 37
85 115
6 100
44 35
43 93
49 72
116 10
114 10
57 3
6 3
43 117
51 20
12 65
42 4
118 82
21 20
8 5
12 48
32 10
10 69
115 105
90 67
12 78
56 72
119 20
86 13
36 69
12 87
57 44
8 90
104 52
26 7
5 67
67 100
55 107
114 52
31 117
92 97
