#qgen
120
1919
944
990
119
1917
1951
600
2017
568
205
624
1074
1457
1598
1883
641
1310
476
1397
1698
68
153
527
1155
1193
1945
501
1940
228
1219
257
1551
246
1132
89
129
1798
249
748
192
8
964
1182
890
1892
1912
1132
642
1665
29
1325
1317
173
84
1447
1628
1826
107
1946
1746
1912
1634
198
1431
1771
1737
1707
1757
611
341
1435
597
346
1781
1218
1729
1551
1313
1884
1092
1630
1079
1574
1046
946
529
121
1813
491
337
945
1892
1238
534
1780
1772
432
1982
1389
208
355
13
1473
2010
235
1512
554
1149
975
1894
1384
1346
1163
808
1532
1638
1898
1646
1964
742
256
1 0
1 2
1 3
1 4
1 5
2 6
1 7
1 8
9 6
1 10
11 5
1 12
13 9
14 5
1 15
13 16
17 11
1 18
13 19
1 20
1 21
22 5
0 23
18 24
1 25
26 11
1 27
0 28
1 29
30 5
28 31
32 26
33 17
1 33
1 34
0 35
1 36
37 26
9 38
30 39
1 30
1 40
1 41
1 14
18 42
1 43
44 21
13 45
13 46
13 47
48 32
40 44
1 49
36 38
31 38
1 47
13 50
1 51
1 52
22 38
53 14
1 54
17 22
13 55
7 56
1 57
13 58
17 9
59 44
1 60
7 44
1 61
37 6
62 7
1 31
1 63
22 37
64 50
48 26
65 5
13 29
17 66
37 2
26 30
13 52
1 67
27 0
1 68
69 7
1 70
1 71
1 72
17 6
26 64
26 56
73 38
30 71
38 5
6 61
44 18
9 56
56 38
28 74
65 48
5 66
75 44
1 76
1 64
48 38
77 70
37 9
78 7
56 16
35 57
1 79
32 2
1 80
1 81
13 82
13 11
9 11
13 31
83 17
48 84
2 30
13 8
20 85
1 82
48 37
1 74
47 37
2 61
86 66
13 18
1 87
1 88
11 16
89 5
6 90
5 16
26 2
44 63
31 56
78 91
26 14
1 92
2 39
38 16
1 93
39 61
1 94
30 95
9 5
96 48
14 25
14 90
97 5
6 38
25 71
1 22
9 16
13 17
7 79
7 98
1 37
13 99
17 16
13 81
100 77
1 90
73 89
1 101
56 90
26 25
1 102
13 103
37 30
13 32
1 104
1 105
7 5
6 14
44 70
106 18
1 107
35 8
61 5
13 94
44 108
1 53
48 17
1 109
13 100
1 103
18 48
60 26
26 110
5 90
6 56
19 48
6 97
2 111
98 77
1 112
1 55
1 24
113 30
44 77
83 31
77 72
53 71
1 11
1 62
16 90
44 68
13 114
1 115
1 116
1 45
73 115
1 83
21 47
1 42
64 38
44 100
106 63
13 110
13 49
1 77
75 63
1 117
13 85
1 96
1 118
106 40
1 59
13 7
13 15
1 97
1 113
13 57
90 66
5 114
32 71
13 83
1 6
1 99
21 18
1 75
26 5
61 14
9 114
1 95
57 66
1 119
75 51
