#qgen
56
1066
820
1613
360
370
1052
1707
1427
201
335
1858
1352
248
1649
501
1851
599
1577
1721
1386
271
1074
1500
1548
1011
1079
291
1470
25
1302
1269
266
1051
1914
1255
498
2015
1019
1306
321
803
34
1610
1870
1982
1106
1993
385
2046
1580
600
476
279
1719
45
1366
128
1 0
2 0
3 0
0 4
4 5
6 5
7 4
8 4
9 5
7 10
8 11
12 4
13 7
0 14
9 15
16 5
9 17
7 18
19 14
20 0
14 21
12 22
1 23
13 24
13 10
6 25
26 24
19 27
28 16
7 29
30 21
16 21
16 20
1 31
19 32
33 10
32 34
7 35
27 36
16 30
33 37
38 17
28 39
24 17
18 40
19 13
35 32
4 40
41 32
22 24
5 41
19 35
9 25
7 25
7 24
42 24
23 17
6 24
16 38
6 22
20 15
10 14
43 27
4 24
12 30
19 17
44 15
45 10
33 28
11 14
45 38
40 26
43 46
47 27
10 48
18 31
8 25
7 47
23 49
23 5
40 50
51 32
30 34
7 16
4 46
1 32
52 48
22 40
9 24
44 17
36 35
42 29
35 38
23 53
42 38
8 41
6 53
12 39
43 21
0 9
45 29
19 18
28 47
45 26
54 10
4 36
45 9
21 50
10 51
51 50
30 55
8 29
36 32
19 25
54 15
42 43
22 38
15 49
19 21
42 50
51 53
13 32
30 24
33 38
6 4
20 34
4 26
10 36
