#qgen
58
1893
1349
1868
830
1570
291
142
115
679
1470
1536
1072
1724
1603
1037
962
1328
1016
607
1655
649
687
1982
1909
1721
1255
978
566
1347
1686
455
1518
1068
569
1027
531
1878
541
1823
99
125
1248
81
1951
1306
1300
1883
1971
49
1215
1201
2047
1465
748
1610
287
336
1222
128
1 0
1 2
1 3
4 3
3 5
6 3
1 7
6 0
8 5
1 9
0 10
1 11
7 12
13 12
6 7
14 2
7 0
14 3
9 10
6 2
4 15
7 16
5 17
15 10
16 18
19 2
16 20
14 7
15 21
0 22
3 19
11 23
24 19
13 20
11 25
15 26
4 19
15 27
17 28
29 27
24 25
30 18
31 1
14 29
19 18
32 15
33 19
34 23
31 32
16 9
34 35
27 5
34 29
7 33
30 25
36 25
14 36
37 18
6 38
39 6
40 21
41 13
31 36
22 17
42 2
33 9
7 43
9 44
13 0
1 45
23 8
38 46
31 44
12 21
14 17
34 16
1 38
47 6
39 11
45 44
32 22
11 24
23 5
40 16
24 26
48 1
12 23
40 5
48 30
49 23
15 25
39 14
4 49
16 10
17 2
7 50
37 25
51 12
36 18
52 27
14 15
41 38
38 23
7 53
8 54
38 3
37 49
15 9
13 49
16 5
9 17
14 1
19 44
16 54
50 23
7 25
20 23
1 55
39 15
12 44
48 27
56 54
47 39
40 57
11 40
0 16
11 3
1 16
