#qgen
113
1893
1349
1669
1964
1328
566
1721
1823
1586
718
531
649
1215
1027
607
901
681
1863
808
1068
541
115
143
394
769
534
1037
1971
336
81
1282
1222
1248
1951
1046
1021
1771
259
1570
1306
232
1009
1072
284
1536
455
1805
1655
150
1868
569
99
1669
1407
1959
81
1338
1883
677
1517
459
34
1255
1603
1340
574
49
1982
561
962
1518
830
1557
1450
434
1470
1909
1201
1686
1990
975
1551
1347
1331
1206
1717
291
1878
1248
462
2047
1300
1465
341
1403
1809
808
498
673
1326
1511
1724
1887
1559
142
2006
287
748
1277
1119
987
679
110
256
1 0
1 2
1 3
4 3
4 5
4 6
1 4
7 0
6 8
1 9
0 10
1 11
7 12
13 12
6 14
1 15
1 16
4 17
9 18
19 1
20 4
21 7
5 22
11 23
22 24
4 25
26 23
27 10
28 22
0 29
13 4
20 15
26 30
31 17
32 14
21 33
5 34
22 35
33 24
36 35
31 37
26 38
2 39
26 21
26 40
41 24
42 31
35 43
44 40
45 14
44 46
47 8
48 41
12 40
40 49
50 39
24 39
51 32
52 9
11 53
41 35
54 23
55 42
30 56
57 3
17 49
20 12
27 13
1 57
1 58
13 56
59 53
60 46
21 35
25 61
60 30
1 61
12 62
21 63
61 64
65 39
66 20
67 10
34 53
68 41
4 69
36 23
64 9
51 55
64 41
70 27
27 26
7 71
20 35
5 72
13 52
73 46
74 24
75 36
76 49
26 74
77 62
42 62
78 15
33 15
71 6
59 79
20 53
25 80
20 11
17 53
4 76
81 39
35 82
63 42
83 15
59 40
1 84
32 75
61 24
66 52
85 84
86 65
87 67
22 23
0 88
7 33
1 14
26 66
67 53
89 58
66 90
52 41
27 29
7 91
70 92
41 93
89 94
13 20
1 33
28 11
37 82
5 39
76 59
30 2
89 56
4 52
63 49
60 93
76 39
3 95
37 96
75 39
97 84
26 95
75 98
86 99
100 40
101 86
44 24
20 61
58 81
91 14
78 97
12 75
25 102
63 75
71 62
57 24
72 2
102 65
59 41
65 41
103 84
25 97
90 47
53 100
32 71
21 39
38 35
1 36
25 59
1 75
104 42
68 23
29 105
63 36
20 43
90 0
77 32
51 66
21 50
13 63
80 84
13 84
27 91
106 20
54 2
26 13
93 53
101 5
4 107
47 17
54 96
87 0
50 62
98 23
97 54
32 6
50 107
82 10
9 49
67 2
13 21
108 59
26 61
109 49
18 56
56 62
52 94
98 58
25 48
110 102
97 103
77 20
13 92
26 111
56 45
18 72
71 47
63 20
75 25
56 82
108 41
4 49
73 56
84 15
71 28
27 42
25 93
5 53
46 112
40 99
8 95
67 79
22 109
41 96
36 72
75 43
93 18
9 43
24 35
51 75
8 94
101 22
98 96
