#qgen
112
1943
1789
523
402
721
1532
1376
1187
39
927
1333
1181
223
177
1495
677
1051
1805
1088
443
1310
394
348
2046
1988
62
1524
257
756
1154
231
7
1011
994
1302
785
303
531
212
1823
1407
82
569
1951
1411
1474
603
657
1815
1558
1073
959
1188
1679
248
1864
856
34
945
337
459
807
1140
649
600
122
296
916
369
1301
1470
752
1799
583
1530
1145
632
9
1079
506
1174
1604
1766
155
505
1268
1275
592
948
874
1626
469
1511
1883
1577
1359
780
1634
600
933
74
36
412
1946
1226
1366
203
695
1233
1839
1217
235
256
1 0
2 1
3 1
4 3
4 5
4 6
3 7
2 8
5 9
3 10
2 0
3 11
5 12
13 12
14 4
3 15
16 2
4 17
18 9
3 19
4 20
7 21
4 22
23 12
22 24
4 25
26 20
9 27
20 28
1 29
4 30
21 13
31 27
14 32
14 33
20 34
4 35
22 36
37 26
38 36
33 39
31 39
3 40
39 20
29 41
23 42
32 43
37 34
44 39
45 13
44 46
7 37
47 39
11 48
49 36
50 36
47 20
51 30
8 31
9 32
52 31
35 19
39 46
27 42
3 53
52 13
33 9
54 11
3 54
3 55
11 16
56 44
39 57
14 28
31 20
58 24
3 37
9 59
14 31
60 57
44 32
14 52
61 6
27 62
63 34
3 24
14 57
6 64
65 39
59 34
39 22
66 22
4 67
14 44
4 51
68 9
46 36
69 16
39 28
39 42
65 21
55 63
34 70
11 71
39 12
4 59
50 72
38 13
20 59
10 6
13 43
3 73
44 31
52 27
40 34
31 12
68 32
3 74
75 24
17 76
77 39
78 75
63 58
79 59
14 20
0 45
4 49
3 80
20 81
41 82
63 49
83 58
39 34
84 22
4 28
65 85
33 42
83 86
75 8
2 87
7 52
72 28
4 78
51 88
3 89
72 46
3 34
39 43
54 90
32 42
3 91
77 28
82 31
78 92
77 21
68 88
93 78
87 31
79 94
16 95
49 13
56 46
11 37
72 82
7 96
20 22
56 67
56 55
41 17
3 76
76 57
33 34
33 63
74 97
20 46
37 85
72 39
37 24
14 25
27 32
3 48
20 62
2 82
73 34
14 36
31 22
28 32
46 13
2 75
25 65
63 39
14 55
7 19
73 98
9 43
93 22
14 99
3 100
10 64
101 42
4 85
3 57
44 13
52 42
1 102
52 39
14 42
90 42
4 90
96 39
6 12
5 18
3 103
9 62
52 59
22 94
101 39
104 13
44 65
105 39
50 97
20 42
106 97
107 88
14 63
7 43
28 21
46 35
47 13
66 38
14 26
51 20
44 72
96 34
4 107
108 45
56 12
24 34
59 22
20 57
4 109
39 36
33 32
4 70
66 61
14 38
56 34
78 28
59 35
63 13
5 110
16 106
85 40
4 42
14 67
111 88
