#qgen
65
1334
2045
1643
2002
1839
1898
1854
451
705
1978
177
148
184
83
762
1056
411
1026
801
756
1833
1734
595
1119
1384
331
1500
1244
1209
154
1944
60
1016
143
758
1434
282
176
1171
1206
907
996
1763
1102
392
1477
1868
590
558
736
578
716
1271
820
1015
434
1326
123
1128
1681
1128
664
938
440
1617
128
1 0
1 2
0 3
2 4
5 4
5 6
5 7
5 8
2 9
5 10
5 11
5 12
13 10
5 14
5 15
1 4
5 16
6 17
5 18
19 0
5 20
0 21
22 3
19 4
5 23
24 10
5 25
20 26
17 27
1 27
5 28
29 13
5 30
5 31
5 13
5 24
32 24
32 33
34 33
1 3
16 27
5 17
16 35
16 33
17 36
5 9
32 17
19 2
5 37
32 4
4 26
16 10
5 38
5 39
35 27
32 6
2 40
4 36
5 41
0 4
5 42
43 35
29 16
35 25
5 44
1 43
19 3
5 45
0 46
5 34
5 47
20 17
5 48
29 1
5 49
5 50
16 24
5 51
5 52
32 36
5 53
16 36
10 36
43 23
51 54
5 55
5 56
19 1
35 17
29 27
2 3
54 56
26 36
43 27
24 26
4 3
57 35
54 58
5 33
32 26
1 9
34 54
10 26
10 33
38 46
2 0
35 23
5 59
5 60
5 57
5 61
22 13
17 26
54 61
5 54
34 16
5 62
6 26
33 26
1 35
5 58
1 63
3 40
32 10
32 64
64 17
64 20
64 26
