#qgen
95
1334
2045
1643
2002
1839
1898
1384
1001
1250
148
817
60
1581
758
610
1707
1500
77
411
1405
756
288
558
974
410
282
1215
1474
377
1015
1888
1196
1434
1703
441
887
632
1055
1896
83
664
1244
1634
1026
1870
203
944
687
824
1534
177
1016
123
595
412
393
143
449
1833
184
1429
1326
1761
874
379
367
1369
1274
807
619
13
1681
1751
331
154
1300
1128
1004
1854
1413
770
1102
684
1403
542
578
1171
1868
1969
1674
1209
590
820
1495
1051
256
1 0
1 2
0 3
2 4
5 4
5 6
7 5
8 5
5 9
6 10
5 11
12 5
13 10
5 14
10 15
4 16
17 5
18 15
6 19
20 1
6 21
1 4
5 22
5 23
6 24
18 25
6 26
27 25
28 21
5 29
30 15
21 31
18 32
33 16
34 13
35 15
36 31
35 37
37 38
5 39
29 40
15 41
28 42
35 28
43 31
21 44
34 35
45 5
15 25
10 19
6 31
34 28
13 46
18 30
44 41
47 25
48 5
7 41
49 21
49 50
42 15
51 47
52 32
53 39
54 19
20 4
6 16
55 16
55 56
6 57
19 38
58 35
55 24
5 59
21 46
60 14
30 56
18 10
32 19
61 44
21 56
62 29
26 50
63 33
64 54
64 19
65 15
5 66
31 67
39 54
5 68
69 47
55 36
51 42
36 70
6 35
71 44
70 47
24 38
44 72
5 73
56 44
28 41
28 54
49 67
69 56
74 41
63 25
6 42
6 47
19 26
31 56
49 38
49 64
75 16
36 42
51 16
29 76
44 77
49 54
69 16
51 78
42 50
20 2
35 56
51 25
6 67
31 26
19 42
46 31
18 37
21 41
24 67
52 49
79 63
18 36
46 69
46 38
80 44
1 41
51 60
13 29
64 31
81 32
5 77
51 82
18 31
65 19
24 83
6 37
16 25
84 41
5 76
5 85
69 42
64 41
28 50
63 70
43 16
51 65
30 31
32 64
18 28
1 32
28 63
63 16
18 26
19 56
5 86
10 36
36 19
75 61
21 70
0 87
60 31
63 26
51 70
60 78
51 55
18 56
5 72
88 7
79 5
6 44
29 14
51 64
65 56
49 41
82 46
13 31
34 69
75 21
49 46
2 0
22 44
81 19
30 16
64 42
69 38
18 33
75 86
75 5
56 16
21 19
89 5
63 47
82 49
4 25
90 44
46 42
21 64
54 70
70 67
88 26
5 91
10 42
21 38
74 1
67 83
46 15
38 15
32 69
35 63
5 92
32 42
88 5
93 25
63 56
51 49
13 18
19 15
55 46
18 63
48 29
15 56
26 25
51 21
94 5
69 25
13 38
67 50
47 50
6 93
63 46
51 19
13 65
5 43
67 41
13 56
1 81
51 4
49 25
33 37
37 70
30 67
31 15
