#qgen
104
1107
1823
1882
1009
700
82
1646
944
1891
2015
392
108
600
689
1214
386
313
1402
7
1215
257
894
1123
642
432
1366
1091
1291
1224
927
848
285
1517
317
1895
1946
1181
260
1119
478
1626
649
1182
676
1144
950
574
9
277
1870
193
1254
1717
1069
1122
1019
1500
674
474
999
890
374
1435
1338
1934
1551
803
1405
1821
1265
1046
626
29
945
1497
295
846
966
1932
1221
1345
232
370
1194
1012
249
1798
1707
1605
924
1307
915
597
776
1187
1009
1004
1679
419
736
1243
1875
990
738
256
0 1
2 1
3 2
3 1
2 4
0 5
2 6
7 0
2 8
9 6
2 10
9 11
7 12
3 13
14 10
15 1
2 16
17 3
18 8
3 14
3 19
2 20
21 6
22 20
21 18
21 23
24 11
18 25
26 8
24 13
27 9
28 11
9 29
30 9
31 24
32 24
33 10
31 11
27 26
34 23
3 35
3 36
37 20
26 38
21 39
36 11
35 40
41 29
24 42
43 13
44 1
45 38
19 29
14 46
37 47
48 11
22 10
13 20
45 49
22 29
32 50
36 12
43 51
1 16
24 34
34 49
43 38
52 40
45 1
30 53
27 54
26 9
55 40
25 8
51 56
32 18
21 57
45 58
5 59
2 60
61 8
9 8
60 62
32 53
63 23
64 47
65 49
63 38
3 66
45 65
67 11
68 48
69 1
3 63
61 49
31 70
51 71
69 35
22 66
72 55
15 73
74 73
2 9
2 65
75 9
76 73
38 23
77 34
52 78
32 79
80 40
81 73
43 62
74 38
34 68
67 10
26 59
82 22
83 58
32 49
13 11
2 38
46 20
84 12
21 9
85 10
50 86
76 87
52 88
74 11
89 57
90 1
60 11
88 65
14 4
19 47
91 63
31 62
67 88
45 63
3 29
61 34
42 56
67 51
13 81
92 14
76 72
82 41
82 40
54 56
21 13
78 56
82 60
46 34
51 1
1 48
87 47
89 53
93 81
30 41
88 80
83 55
34 40
64 9
46 62
41 54
27 59
36 73
12 59
21 63
17 45
63 16
94 73
78 87
26 1
12 9
13 38
95 80
58 55
61 88
96 51
58 1
82 43
72 38
91 35
96 46
46 39
19 40
52 29
57 37
57 80
28 56
24 62
22 97
51 38
82 8
67 1
3 91
95 47
14 88
76 26
64 1
36 28
92 22
90 88
95 30
63 32
82 12
29 94
78 20
2 53
43 16
36 21
70 48
67 64
79 80
52 25
67 30
17 58
76 96
51 8
6 8
25 56
33 98
29 49
2 47
45 53
32 80
9 99
27 23
83 50
36 76
51 25
95 14
100 97
101 24
51 70
76 32
61 38
97 16
100 66
43 79
30 102
17 103
31 22
22 28
63 14
61 79
82 68
50 30
69 55
101 1
91 38
72 14
36 97
46 6
