#qgen
57
1107
1823
361
1895
1924
1019
1946
1187
1150
927
1626
945
1435
1891
478
1605
1046
649
642
260
1265
1122
1500
1679
1345
1878
736
1870
2015
1221
700
1551
674
1069
9
295
1646
1821
803
1012
257
738
1366
474
277
210
108
1798
600
1144
1440
1276
313
1182
944
1543
999
128
0 1
2 1
3 1
4 1
5 1
0 6
3 7
0 8
3 9
9 7
3 10
9 11
12 6
5 13
14 10
15 1
16 1
17 5
16 7
5 10
5 18
19 1
16 5
17 20
15 21
18 22
12 9
15 23
24 6
11 22
25 7
9 26
27 6
20 6
28 21
26 21
7 11
9 10
29 22
27 18
3 30
3 31
32 14
20 27
15 33
7 34
35 26
36 21
16 37
9 38
39 0
32 31
16 12
16 9
31 26
6 40
32 5
7 41
42 34
43 14
44 22
16 6
32 37
0 45
16 46
47 22
43 26
48 28
49 1
19 34
17 22
5 21
28 26
3 25
39 50
27 11
13 23
30 46
3 34
9 1
4 24
3 12
51 48
31 18
15 14
31 46
32 44
27 22
20 1
25 30
6 52
28 30
1 22
43 1
35 28
16 32
43 28
37 18
12 53
42 36
54 8
54 55
41 1
34 1
5 22
54 56
13 21
32 17
42 31
16 28
43 21
50 51
42 22
35 20
17 44
5 29
14 30
12 42
36 38
16 21
5 27
13 1
11 29
6 10
5 6
5 11
26 44
54 50
