#qgen
111
1480
983
392
63
200
420
1556
1584
649
66
257
1783
195
2023
60
111
43
1327
419
1548
1806
1013
1670
944
999
739
228
1890
149
1394
495
192
1982
5
272
285
37
1219
199
135
1086
609
193
576
488
1256
1892
291
549
2046
1181
1071
130
446
1979
658
1175
1917
613
224
991
1383
1071
1087
210
1474
617
580
161
1885
266
1378
868
1679
1011
494
287
278
32
1160
1651
1927
977
106
68
2026
1571
1103
1061
657
498
393
696
1549
1133
65
1816
344
1215
554
1207
609
2015
1040
1921
1534
455
721
89
1628
505
256
0 1
1 2
3 1
4 1
1 5
5 6
7 5
8 6
9 0
10 6
11 10
12 1
13 1
14 3
7 15
3 16
16 17
18 6
1 19
4 20
1 18
4 21
13 22
23 11
3 24
11 19
25 1
3 26
27 1
1 15
28 15
29 1
30 2
11 31
10 32
29 7
7 11
5 32
4 33
8 11
34 1
4 35
27 16
4 16
36 16
37 6
38 15
29 18
39 37
22 40
41 40
41 42
1 6
22 43
37 19
15 6
34 6
44 31
45 18
13 11
38 46
39 10
47 16
1 31
48 44
1 49
50 15
28 10
29 10
38 51
52 38
53 15
54 1
55 17
38 56
38 57
44 56
13 58
13 40
59 38
60 2
13 21
48 38
4 49
61 1
14 51
28 18
13 48
4 62
3 63
44 45
64 1
20 65
13 20
66 1
48 18
67 16
30 68
69 52
48 70
16 66
71 38
34 11
41 21
7 31
72 3
10 73
13 4
30 74
65 40
75 0
76 40
50 5
77 46
77 75
11 15
19 6
23 28
78 41
18 32
38 79
38 32
27 80
7 6
1 56
50 37
41 54
21 38
10 31
48 37
13 54
44 50
81 15
43 78
44 10
39 50
70 75
47 36
69 82
48 28
37 15
70 83
10 56
36 71
84 42
69 9
84 85
1 46
86 60
43 76
50 19
34 28
15 18
87 1
52 53
41 17
88 40
30 36
0 45
89 1
7 53
13 90
63 61
53 38
55 3
5 31
71 16
17 1
62 91
13 42
85 38
92 8
69 11
1 37
83 93
94 1
45 11
81 95
3 96
19 5
76 42
97 37
75 52
3 91
55 40
34 73
34 50
19 73
34 5
73 32
50 28
44 19
69 0
34 15
4 48
4 41
36 91
52 37
9 77
20 40
1 98
0 38
55 76
14 38
1 99
48 73
76 21
14 80
45 100
38 101
39 34
69 19
39 8
70 15
62 36
1 51
1 57
44 6
20 35
73 5
63 91
1 102
58 40
69 66
18 19
70 95
1 11
44 1
38 28
50 11
48 29
48 31
39 11
28 11
86 103
13 76
86 2
18 31
47 91
104 68
105 1
12 95
11 73
15 32
50 53
91 106
83 15
53 93
4 65
70 107
108 103
97 0
75 109
78 40
69 109
110 11
