#qgen
106
126
22
91
39
2
105
87
125
119
51
102
63
55
108
25
23
57
29
40
102
71
77
99
86
127
31
124
44
120
71
15
69
7
96
92
107
55
53
1
2
13
78
120
24
95
110
109
22
30
123
104
25
68
102
27
68
12
126
78
32
128
49
99
42
36
14
35
48
79
128
39
94
52
9
65
45
102
33
54
88
105
105
122
73
124
14
80
46
79
29
108
51
55
13
91
119
26
123
95
104
66
69
84
3
89
20
256
0 1
1 2
3 2
1 4
3 5
5 6
7 1
2 8
1 9
2 10
11 3
1 12
13 3
2 14
14 15
8 2
15 16
17 3
17 18
19 2
15 20
21 3
13 22
23 3
24 19
25 13
26 6
3 27
28 1
29 1
2 19
30 14
3 30
2 31
20 30
1 32
33 32
34 26
35 3
36 1
37 2
1 38
39 2
27 40
3 13
2 5
41 1
42 2
20 15
43 1
11 44
13 20
45 15
24 2
42 46
30 11
42 47
21 11
26 48
49 44
43 16
50 39
39 24
44 40
46 51
52 5
43 47
53 46
3 54
55 2
1 56
6 57
43 2
3 58
3 18
59 11
55 8
60 3
24 55
49 61
28 5
58 62
63 10
44 63
64 2
50 3
65 3
59 62
36 28
66 47
58 49
5 2
31 67
21 68
68 54
69 26
70 44
43 71
72 22
63 73
74 49
25 23
5 75
68 76
39 77
15 30
78 11
76 79
80 30
81 51
70 53
58 59
49 58
20 3
42 52
70 62
62 15
82 59
83 55
1 84
45 49
78 45
3 50
44 16
43 5
2 1
85 82
86 1
46 53
59 23
1 87
79 31
88 79
32 5
30 59
73 39
36 67
60 89
35 77
85 5
45 61
30 25
3 65
30 49
90 43
82 50
25 54
47 2
81 44
15 70
3 81
25 30
3 91
87 5
92 68
59 16
31 10
72 68
23 93
2 37
45 16
23 30
43 94
16 78
53 44
8 31
2 67
15 49
27 3
44 51
77 35
95 70
5 48
49 74
26 85
72 92
33 43
1 57
52 1
53 14
78 16
62 3
59 70
30 58
30 16
68 49
1 6
44 68
80 44
23 72
49 78
3 95
73 96
24 97
30 62
46 42
61 45
34 98
75 1
70 95
22 13
99 43
59 100
30 100
101 24
74 15
26 57
3 17
74 16
30 46
24 101
59 51
45 58
72 13
16 61
53 3
16 3
16 70
61 78
68 82
60 65
43 87
2 97
53 51
3 46
35 81
26 28
82 68
6 45
30 95
72 54
55 31
39 8
44 102
82 3
49 62
3 16
44 50
68 79
103 26
10 73
93 15
81 14
84 1
46 71
49 50
104 3
73 97
105 3
90 2
59 54
2 24
49 51
70 68
82 70
77 97
