#qgen
58
117
55
37
92
97
58
119
103
1
28
103
60
127
16
42
36
122
79
109
54
59
17
29
37
79
85
11
36
8
127
43
51
61
17
109
18
48
120
102
94
29
52
106
21
39
7
94
26
107
91
82
91
47
74
37
69
30
113
128
0 1
0 2
3 2
2 4
5 4
2 6
7 5
5 8
2 9
10 3
11 7
11 12
6 2
6 13
14 4
12 15
16 2
2 16
6 16
17 9
7 12
16 6
18 5
13 6
19 4
5 20
21 9
15 22
5 23
12 17
7 24
5 25
13 22
5 22
22 26
27 12
11 28
21 27
4 29
30 22
9 2
30 2
22 28
5 15
25 31
4 32
5 33
34 1
20 5
34 35
31 36
37 1
19 36
9 37
38 22
1 39
35 40
22 7
31 34
28 5
4 25
8 41
25 34
34 36
40 32
31 19
42 16
13 42
8 22
31 32
27 5
19 32
1 3
4 43
1 44
32 40
45 7
46 5
47 38
46 30
5 24
34 31
35 48
0 49
50 5
51 20
21 1
5 38
3 47
36 34
22 37
52 5
38 5
28 7
5 19
5 36
4 2
36 33
36 31
37 17
44 27
5 28
43 4
53 28
11 15
5 52
28 22
54 46
36 19
21 54
34 29
1 21
55 13
36 25
1 51
41 48
7 22
2 1
5 34
16 42
38 47
1 34
56 41
34 5
41 8
54 4
57 22
17 21
