#qgen
114
52
101
123
61
15
77
95
20
7
21
80
93
14
87
117
37
83
37
121
67
117
64
111
11
88
63
71
19
107
40
34
49
33
105
88
33
73
33
10
88
26
24
2
35
65
95
101
51
114
79
122
44
91
118
78
80
109
102
3
21
56
83
81
94
128
80
18
33
101
85
24
110
52
30
127
16
101
125
115
110
38
59
25
90
113
43
11
100
8
101
23
7
21
72
53
1
48
44
41
69
110
73
52
57
82
121
47
42
68
109
123
69
69
17
256
1 0
2 1
3 1
4 1
1 5
6 1
1 7
8 1
9 1
6 10
3 11
12 1
6 13
14 1
15 6
1 16
2 17
10 6
18 1
19 14
20 19
21 15
19 22
2 23
24 16
6 25
3 26
24 27
28 1
22 29
1 30
31 6
13 6
24 9
1 32
33 22
34 1
35 1
26 1
6 36
1 37
38 17
27 39
40 26
31 41
23 42
43 42
44 5
45 17
3 42
3 46
17 47
48 1
49 2
49 47
49 50
51 42
6 31
43 46
1 34
2 19
52 44
43 26
53 42
54 19
45 27
26 44
55 42
1 56
57 42
6 58
1 13
50 17
3 59
45 49
31 13
1 60
61 43
62 44
27 33
63 1
2 64
42 3
65 3
7 19
3 61
66 3
6 62
27 67
2 49
68 6
49 69
70 1
71 1
42 55
42 53
67 45
38 9
72 26
50 49
6 73
1 74
1 75
54 76
6 77
72 78
12 27
27 12
44 76
79 6
80 1
1 55
63 26
42 16
81 6
5 1
64 42
43 33
19 62
26 16
1 27
1 12
9 38
10 1
3 66
22 3
1 4
2 82
83 42
29 27
84 1
17 1
72 42
2 39
85 1
19 2
2 42
27 55
33 45
86 1
87 1
78 88
42 2
70 42
16 24
33 26
1 89
6 90
58 6
82 23
45 43
21 6
27 29
6 91
54 26
77 79
29 92
67 27
93 1
19 54
41 6
6 94
42 57
3 9
29 24
86 95
15 21
52 43
27 57
3 96
1 14
63 42
3 52
23 1
52 26
42 64
76 44
43 27
56 1
6 97
45 3
1 98
42 51
1 72
99 6
42 9
1 100
98 1
101 1
7 1
29 43
42 24
24 95
16 52
77 44
3 102
41 13
33 6
32 1
83 1
33 27
89 1
1 103
55 76
6 104
96 29
33 76
105 3
54 6
72 43
27 24
76 33
44 45
88 6
39 45
46 3
106 52
45 39
107 6
30 1
95 86
103 1
42 43
23 82
108 26
27 37
109 44
37 1
1 80
1 3
6 88
86 42
60 1
62 6
42 108
19 26
110 1
52 16
105 43
76 19
6 111
42 12
4 47
11 3
76 55
1 51
21 78
45 112
57 43
1 57
1 50
113 43
2 38
43 108
14 19
45 53
