#qgen
59
56
28
57
82
17
78
77
102
65
48
75
47
55
81
101
111
44
119
101
21
25
42
112
25
122
11
73
2
72
85
90
48
120
106
49
65
108
102
119
102
58
124
19
44
46
4
101
114
82
101
73
124
75
34
16
64
20
104
42
128
1 0
0 2
3 1
2 4
4 5
6 5
5 7
2 8
9 5
10 5
4 2
3 11
12 3
8 2
13 5
3 5
14 2
5 15
12 16
17 16
18 5
1 19
20 3
21 5
4 22
5 4
23 1
5 24
5 6
5 25
26 23
5 27
27 5
5 10
28 5
5 29
5 30
31 2
32 5
3 33
0 34
33 16
35 5
5 36
0 37
5 38
6 39
3 20
24 40
41 5
42 2
39 6
43 8
39 5
11 3
43 42
44 26
5 39
45 5
5 45
28 20
5 20
16 12
26 3
28 36
5 46
16 26
3 47
48 5
40 4
49 5
15 5
1 23
36 50
51 28
1 3
52 3
7 5
4 40
1 16
43 0
51 5
16 47
53 16
40 36
53 29
16 11
20 30
54 2
1 55
0 43
43 37
25 5
16 52
3 52
5 50
51 40
28 51
24 5
5 28
2 43
43 54
34 43
43 2
27 56
20 36
17 3
1 44
2 31
30 5
44 1
3 53
31 43
20 40
57 26
21 40
53 5
46 5
38 5
20 28
56 5
36 5
8 43
54 43
19 1
23 26
5 51
58 43
