#qgen
56
32
76
49
123
83
12
61
13
83
36
126
35
38
11
103
11
26
125
103
59
35
54
8
101
92
86
118
108
67
44
58
5
87
125
33
35
14
42
100
127
83
11
60
32
117
62
30
88
85
22
40
122
39
69
44
91
128
1 0
2 1
2 3
1 4
4 5
4 6
4 7
8 4
5 9
10 7
11 4
12 5
5 13
14 6
15 4
16 14
17 16
17 8
3 18
1 2
6 14
7 4
4 19
20 14
5 21
16 1
5 20
16 2
22 15
23 1
24 5
25 7
24 26
17 4
27 17
9 8
7 28
4 29
2 30
30 31
1 5
32 5
20 11
33 5
4 28
34 29
35 5
4 22
14 36
8 14
6 4
5 37
20 38
39 5
40 3
41 3
28 6
6 28
5 42
5 32
20 8
16 20
39 26
8 24
42 28
17 27
3 41
43 5
31 30
5 4
26 5
41 38
29 13
44 2
22 5
45 22
2 16
38 20
0 10
17 43
13 5
14 4
22 1
4 46
11 22
10 4
5 47
30 2
14 28
10 8
48 5
43 4
5 49
5 27
17 21
4 50
2 43
49 25
51 13
20 1
2 41
43 2
45 1
17 52
46 4
8 13
20 10
5 48
5 52
11 10
38 1
43 13
43 21
53 3
22 25
54 5
5 8
18 3
51 8
47 55
22 14
47 30
50 4
29 51
5 39
30 47
5 2
49 5
