#qgen
108
32
76
49
123
83
12
40
35
5
2
61
25
43
27
9
107
54
125
58
83
100
100
22
86
91
88
13
88
69
66
54
102
108
2
78
33
103
26
67
56
80
44
65
67
39
35
61
38
42
14
118
11
126
30
49
44
36
127
15
83
118
8
62
60
88
32
126
61
58
92
28
68
11
23
122
92
26
85
30
75
75
66
73
110
11
98
95
55
40
64
35
108
117
77
49
21
60
12
31
4
57
59
105
86
24
91
87
122
256
1 0
2 1
2 3
1 4
4 5
4 6
7 4
8 5
5 9
10 7
5 11
12 6
5 13
14 7
5 15
16 13
17 16
18 8
4 19
20 1
7 9
5 21
5 22
17 23
24 5
2 18
25 5
4 26
20 27
3 28
29 6
9 30
31 29
5 32
33 23
13 20
10 34
5 35
4 36
37 36
38 1
9 17
20 39
40 7
5 41
42 38
43 7
5 44
44 23
16 17
45 5
6 46
33 39
47 7
5 48
5 49
12 50
51 12
52 5
7 27
53 17
54 30
43 55
56 17
57 50
34 58
5 45
13 33
59 53
11 5
13 60
61 60
33 62
5 63
20 12
50 64
61 4
42 65
0 66
67 38
9 68
23 5
19 3
69 5
31 70
55 5
71 7
5 72
44 33
73 23
16 74
6 12
75 6
76 7
61 38
77 5
78 4
55 79
33 65
28 3
80 4
5 8
3 19
39 65
59 5
81 19
48 30
7 60
7 82
83 30
4 84
33 42
85 50
5 86
51 60
17 37
9 7
5 87
67 23
81 88
59 33
68 76
6 70
89 61
7 90
73 69
59 4
12 70
60 51
41 50
74 16
79 59
68 54
20 90
33 91
92 2
65 72
6 93
9 60
6 31
52 62
13 68
55 65
94 31
23 69
94 33
2 51
73 53
46 95
60 27
53 63
17 44
22 54
1 38
68 9
49 62
74 92
17 42
5 96
49 53
66 5
26 66
38 33
0 62
95 97
7 58
65 2
65 73
39 20
12 29
5 52
90 7
50 44
90 81
66 61
7 43
33 94
90 66
38 4
13 48
21 20
61 66
90 52
87 98
64 85
63 5
51 42
66 59
30 48
65 59
64 33
54 41
60 13
7 40
50 41
48 13
38 26
50 95
99 7
66 1
56 5
73 17
8 18
85 64
17 69
6 100
87 5
5 2
5 59
98 6
69 17
85 33
5 101
97 6
33 97
3 51
29 12
73 11
96 65
74 98
6 102
27 65
37 59
33 98
54 76
17 33
66 0
11 73
9 5
9 54
100 12
73 9
50 85
90 37
93 6
35 5
103 63
33 16
6 104
37 2
36 37
83 33
49 36
51 54
73 59
7 105
72 55
70 6
33 104
68 41
106 5
107 55
7 34
107 59
59 17
4 89
