#qgen
113
8
7
54
43
105
50
7
109
93
88
29
26
108
28
34
23
89
81
113
57
36
86
92
103
83
89
52
21
116
14
14
114
111
36
123
113
21
78
28
117
70
49
89
65
41
58
11
98
23
36
59
70
8
57
102
91
32
54
20
17
81
9
96
123
64
125
23
24
9
113
84
77
14
7
116
109
73
46
125
72
61
14
64
51
62
79
14
69
70
37
65
102
119
40
11
29
52
38
23
68
18
95
91
60
11
14
47
30
118
128
82
14
22
256
1 0
0 1
2 1
3 1
4 1
5 1
6 1
1 7
8 2
9 8
10 1
11 10
8 12
13 8
2 14
4 15
8 16
1 17
8 18
9 19
2 20
9 21
20 22
5 23
24 10
25 21
14 2
25 10
8 26
15 4
14 27
28 8
29 4
11 30
2 31
20 32
5 33
9 34
34 35
30 36
12 8
37 1
38 28
34 39
29 40
1 41
42 5
8 43
3 44
35 18
1 6
8 45
46 8
39 47
48 14
49 1
36 50
34 51
35 52
53 8
3 54
21 30
40 35
55 8
9 56
57 1
8 58
27 59
21 15
8 51
60 14
61 1
62 8
63 9
1 64
8 46
65 10
8 66
67 12
28 30
68 58
14 69
52 1
70 8
13 58
30 71
9 40
47 9
19 72
73 8
54 74
72 34
41 1
35 47
8 53
69 14
74 54
13 75
76 8
75 12
38 71
1 77
21 25
8 9
34 9
38 21
10 11
78 1
63 79
80 1
39 35
81 56
30 38
59 82
8 83
48 8
23 42
58 28
52 39
66 8
84 1
34 82
3 30
85 7
18 24
9 86
72 39
87 10
1 10
88 7
20 2
79 53
8 74
35 39
89 3
33 42
40 9
26 51
40 39
9 47
50 36
21 56
90 8
12 67
27 14
19 39
79 56
8 62
69 8
32 91
47 19
9 39
10 25
92 37
59 27
3 93
8 94
36 10
29 80
8 95
39 34
64 40
96 3
1 97
21 38
60 8
71 38
44 3
1 4
56 21
35 19
56 80
98 8
1 84
9 32
81 80
21 65
22 8
8 76
1 99
100 1
98 73
21 9
22 20
42 33
4 29
39 72
1 52
34 72
79 10
8 101
12 75
101 8
56 9
29 15
64 1
72 47
9 59
8 69
67 75
2 102
93 67
35 72
81 9
81 79
8 103
104 9
24 18
15 29
86 32
32 20
36 30
28 38
3 38
82 8
9 71
18 8
23 5
72 9
92 2
52 35
39 52
40 29
105 3
8 106
83 8
8 107
38 3
38 80
58 13
108 1
85 79
71 9
73 98
9 63
9 91
3 105
71 79
109 1
80 38
30 21
34 40
110 10
107 8
79 85
91 86
56 79
8 27
93 3
95 8
59 9
1 111
50 3
112 4
5 42
30 11
