#qgen
62
8
7
54
43
105
50
7
109
93
79
11
114
98
73
119
118
36
59
36
28
78
46
36
61
32
84
41
40
103
38
14
9
52
89
14
68
60
51
54
18
81
8
47
49
34
102
23
29
125
64
14
95
23
40
35
14
37
125
62
70
22
91
128
1 0
0 1
2 1
3 1
4 1
5 1
6 1
1 7
8 2
7 9
1 4
10 8
2 11
12 3
1 13
7 1
2 14
1 15
2 16
17 3
1 18
19 3
14 20
21 1
22 5
23 21
1 23
9 7
16 2
24 1
25 8
3 26
27 1
5 28
1 29
12 30
31 1
32 3
28 33
19 34
2 8
1 35
36 8
21 23
8 37
1 24
38 1
39 1
1 20
5 22
1 38
40 1
23 1
38 41
42 4
1 3
30 23
20 14
22 33
43 1
1 2
33 5
23 19
44 2
3 45
1 6
35 1
8 25
4 46
15 1
4 30
1 47
11 2
3 19
1 48
49 1
45 3
47 1
50 3
8 51
44 52
4 42
1 41
29 1
53 3
8 36
3 32
3 17
46 4
18 1
30 46
37 8
1 54
19 23
55 1
34 3
46 30
56 3
20 1
3 50
34 19
1 57
5 33
48 1
3 56
28 5
3 12
1 31
52 44
1 58
51 8
33 28
7 59
23 30
1 43
41 1
30 4
60 4
52 8
58 1
1 27
8 52
1 39
1 40
3 53
2 61
30 12
61 2
