#qgen
63
8
68
38
70
69
25
86
15
36
14
22
6
20
32
1
65
41
18
5
32
79
62
49
45
127
118
86
16
64
79
64
107
55
65
26
124
110
50
27
108
116
70
87
7
40
73
116
8
85
44
32
110
78
112
82
111
27
6
14
44
107
45
30
128
0 1
1 2
2 3
3 4
3 5
6 2
1 0
7 2
8 3
9 3
1 10
11 3
3 12
13 3
2 14
15 2
2 1
3 16
3 17
18 3
19 3
2 15
20 2
21 3
22 2
20 11
23 3
3 19
2 20
3 24
25 2
24 25
26 3
12 3
3 27
2 28
29 1
3 18
3 30
9 31
3 11
3 8
32 3
33 31
2 7
24 3
34 2
2 6
3 35
3 21
25 24
10 1
36 3
2 37
14 38
39 3
1 40
3 41
28 2
2 22
42 33
3 43
2 42
44 3
3 13
45 3
11 16
3 46
2 47
47 2
42 2
48 3
46 3
11 20
3 39
4 3
49 3
5 3
43 3
38 14
33 1
16 3
20 31
30 3
16 11
50 3
3 32
19 32
2 31
51 3
32 36
2 34
1 33
1 52
29 3
3 53
54 3
3 29
55 3
19 4
41 3
16 31
3 2
56 2
3 57
58 3
20 22
54 52
3 36
3 59
32 19
3 23
2 56
60 3
25 21
31 33
3 48
31 2
59 3
3 38
57 3
17 3
3 45
31 9
3 61
40 1
62 47
2 25
