#qgen
123
111
68
7
47
127
83
104
105
106
85
84
67
67
74
18
103
89
13
125
108
45
80
124
5
4
95
91
104
99
101
53
79
84
26
21
81
43
22
42
4
18
107
99
40
98
3
62
30
65
27
127
121
48
33
121
112
47
23
59
65
2
69
119
14
92
34
99
63
85
58
29
14
122
120
81
23
86
25
90
62
78
61
39
90
56
72
79
68
36
26
76
7
29
117
128
51
62
74
19
127
115
89
45
42
120
12
53
1
47
76
55
69
127
90
109
116
24
84
77
89
126
54
105
256
0 1
2 1
1 3
4 1
5 1
1 6
7 1
8 1
9 1
10 1
1 11
1 12
11 1
1 13
14 1
1 15
16 1
17 1
18 4
19 1
1 20
1 21
1 22
23 21
24 1
12 1
25 1
1 26
24 8
1 23
27 1
21 1
1 28
1 29
30 1
15 1
1 31
1 32
1 33
1 0
1 34
35 1
1 36
37 21
38 1
39 1
1 40
1 41
42 1
1 43
1 44
45 1
46 1
1 47
6 1
1 30
21 23
1 16
1 48
32 1
49 1
21 50
51 1
26 1
52 21
1 53
1 54
1 55
56 1
57 1
1 50
39 9
58 18
1 59
60 1
61 1
1 49
1 37
21 16
62 1
1 63
1 56
64 54
8 24
65 1
66 1
0 67
1 68
69 1
1 70
1 71
1 17
1 72
73 1
74 1
1 61
18 1
2 37
1 75
1 76
1 77
1 78
1 79
1 80
81 1
44 21
82 1
83 1
63 37
84 1
37 74
1 85
75 1
70 24
1 86
61 87
1 4
1 84
1 39
1 45
1 9
88 1
1 89
90 1
1 66
91 18
92 1
37 15
93 1
94 1
1 51
15 37
21 44
1 95
32 37
1 96
1 97
98 1
21 5
57 99
61 21
100 1
1 101
28 1
70 1
1 27
1 60
74 37
1 64
102 1
103 99
72 1
1 81
1 102
34 27
1 82
1 62
1 58
104 81
103 1
74 59
1 57
105 1
8 70
1 106
97 1
1 88
1 73
9 39
24 70
1 107
89 1
43 1
1 91
99 103
1 108
109 1
1 110
1 111
112 1
59 74
1 42
1 74
1 113
1 112
1 90
1 2
114 1
50 1
1 87
87 61
22 1
1 115
13 1
1 109
71 1
4 18
1 103
116 1
59 1
1 14
37 2
1 7
47 1
1 8
1 24
70 8
95 1
101 1
18 58
1 117
107 1
21 52
118 1
104 1
1 105
20 1
41 1
53 1
110 1
48 29
111 1
1 118
1 38
4 58
1 104
33 1
119 1
113 1
1 5
1 35
31 1
37 32
1 25
1 114
34 80
120 1
16 21
79 1
21 61
76 1
77 1
1 121
36 1
21 37
122 1
48 1
1 119
23 1
29 48
63 21
1 18
1 116
80 34
37 1
99 57
