#qgen
64
111
68
76
67
53
62
79
5
27
29
122
34
121
76
90
56
61
121
1
99
33
81
99
45
18
99
79
23
22
112
74
19
47
23
127
64
77
36
47
78
106
67
126
104
13
51
91
124
90
42
12
63
127
119
109
101
14
3
69
62
69
116
43
74
128
0 1
2 1
1 3
4 1
5 1
1 6
7 1
8 1
9 1
10 1
1 11
1 12
13 1
1 14
15 1
1 9
16 1
12 1
17 1
18 1
1 19
1 20
1 21
22 3
23 1
19 1
24 1
1 25
26 1
1 27
28 1
29 1
1 8
1 30
27 1
20 1
1 23
1 18
1 31
1 0
1 32
1 33
1 34
35 1
36 1
31 1
1 37
1 2
1 38
1 39
1 16
40 1
21 1
1 41
25 1
1 42
38 1
1 7
1 43
3 1
1 44
33 1
1 45
1 17
45 1
1 15
1 29
1 46
47 1
1 35
1 36
48 1
49 1
1 24
50 1
30 1
51 0
1 47
52 1
1 4
1 52
1 53
52 27
32 1
54 1
55 1
0 51
1 56
57 1
1 57
1 58
1 22
1 59
42 1
34 1
1 60
37 1
41 1
1 5
1 26
1 48
1 10
1 13
1 28
11 1
61 1
59 1
53 1
27 52
6 1
3 22
1 49
58 1
62 1
1 54
1 40
46 1
1 50
60 1
1 63
14 1
39 1
1 61
43 1
1 62
1 55
56 1
22 1
