#qgen
103
29
127
82
31
63
75
80
43
113
80
124
109
4
6
106
54
34
73
119
58
75
122
21
92
18
71
24
73
127
85
70
120
118
66
20
55
34
126
52
7
14
127
97
62
71
5
43
109
37
84
83
112
55
62
77
28
63
113
7
16
40
113
124
39
51
54
86
25
88
71
6
104
31
119
91
16
79
4
101
14
20
5
42
118
41
32
95
123
8
108
98
48
73
13
66
128
52
4
71
18
83
7
91
256
1 0
2 1
3 2
2 4
5 2
6 2
4 7
8 2
9 0
10 8
11 8
12 2
13 4
14 4
2 15
16 2
4 17
2 18
19 8
19 20
1 21
19 22
1 23
4 24
1 25
6 3
26 4
4 27
6 12
28 11
29 4
30 0
31 6
3 32
8 33
28 34
35 22
36 1
6 37
38 24
39 1
5 40
35 2
20 41
42 36
11 25
40 43
44 6
24 45
45 24
6 44
25 24
20 27
46 6
1 47
48 22
27 20
8 20
49 40
1 39
43 46
24 4
1 50
48 7
19 15
16 28
17 4
4 5
20 28
29 20
51 48
24 28
40 52
25 2
53 4
54 33
22 43
4 43
55 2
11 4
41 43
29 15
51 56
17 18
30 57
55 56
2 58
48 8
57 8
59 1
43 10
60 7
7 15
24 15
61 27
62 35
49 62
63 52
0 1
59 17
20 64
64 65
2 62
51 15
66 2
10 27
67 4
33 54
24 68
60 8
64 63
21 17
38 69
70 58
71 60
24 27
63 56
63 1
60 72
7 19
73 2
8 57
27 40
17 60
35 40
8 27
5 54
51 27
7 5
5 68
74 2
75 36
8 4
5 7
4 13
12 64
25 36
16 71
2 6
76 3
37 77
2 55
54 27
24 78
1 79
50 24
62 2
80 61
34 28
2 69
6 31
47 40
16 51
54 81
6 8
22 3
82 4
33 20
63 41
22 19
36 83
63 84
6 42
80 85
4 8
86 17
11 51
41 52
49 61
18 87
88 80
48 27
24 54
27 62
4 89
29 24
90 4
69 9
77 20
54 91
17 28
92 39
31 33
48 74
29 46
93 65
1 71
82 57
77 18
62 46
15 61
94 4
52 40
28 43
4 77
0 95
2 96
24 32
41 47
80 62
1 83
40 77
97 24
98 24
37 16
40 80
32 2
49 27
99 2
50 28
60 21
24 40
17 63
100 4
16 61
69 2
4 80
17 45
1 81
52 28
8 6
16 58
54 53
101 1
22 1
2 74
40 1
3 80
97 28
54 69
2 41
30 64
29 40
38 28
30 6
2 66
20 17
20 15
36 64
32 24
8 1
87 6
3 19
92 20
20 35
27 24
28 29
62 29
0 102
40 28
80 8
7 48
2 33
62 4
15 10
58 2
