#qgen
57
29
127
82
52
7
71
32
5
91
92
43
67
28
6
122
83
77
39
66
13
28
80
62
40
71
124
109
18
116
14
127
75
113
73
95
34
119
109
31
103
126
75
73
84
63
34
85
41
14
51
104
4
70
54
21
24
118
128
1 0
2 1
3 2
4 1
5 1
6 1
2 6
7 1
0 8
9 7
10 7
11 1
12 2
13 2
14 1
15 1
2 16
1 17
18 10
19 18
20 0
17 18
0 21
2 22
23 0
2 24
6 2
2 25
26 6
14 23
27 2
0 28
29 6
2 27
30 10
31 27
24 32
1 33
34 7
26 35
1 5
18 6
36 1
29 22
31 30
23 14
32 34
23 6
34 23
37 23
6 29
38 24
22 31
7 16
1 39
23 40
30 22
41 10
32 42
43 0
41 44
3 42
1 4
10 19
32 16
17 27
36 2
45 2
33 22
23 34
44 46
47 23
32 46
19 1
5 27
41 29
23 39
2 42
48 1
5 23
32 31
16 24
44 41
23 17
32 27
49 43
27 1
11 50
11 29
1 15
12 51
10 27
16 7
23 15
41 25
29 32
46 32
49 35
0 52
49 17
19 23
53 49
39 1
15 30
54 1
32 10
30 2
27 51
25 22
16 10
55 44
42 16
49 29
44 37
42 44
42 22
35 56
1 56
37 44
35 6
56 1
27 9
24 38
24 16
30 27
9 27
25 2
25 50
