#query
64
M
F
E
I
V
L
S
L
L
L
V
W
L
L
K
I
M
D
K
R
I
Y
F
K
M
Y
P
T
G
P
K
S
L
G
I
L
K
F
Y
F
I
D
L
L
Q
F
F
L
N
A
K
E
N
A
W
E
H
E
K
N
V
I
K
D
256
1 0
2 0
3 2
2 4
1 5
3 6
7 2
1 8
8 5
9 8
4 10
11 2
12 10
12 4
13 1
14 13
15 9
11 8
16 5
2 17
15 18
3 1
7 19
12 2
1 20
21 3
9 22
7 23
9 2
17 24
25 7
3 16
3 26
27 0
28 0
13 29
23 2
30 0
13 31
15 32
8 33
34 2
15 35
36 30
26 37
25 10
11 13
38 24
39 33
21 15
15 40
3 9
12 41
36 42
32 43
35 39
23 12
44 2
38 45
46 33
28 9
14 7
8 26
8 47
17 31
29 38
2 1
1 22
44 26
31 46
14 29
42 24
16 20
21 44
48 22
14 2
16 1
1 37
11 16
3 40
20 39
49 32
30 50
3 13
43 35
12 51
15 26
52 30
3 53
8 0
52 0
37 33
34 53
15 54
46 45
13 24
49 35
13 4
25 4
48 31
55 13
40 39
52 27
35 36
2 13
31 24
22 37
34 54
7 29
7 22
1 47
16 47
8 37
20 56
35 5
1 32
48 34
15 30
27 24
2 16
12 0
57 4
21 9
31 58
1 59
9 31
55 12
38 60
16 46
17 16
3 27
12 53
32 42
24 56
35 42
43 26
43 5
2 22
24 61
2 8
28 54
2 58
12 28
1 33
22 5
31 45
25 57
52 62
14 58
32 54
46 20
32 26
3 47
3 5
2 29
3 52
30 27
44 9
15 49
19 41
63 0
7 4
11 29
57 10
18 35
54 50
12 48
12 13
53 41
12 3
48 51
0 53
15 27
55 48
55 2
1 42
23 51
23 57
2 27
34 0
23 9
48 4
3 42
34 10
48 50
29 58
38 46
28 22
31 56
26 5
25 19
37 47
1 58
20 59
28 2
55 51
28 27
50 53
40 5
27 59
43 46
16 37
46 47
12 9
1 43
19 55
17 56
12 22
42 39
40 47
50 51
23 41
13 16
60 16
35 40
60 47
62 0
3 54
50 58
5 39
6 50
48 41
28 15
55 29
52 54
28 6
53 57
7 55
48 58
13 60
38 16
8 27
8 43
28 63
28 21
20 61
63 62
54 62
62 53
54 5
8 32
30 63
47 39
44 54
42 62
18 3
10 22
3 36
40 54
53 51
51 41
55 23
44 5
43 22
13 22
52 63
