#query
32
S
D
L
T
N
K
N
A
Y
T
F
L
L
K
K
E
V
K
N
I
D
E
A
W
I
G
M
A
N
T
I
F
128
1 0
2 1
3 1
2 4
5 0
2 6
7 6
6 8
3 9
10 6
11 8
9 12
9 13
4 14
2 15
16 11
13 17
18 6
15 8
12 17
19 4
0 20
16 21
17 22
10 2
5 23
24 0
25 22
15 1
8 23
2 23
4 0
3 2
2 12
18 11
3 11
4 26
23 0
27 2
28 14
27 21
4 29
28 26
3 4
24 26
12 26
27 7
25 29
24 22
24 25
27 10
30 22
17 26
8 4
16 3
0 17
21 1
15 9
5 12
14 26
19 5
9 1
31 23
14 20
27 18
8 29
14 17
28 22
19 8
12 23
25 26
30 26
13 14
1 4
11 7
31 0
19 9
25 17
23 17
24 17
1 29
4 23
3 8
23 20
7 2
9 5
1 13
5 17
4 13
29 0
16 27
0 22
29 14
15 23
12 0
30 13
18 3
24 23
9 23
8 5
30 17
2 19
16 10
3 10
25 30
31 26
28 24
16 4
4 17
30 0
21 8
25 20
12 4
11 21
5 4
7 12
2 8
28 31
23 22
3 7
25 0
9 8
18 10
15 12
27 8
30 4
11 10
13 23
