#qgen
122
108
354
766
839
355
813
1
1076
458
872
897
837
105
66
1023
163
31
369
990
126
206
358
468
842
1022
167
767
747
390
824
1020
807
988
71
804
20
898
817
209
833
849
1035
165
818
48
211
463
33
891
453
790
836
137
502
194
356
774
757
274
828
819
389
829
117
19
823
32
901
56
892
1057
359
809
335
343
40
806
218
810
926
1271
868
455
157
495
902
237
52
11
1061
992
1009
1033
998
457
799
578
46
13
124
430
764
68
263
895
759
922
29
1267
305
212
244
841
1008
875
436
294
236
765
432
802
378
256
0 1
2 0
3 0
3 4
5 0
0 6
7 0
6 8
9 7
10 4
11 10
12 0
3 13
14 0
11 15
14 16
13 17
18 3
19 15
9 20
1 21
2 22
23 14
24 16
2 25
2 26
18 27
25 28
24 3
10 29
30 29
31 13
32 29
14 27
33 6
34 3
35 15
36 13
0 8
37 14
0 20
37 38
39 24
40 15
1 4
41 18
11 42
43 36
36 44
5 45
16 33
0 38
15 46
47 0
48 33
23 49
50 9
51 19
48 20
21 52
44 53
54 20
52 55
56 43
57 52
11 22
0 17
58 21
59 38
60 0
53 61
62 41
0 58
47 33
63 6
3 64
65 3
29 64
64 66
65 63
67 42
21 68
69 67
2 14
59 26
70 44
54 38
49 45
6 71
72 2
10 66
0 73
34 58
56 7
57 74
62 29
26 37
59 75
76 68
6 77
78 63
60 79
80 64
80 66
81 26
82 0
81 83
37 41
84 38
85 79
34 60
16 86
50 22
72 33
21 73
78 62
37 10
80 87
38 49
21 77
1 88
73 55
22 49
76 40
72 89
9 90
2 39
91 22
92 0
0 68
34 51
81 69
93 65
23 53
80 58
85 16
27 49
58 94
66 63
95 88
56 92
29 20
15 77
65 4
75 63
47 42
96 77
0 97
40 60
85 33
22 98
95 44
35 13
52 53
24 11
7 40
71 88
17 38
70 35
72 99
65 17
100 98
60 80
5 73
23 59
97 38
72 25
101 60
19 33
11 102
103 58
13 0
104 38
105 101
7 41
57 21
43 55
2 43
22 94
69 6
40 106
65 51
59 84
84 61
41 24
90 107
108 80
15 53
16 13
94 28
5 62
36 82
28 49
76 109
57 45
62 79
80 29
107 103
40 41
57 110
65 10
18 75
61 111
81 55
44 17
93 79
26 0
82 71
112 98
24 79
113 104
38 55
72 0
58 71
57 17
32 27
52 88
114 10
50 48
84 77
74 44
76 60
26 115
116 110
113 49
107 117
62 93
63 1
102 116
41 19
107 63
33 8
44 117
39 55
95 72
72 92
30 79
118 77
119 55
101 26
91 15
116 53
79 102
72 17
71 28
9 73
57 51
120 2
33 22
79 19
99 117
90 121
75 0
67 22
87 86
53 94
