#qgen
62
108
436
1076
1020
817
294
218
359
305
236
495
1
335
209
48
457
211
163
453
875
137
1035
343
468
206
212
356
274
833
369
849
998
358
165
578
837
992
823
354
386
389
819
430
355
502
237
895
46
52
458
897
818
56
1023
390
463
990
836
167
1267
244
1033
128
0 1
2 0
3 0
4 2
0 5
0 6
0 7
8 6
8 9
5 10
11 10
12 1
4 13
0 14
12 15
14 16
17 12
5 18
19 15
8 13
20 1
2 21
22 12
23 13
24 1
2 22
17 14
21 25
3 25
24 7
26 25
27 9
28 26
29 10
6 26
30 3
31 11
32 9
0 33
17 10
0 34
35 33
34 18
14 10
36 0
37 13
38 7
39 29
28 40
4 41
10 40
0 25
9 42
21 0
24 43
34 15
12 6
12 18
13 25
44 13
31 45
23 12
46 41
47 29
41 43
29 6
0 15
13 18
24 48
0 9
37 48
26 49
0 16
18 25
4 50
39 1
2 30
47 15
51 48
47 52
40 25
11 43
53 50
1 54
14 15
31 26
21 48
29 26
3 9
28 1
5 8
0 55
20 16
4 52
33 48
56 14
57 13
51 36
46 52
3 17
53 37
35 58
38 58
41 59
13 45
0 39
59 57
17 43
22 17
53 56
32 15
7 25
10 60
15 52
41 9
36 33
5 43
52 55
17 44
9 52
31 0
61 28
23 9
19 50
44 60
5 52
57 0
10 23
