#qgen
119
1155
1959
165
2428
13
1149
49
132
1571
1568
1572
81
323
1150
2966
97
974
78
22
976
565
20
924
37
116
104
2532
1140
113
155
1713
153
2367
255
2354
60
95
71
1152
2796
111
3611
972
1822
2165
1151
225
133
325
1900
2454
55
68
2989
121
1632
2456
30
96
14
1857
48
76
1570
1144
77
249
1909
3514
1635
1712
1689
971
1153
156
1147
52
2477
2458
152
1157
239
1148
1636
1132
2880
163
82
45
146
1817
308
2451
40
98
1449
1442
1577
10
39
1856
196
859
757
114
1310
1631
927
1958
1537
1908
2967
2170
1576
158
204
124
861
31
256
1 0
0 2
3 0
0 4
5 4
1 6
1 7
8 7
9 4
5 10
2 11
5 12
13 4
9 14
13 15
9 16
17 6
10 18
1 19
9 20
21 4
22 20
10 23
18 24
16 3
5 25
26 2
9 8
27 20
0 28
18 29
10 30
1 2
0 31
16 32
30 33
34 10
27 35
36 31
37 31
13 38
28 4
22 13
39 28
33 40
41 9
42 14
13 11
43 37
44 19
45 35
46 6
18 47
13 48
49 45
50 28
26 51
52 2
53 0
17 54
55 3
56 32
40 57
18 6
35 58
14 59
60 4
30 2
5 61
0 61
62 58
26 59
63 7
19 17
64 15
1 65
60 36
41 47
19 54
30 66
67 11
68 10
52 46
41 69
49 31
70 43
18 59
56 7
50 71
19 61
54 31
72 61
1 73
18 74
3 31
71 47
75 39
9 76
77 55
53 78
26 10
52 79
51 17
69 21
71 6
80 40
24 59
55 81
82 19
83 59
21 61
38 62
1 33
47 6
55 16
39 65
64 74
84 42
55 85
45 81
0 86
19 62
87 36
1 79
45 88
44 89
90 59
18 87
90 64
73 40
65 4
1 91
22 83
38 25
26 69
32 88
2 47
67 79
92 17
45 23
47 93
94 46
95 91
96 50
97 61
27 16
38 18
98 46
78 88
64 3
19 89
96 78
82 24
88 74
87 99
3 100
36 101
102 57
22 76
22 61
21 88
30 93
26 50
53 55
75 103
69 104
13 14
83 91
50 79
34 46
20 66
105 21
9 43
106 19
2 25
90 107
108 42
22 34
44 92
53 34
53 27
109 82
27 45
110 69
111 66
82 23
84 77
21 93
75 6
17 15
54 74
107 30
56 64
108 5
55 9
71 43
90 112
80 23
113 36
82 46
78 89
73 89
113 99
2 17
9 47
75 0
0 80
61 114
34 23
44 102
16 46
115 66
36 88
85 51
62 46
53 20
3 60
50 35
49 89
10 76
62 101
22 114
63 47
50 32
32 80
67 81
50 4
27 39
11 79
44 76
2 116
105 4
53 30
56 0
40 6
46 114
53 1
36 6
48 23
27 49
58 89
115 47
13 114
117 15
20 48
73 87
41 76
118 23
22 79
14 29
40 79
86 6
100 43
38 11
45 111
67 3
