#qgen
59
1155
124
861
308
81
104
60
68
165
163
146
1577
48
40
323
111
49
7
155
156
205
20
152
96
82
204
1157
55
121
97
98
13
77
113
95
22
37
249
78
52
133
39
859
132
976
225
116
14
158
565
114
255
325
45
30
10
76
71
153
128
0 1
0 2
0 3
0 4
4 5
2 6
2 7
7 8
9 4
6 5
2 10
7 5
11 4
8 12
11 13
8 14
6 15
9 16
17 1
8 18
5 19
20 18
21 8
21 15
4 22
23 5
2 13
11 7
24 18
0 25
26 16
27 8
28 1
0 29
30 13
28 31
9 24
32 24
33 28
34 28
35 10
7 4
11 36
26 33
34 30
8 29
12 37
9 38
34 39
24 17
40 31
6 41
30 15
42 10
43 39
23 28
21 24
2 39
0 30
23 12
44 2
35 24
30 45
9 5
26 45
10 18
4 12
2 15
6 4
0 32
42 46
31 19
6 37
44 12
10 47
0 19
26 24
28 48
13 22
21 34
21 7
7 24
49 31
27 41
21 50
29 40
12 48
51 5
34 37
30 12
21 36
44 40
0 47
11 52
2 53
30 54
25 37
6 24
55 34
38 33
7 19
32 45
11 21
43 13
56 4
24 45
22 16
55 33
36 12
35 41
24 12
51 22
0 31
57 4
9 20
23 30
38 46
56 24
32 33
26 52
0 44
11 54
22 58
0 18
26 34
25 30
35 33
17 10
