#qgen
57
3074
335
1372
2949
1335
1236
1858
2948
1614
703
1854
3260
3480
3362
3269
716
3361
3292
3267
338
3453
3117
705
476
1853
3312
1255
1250
3001
3157
3459
196
3291
3128
469
1482
700
483
2939
3331
334
309
880
571
3264
3455
186
2946
308
1211
791
2459
1189
180
1371
3489
1229
128
0 1
2 1
3 1
4 1
2 5
0 6
7 1
6 8
0 9
10 1
11 6
12 1
13 8
0 10
13 14
7 15
13 16
13 17
18 9
14 19
20 1
16 21
11 8
4 22
15 22
6 23
7 24
25 1
20 7
7 26
26 27
21 28
15 1
13 29
11 10
30 20
30 13
21 31
16 32
16 33
1 34
6 35
22 36
30 21
6 37
25 18
3 38
39 0
12 29
32 21
28 40
39 14
14 41
4 9
26 42
2 43
16 18
44 0
45 7
46 31
12 16
26 5
38 22
16 17
47 26
0 36
28 8
8 35
32 31
32 41
33 31
33 46
14 0
17 18
17 46
44 9
2 27
25 42
45 10
17 33
44 11
33 1
42 48
39 31
9 48
26 46
39 48
28 37
28 48
2 49
30 17
30 1
11 48
45 2
17 48
50 48
3 15
39 29
8 40
51 40
30 18
51 52
44 29
23 19
17 44
9 36
44 33
33 21
39 53
2 54
9 1
7 43
8 4
13 1
53 46
55 14
32 29
38 52
2 56
47 15
52 48
23 34
55 16
11 24
30 44
45 52
20 10
48 37
