#qgen
113
3074
335
1372
999
868
105
1854
985
879
308
931
240
1984
3260
1858
483
17
759
108
974
3291
3001
58
728
470
3459
1095
221
791
3312
142
755
1064
880
970
3489
1482
3267
288
818
3292
711
1082
1189
175
3361
1076
13
873
89
112
137
196
186
1134
861
476
338
881
1156
3362
1335
845
334
1255
1229
1027
180
3331
976
912
2939
1250
295
1614
709
2946
3128
3269
8
3480
1236
1211
705
3264
1371
716
2459
3453
278
256
700
703
1315
2948
558
938
3455
930
3157
580
807
2949
264
101
1853
1278
571
690
244
309
3117
1539
256
0 1
2 1
2 3
2 4
2 5
0 6
2 7
8 5
0 9
2 10
11 5
12 1
13 6
0 14
12 15
5 16
17 11
10 18
7 19
20 12
21 1
22 16
23 5
2 24
25 16
26 4
5 27
28 1
29 5
5 30
29 31
29 24
2 32
13 33
34 8
35 23
36 15
37 24
18 38
39 17
40 1
4 41
25 29
32 23
42 4
21 43
2 44
25 1
10 23
45 24
46 32
30 16
47 16
3 48
49 30
2 50
18 51
29 1
48 5
37 52
53 9
54 4
26 48
37 18
33 55
0 56
7 8
6 57
58 39
46 41
40 51
59 42
60 1
60 20
21 61
8 62
2 49
33 63
21 9
21 64
46 10
2 65
60 66
42 48
32 7
35 67
68 53
69 39
70 39
2 51
29 23
71 1
72 10
2 73
74 23
75 73
76 2
43 57
7 16
66 62
77 26
78 77
44 79
35 29
40 24
64 8
80 52
81 34
64 82
2 22
2 31
7 51
5 18
83 1
78 84
20 63
45 74
85 62
2 79
21 86
84 87
37 77
25 88
12 74
85 46
80 89
26 10
64 90
87 43
25 53
80 51
70 8
25 51
26 70
53 52
83 91
80 46
36 92
45 33
78 37
45 53
41 51
60 90
68 67
45 77
67 53
93 10
21 94
41 52
46 19
64 95
40 48
93 96
35 16
97 76
47 89
12 92
7 58
35 53
86 92
97 43
18 30
7 98
5 47
84 67
99 89
2 100
35 44
35 60
44 67
46 7
41 11
51 16
84 1
4 101
94 1
87 61
21 102
84 24
35 25
78 57
45 15
2 95
55 75
39 95
102 1
29 37
75 103
9 15
2 104
80 68
76 105
25 68
2 93
2 106
84 16
1 107
108 5
94 76
37 41
66 109
2 16
71 105
7 17
98 4
0 110
45 9
102 92
22 27
45 68
111 24
35 9
97 112
35 84
0 74
37 57
68 37
29 79
78 27
64 72
40 84
31 18
67 47
2 8
29 20
64 53
20 47
22 44
84 90
14 57
35 1
77 57
21 76
76 83
94 92
33 53
84 77
7 108
29 52
67 16
88 68
102 91
46 31
76 64
68 29
32 70
48 22
3 101
2 54
83 92
88 86
68 44
13 91
80 44
51 53
45 52
