#qgen
106
170
147
196
192
176
160
190
583
171
154
2709
2959
3075
204
2193
2453
1818
182
169
2994
188
172
168
2978
163
2244
177
153
162
191
194
2145
3637
893
1356
186
3098
2146
183
1410
181
185
660
161
184
174
2977
189
155
2976
2813
197
1733
2699
3056
263
1358
2147
2820
4163
166
178
173
1368
2918
1648
3030
1359
1032
187
2908
2278
2920
175
1404
2144
2285
3007
151
2137
2751
1419
1731
2194
164
167
156
150
2401
3099
159
2602
2683
149
1349
158
2924
2854
411
193
2581
3941
864
4072
1353
2898
256
1 0
1 2
1 3
1 4
5 0
4 6
5 7
8 2
9 5
4 10
8 11
10 12
10 13
12 14
5 15
16 13
17 11
18 13
2 19
20 13
1 21
22 8
16 23
5 8
24 22
25 12
18 8
26 20
27 9
28 7
29 23
7 30
17 31
32 1
15 33
19 34
24 35
6 36
30 37
29 13
38 20
22 39
8 40
37 14
18 21
41 23
24 8
9 42
43 15
44 13
43 45
18 41
33 46
27 44
47 29
48 29
8 13
27 3
21 40
25 37
45 16
49 14
43 50
1 51
17 38
17 39
25 52
7 31
53 25
44 20
25 54
9 29
5 29
55 42
29 56
29 39
57 23
54 50
55 50
57 58
59 13
48 60
20 29
5 20
26 61
8 62
46 63
64 42
14 50
18 29
62 20
37 65
41 66
17 20
61 38
10 67
48 42
17 29
68 19
20 66
69 50
3 70
37 33
2 71
72 58
25 16
73 33
22 61
24 13
30 55
22 50
30 74
26 66
75 66
41 76
16 7
69 7
31 77
1 78
24 34
8 3
79 23
77 13
56 80
59 81
3 10
20 6
82 39
22 73
82 29
53 8
17 69
35 33
68 60
42 19
30 58
83 13
5 84
5 50
35 29
43 85
29 57
11 71
86 16
27 38
2 54
26 44
53 41
72 36
28 61
55 13
44 69
21 4
53 28
42 36
1 87
44 33
53 74
59 43
6 88
77 23
0 88
82 25
7 74
88 64
79 89
90 44
9 20
15 4
91 65
92 49
93 61
25 91
4 52
73 11
4 38
27 5
94 50
85 55
95 51
20 79
7 11
33 58
48 25
43 82
17 23
28 29
21 25
10 77
17 91
30 76
52 39
17 37
6 75
84 62
96 13
5 16
55 37
90 23
10 58
31 39
15 18
86 5
25 6
45 20
97 19
11 96
28 35
11 76
5 85
20 34
36 63
14 81
3 11
9 86
3 98
84 20
69 47
25 42
35 99
7 50
5 61
100 18
28 25
55 12
26 13
101 50
19 70
97 102
15 82
90 31
31 36
35 82
44 57
44 88
4 20
8 23
103 1
67 36
27 20
7 104
4 69
5 105
49 23
17 7
16 29
27 41
38 30
6 16
3 55
66 13
15 42
9 30
80 36
64 55
105 23
