#qgen
57
2598
2100
1810
2011
2593
2161
4
2158
1506
1892
2664
2542
2315
1517
1504
1884
1557
1509
2013
2109
2505
5006
2577
2156
2014
1832
1677
1491
1168
2099
2586
1508
3368
1784
1783
2010
1505
1628
4313
2573
4359
106
1874
2162
2160
3735
1159
4673
2096
2184
2575
4438
1867
2964
5007
5299
5300
128
1 0
0 2
1 3
4 2
4 5
3 6
3 7
5 7
1 8
9 7
10 9
0 11
1 12
13 3
9 11
1 14
0 15
16 11
17 14
1 4
16 18
5 19
14 15
20 11
21 15
5 22
7 23
24 3
5 25
1 26
15 27
0 28
29 2
30 2
16 31
1 32
25 28
33 5
34 25
1 9
3 35
27 25
1 24
7 27
16 5
36 23
12 37
12 6
13 23
20 5
12 9
12 15
38 19
1 39
1 30
13 37
33 12
13 40
23 41
42 25
15 39
11 41
26 43
20 44
20 15
12 28
39 25
37 11
42 23
19 39
13 15
45 35
13 19
15 46
4 36
47 23
15 7
24 19
48 42
27 46
40 35
9 35
3 27
16 44
13 49
5 35
44 50
33 44
23 28
31 23
37 19
4 15
1 51
39 11
33 40
19 28
30 37
43 19
50 52
37 15
5 45
20 12
13 53
21 54
38 45
20 49
13 11
5 18
46 6
10 28
54 55
25 2
24 52
27 2
44 25
43 2
12 35
29 25
56 55
1 46
12 27
20 19
9 14
15 28
0 56
3 52
47 1
33 46
