#qgen
50
1673
1674
1675
1672
389
1686
1688
1681
1683
1687
1676
350
1678
1685
1123
1692
17
1679
1727
1411
1953
1693
509
229
400
1684
1657
1694
151
1689
1677
1728
1691
216
635
257
2008
142
690
376
617
2009
1682
144
1690
1680
245
57
1729
134
128
0 1
0 2
3 0
3 4
3 5
3 6
7 5
1 8
3 8
1 9
1 10
11 4
10 12
2 13
8 13
11 14
12 15
16 9
17 7
18 6
19 15
2 20
6 21
10 22
4 23
16 24
17 8
13 21
25 24
10 26
7 27
23 28
0 18
18 15
29 21
17 27
13 5
25 13
30 26
16 21
21 22
2 5
2 10
31 17
7 6
32 22
16 12
4 33
11 34
2 30
16 35
8 25
6 36
1 7
0 9
12 18
28 37
11 38
5 9
39 28
2 22
17 29
40 23
3 27
8 41
31 15
30 31
17 42
42 5
29 27
12 7
1 21
43 37
12 13
32 27
25 6
7 42
9 44
12 29
45 32
38 14
4 46
9 6
47 33
6 29
10 6
10 29
3 9
45 29
27 22
0 5
47 37
8 15
46 28
1 29
45 22
19 9
42 44
26 8
45 19
26 25
23 43
23 37
26 22
5 44
13 15
0 15
42 15
39 43
30 12
10 42
12 36
23 33
29 24
19 8
0 48
0 30
31 29
3 23
35 33
12 45
4 49
42 27
38 34
47 46
31 42
44 15
30 8
