#qgen
112
2982
2981
511
227
1174
552
1017
2963
2980
1087
2966
2972
228
2314
2337
2357
1756
1604
1985
1506
2816
234
176
2316
2318
1950
893
1232
569
869
915
2320
1071
691
2329
1079
620
1942
119
2944
2955
1025
910
2289
2979
507
1151
2934
2001
1979
2471
2396
2144
2288
349
856
1757
2375
708
499
1117
1264
2469
2467
1932
1201
709
135
1755
363
1958
1919
1934
2954
612
894
350
2355
45
1888
1400
1712
510
637
1248
2401
1931
2873
2292
2936
2470
2869
1048
870
2315
1811
736
125
1172
1468
2313
1173
2362
2027
449
891
440
1274
2977
2323
751
710
256
0 1
1 2
1 3
1 4
0 5
4 6
1 7
8 4
7 9
1 10
0 11
12 3
1 13
8 14
15 5
11 16
1 17
11 15
15 18
15 19
20 6
11 21
3 22
15 23
14 24
18 25
9 26
1 27
11 28
1 29
1 30
14 31
1 32
1 8
1 33
10 34
35 32
10 36
37 2
27 30
18 38
39 3
7 40
35 41
35 42
30 26
43 21
1 44
14 30
17 45
43 46
39 47
48 4
49 3
50 23
51 43
0 43
1 52
0 19
41 26
8 48
24 6
4 41
15 43
10 50
11 23
44 53
9 41
42 54
0 55
1 56
57 17
8 52
14 58
11 38
1 59
1 21
60 58
14 6
61 26
57 23
1 55
15 38
40 62
10 57
62 63
41 30
11 43
1 64
65 36
57 66
40 14
50 67
1 68
44 69
70 3
43 19
71 38
18 71
8 64
43 60
43 26
43 72
73 63
57 74
0 50
0 75
71 76
0 8
62 9
46 30
30 29
15 77
64 78
9 29
49 37
64 79
53 61
63 76
77 80
23 43
53 69
15 81
11 34
63 82
1 83
44 19
44 14
61 46
53 60
31 84
20 43
24 13
8 85
15 69
6 30
8 86
23 17
4 9
8 16
40 87
88 43
89 48
70 79
70 37
90 71
34 74
73 30
91 50
63 24
92 29
10 7
44 10
61 58
26 93
89 4
94 69
63 95
51 25
43 81
57 43
96 83
0 68
76 97
7 50
50 17
1 28
18 27
50 59
10 89
65 38
40 16
90 67
14 26
11 59
44 28
10 17
62 58
85 98
99 93
11 10
27 92
7 61
98 30
63 13
43 93
43 59
8 87
30 75
1 19
60 92
65 3
0 21
63 80
1 100
47 9
8 101
87 6
40 57
90 78
50 19
41 6
23 13
11 66
27 67
37 64
51 94
49 71
63 17
50 102
46 93
41 42
60 6
103 64
1 104
26 105
32 30
50 106
43 69
90 93
100 58
26 83
44 2
63 97
14 92
46 6
1 23
35 30
73 15
44 100
25 37
103 48
61 60
50 51
107 83
14 23
11 90
48 67
92 93
40 69
44 21
44 68
8 72
51 37
35 75
108 14
0 44
0 109
0 94
50 43
110 96
62 65
1 81
1 111
45 59
18 49
