#qgen
112
103
64
1
77
25
84
106
12
23
119
85
37
43
62
105
94
15
34
31
61
45
119
119
22
57
119
59
30
13
109
68
113
82
88
46
96
89
62
5
47
34
19
80
63
99
55
23
22
29
122
36
27
56
71
52
119
125
97
20
47
25
105
22
3
110
105
47
77
40
96
14
17
68
20
60
116
69
75
9
103
93
79
48
67
85
94
57
118
25
70
58
20
76
92
69
78
43
128
95
51
84
44
7
69
122
38
82
71
112
68
61
67
128
0 1
2 1
3 1
4 3
3 5
3 6
5 6
3 7
8 6
6 9
7 10
6 11
5 12
13 9
13 14
15 10
6 16
17 16
18 1
19 16
19 12
15 20
19 21
22 16
23 16
24 17
25 20
26 18
4 27
17 28
4 29
30 1
5 31
14 32
33 31
34 13
35 22
19 15
23 19
36 16
5 11
37 10
36 38
29 14
35 39
40 33
38 41
22 6
33 42
43 38
44 0
15 45
46 33
44 47
48 7
49 19
36 50
49 51
52 9
43 53
36 54
13 55
44 56
43 57
58 41
44 59
60 10
61 24
14 28
47 62
58 63
64 17
19 3
57 65
45 66
67 59
68 50
43 69
29 3
70 41
71 38
72 3
73 69
74 15
75 70
6 10
49 76
47 77
78 77
65 79
31 80
81 50
74 3
60 11
82 31
83 58
73 84
85 45
12 86
87 8
23 60
88 7
89 37
90 27
91 86
7 92
17 93
94 69
95 62
96 20
31 52
40 15
22 97
90 21
98 42
99 16
30 100
101 6
102 78
31 103
104 84
15 105
95 106
107 90
108 31
109 29
110 61
111 14
