#qgen
225
103
64
1
77
25
84
106
12
23
119
85
37
43
62
105
94
15
34
31
61
45
119
119
22
57
119
59
30
13
109
68
113
82
88
46
96
89
62
5
47
34
19
80
63
99
55
23
22
29
122
36
27
56
71
52
119
125
97
20
47
25
105
22
3
110
105
47
77
40
96
14
17
68
20
60
116
69
75
9
103
93
79
48
67
85
94
57
118
25
70
58
20
76
92
69
78
43
128
95
51
84
44
7
69
122
38
82
71
112
68
61
67
34
27
88
26
116
49
72
36
84
10
9
111
60
26
114
107
113
100
20
89
62
80
41
105
6
82
38
113
15
83
80
37
82
44
98
34
28
60
101
120
111
75
91
117
3
61
58
64
116
14
27
27
33
66
57
101
87
86
50
76
88
110
44
98
80
92
72
126
32
6
8
58
30
56
77
89
119
85
82
86
41
119
102
121
39
9
86
51
18
5
75
13
43
119
107
42
115
5
27
36
115
31
66
32
64
77
24
49
79
42
32
33
54
256
0 1
2 1
3 1
4 3
3 5
3 6
5 6
3 7
8 6
6 9
7 10
6 11
5 12
13 9
13 14
15 10
6 16
17 16
18 1
19 16
19 12
15 20
19 21
22 16
23 16
24 17
25 20
26 18
4 27
17 28
4 29
30 1
5 31
14 32
33 31
34 13
35 22
19 15
23 19
36 16
5 11
37 10
36 38
29 14
35 39
40 33
38 41
22 6
33 42
43 38
44 0
15 45
46 33
44 47
48 7
49 19
36 50
49 51
52 9
43 53
36 54
13 55
44 56
43 57
58 41
44 59
60 10
61 24
14 28
47 62
58 63
64 17
19 3
57 65
45 66
67 59
68 50
43 69
29 3
70 41
71 38
72 3
73 69
74 15
75 70
6 10
49 76
47 77
78 77
65 79
31 80
81 50
74 3
60 11
82 31
83 58
73 84
85 45
12 86
87 8
23 60
88 7
89 37
90 27
91 86
7 92
17 93
94 69
95 62
96 20
31 52
40 15
22 97
90 21
98 42
99 16
30 100
101 6
102 78
31 103
104 84
15 105
95 106
107 90
108 31
109 29
110 61
111 14
83 112
113 75
22 114
7 115
82 116
117 65
41 118
79 119
120 75
65 121
122 53
123 39
124 94
94 125
126 61
0 127
128 124
120 129
22 130
131 37
132 123
133 125
134 73
135 104
15 136
64 137
85 138
139 54
140 100
141 29
75 142
143 71
128 144
145 113
103 78
95 146
49 147
148 129
149 55
148 150
151 65
124 152
153 45
154 31
155 84
122 156
157 31
83 158
159 102
160 59
126 161
94 162
163 55
164 56
58 165
166 76
167 134
165 168
169 143
170 84
33 114
65 171
172 171
13 110
173 17
96 174
175 128
176 78
177 78
86 17
78 178
159 179
166 180
181 133
182 12
90 183
184 90
49 99
5 14
24 185
186 122
187 156
136 188
182 189
29 190
191 11
148 78
192 178
8 14
49 193
194 84
44 195
124 196
197 84
59 198
149 199
197 200
201 5
37 202
203 84
25 204
124 205
70 58
23 11
206 65
126 72
119 207
166 208
209 127
210 121
196 211
49 212
180 76
213 139
43 214
113 156
152 215
133 162
216 93
217 160
218 185
187 219
220 205
221 105
222 65
51 170
223 43
224 59
