#qgen
62
30
70
9
128
35
25
90
34
83
16
87
66
124
90
42
89
30
62
89
73
62
54
26
49
125
88
110
67
68
92
63
101
63
43
124
79
35
49
4
62
64
28
15
27
37
51
84
3
47
115
19
16
91
18
112
92
49
73
18
22
89
105
64
0 1
0 2
0 3
0 4
0 5
0 6
7 0
7 8
6 9
0 10
11 9
8 12
8 13
14 10
15 2
16 5
13 17
18 12
19 2
20 2
21 17
2 22
12 23
21 24
6 25
26 2
5 27
28 3
29 23
21 30
26 31
29 32
24 33
34 0
35 6
36 35
37 12
16 38
35 39
40 35
21 41
42 27
21 43
44 42
17 45
46 32
15 47
7 48
21 49
21 50
51 17
12 29
33 23
52 35
53 45
54 32
55 42
55 56
57 42
38 58
59 41
42 60
38 61
47 26
