#qgen
226
30
70
9
128
35
25
90
34
83
16
87
66
124
90
42
89
30
62
89
73
62
54
26
49
125
88
110
67
68
92
63
101
63
43
124
79
35
49
4
62
64
28
15
27
37
51
84
3
47
115
19
16
91
18
112
92
49
73
18
22
89
105
68
11
94
36
16
49
57
82
47
86
107
44
71
81
76
13
81
96
80
79
36
72
84
17
59
64
75
58
13
90
109
97
59
66
37
123
10
75
66
10
63
17
54
10
75
21
19
127
67
115
78
80
93
58
37
61
84
118
98
75
20
73
4
93
121
2
110
59
98
47
105
89
68
99
122
5
86
14
81
34
120
117
31
2
77
113
50
53
77
85
19
8
44
31
96
22
62
107
26
125
52
13
69
14
102
117
84
17
111
23
84
66
56
81
40
118
29
3
68
74
38
40
83
63
52
27
3
113
44
79
82
69
16
30
99
24
42
13
43
69
60
83
113
43
128
1
57
103
19
114
57
19
23
32
99
50
9
54
18
74
34
105
47
36
256
0 1
0 2
0 3
0 4
0 5
0 6
7 0
7 8
6 9
0 10
11 9
8 12
8 13
14 10
15 2
16 5
13 17
18 12
19 2
20 2
21 17
2 22
12 23
21 24
6 25
26 2
5 27
28 3
29 23
21 30
26 31
29 32
24 33
34 0
35 6
36 35
37 12
16 38
35 39
40 35
21 41
42 27
21 43
44 42
17 45
46 32
15 47
7 48
21 49
21 50
51 17
12 29
33 23
52 35
53 45
54 32
55 42
55 56
57 42
38 58
59 41
42 60
38 61
47 26
62 45
63 45
64 26
59 65
0 66
21 67
68 57
69 35
0 64
21 70
71 32
72 21
68 73
52 74
47 31
75 26
8 76
55 77
43 78
79 45
80 27
33 81
19 54
37 13
82 30
76 83
62 84
85 82
47 86
87 27
36 88
20 31
89 88
90 73
12 91
90 92
93 10
94 87
46 95
11 96
21 97
98 88
46 41
68 17
58 99
100 79
53 101
102 66
47 54
103 101
21 104
82 105
106 45
42 80
107 95
108 82
28 109
73 79
110 80
86 111
102 112
24 10
113 101
114 101
115 95
0 116
117 101
103 118
106 119
120 44
121 115
122 17
29 123
124 45
29 125
126 96
127 12
128 88
55 129
64 130
131 88
132 74
111 33
7 133
134 113
71 17
100 135
54 17
95 136
137 58
110 138
84 139
68 114
101 140
141 71
142 45
143 101
55 119
26 144
93 145
98 119
21 146
104 147
128 148
68 149
150 139
96 151
152 80
94 115
153 6
154 153
155 49
156 88
41 157
56 158
69 148
55 159
160 13
161 83
162 0
163 80
58 164
100 165
155 166
83 13
21 130
42 140
167 128
168 79
169 68
77 170
24 171
89 172
173 32
174 10
169 175
33 22
176 118
177 87
131 178
179 123
180 88
125 10
181 54
129 182
68 183
122 174
8 184
185 79
38 186
187 10
168 188
189 95
190 119
156 191
192 105
143 193
194 17
72 195
196 42
197 90
155 198
68 199
195 200
201 191
76 202
193 203
21 204
71 13
205 91
206 168
154 207
208 192
209 177
210 6
133 188
211 50
144 212
213 139
131 214
181 215
190 150
106 216
83 217
79 218
219 81
220 215
21 221
222 93
70 223
62 224
195 225
