#qgen
115
30
70
9
128
35
25
90
34
83
16
87
66
124
90
42
89
30
62
89
73
62
54
26
49
125
88
110
67
68
92
63
101
63
43
124
79
35
49
4
62
64
28
15
27
37
51
84
3
47
115
19
16
91
18
112
92
49
73
18
22
89
105
68
11
94
36
16
49
57
82
47
86
107
44
71
81
76
13
81
96
80
79
36
72
84
17
59
64
75
58
13
90
109
97
59
66
37
123
10
75
66
10
63
17
54
10
75
21
19
127
67
115
78
80
93
128
0 1
0 2
0 3
0 4
0 5
0 6
7 0
7 8
6 9
0 10
11 9
8 12
8 13
14 10
15 2
16 5
13 17
18 12
19 2
20 2
21 17
2 22
12 23
21 24
6 25
26 2
5 27
28 3
29 23
21 30
26 31
29 32
24 33
34 0
35 6
36 35
37 12
16 38
35 39
40 35
21 41
42 27
21 43
44 42
17 45
46 32
15 47
7 48
21 49
21 50
51 17
12 29
33 23
52 35
53 45
54 32
55 42
55 56
57 42
38 58
59 41
42 60
38 61
47 26
62 45
63 45
64 26
59 65
0 66
21 67
68 57
69 35
0 64
21 70
71 32
72 21
68 73
52 74
47 31
75 26
8 76
55 77
43 78
79 45
80 27
33 81
19 54
37 13
82 30
76 83
62 84
85 82
47 86
87 27
36 88
20 31
89 88
90 73
12 91
90 92
93 10
94 87
46 95
11 96
21 97
98 88
46 41
68 17
58 99
100 79
53 101
102 66
47 54
103 101
21 104
82 105
106 45
42 80
107 95
108 82
28 109
73 79
110 80
86 111
102 112
24 10
113 101
114 101
