#qgen
220
78
53
22
26
90
85
112
88
59
85
122
61
12
68
79
15
120
85
55
104
100
29
58
62
26
53
119
9
100
128
57
76
43
111
18
57
90
82
37
56
33
68
89
107
99
78
51
86
115
47
81
119
15
99
100
120
93
51
32
65
36
100
10
79
120
25
114
52
116
102
51
47
128
89
126
22
21
13
126
120
107
98
122
123
128
119
77
26
34
21
105
24
75
35
106
125
38
76
66
23
48
112
52
96
9
19
120
105
32
122
85
84
30
13
88
121
12
62
40
119
81
118
21
27
93
82
69
21
123
97
116
62
28
88
38
113
105
86
20
1
12
3
34
105
46
57
55
14
57
97
13
93
8
16
86
104
88
84
96
80
92
113
66
50
71
88
91
82
75
76
114
123
2
105
88
56
29
30
17
30
27
44
7
25
24
107
61
102
15
120
74
105
64
7
58
1
10
28
92
66
15
16
111
87
10
105
85
71
29
24
69
72
1
68
97
9
9
12
95
43
256
0 1
0 2
0 3
0 4
2 5
6 1
7 4
2 8
9 7
7 10
11 2
12 9
8 13
11 14
7 15
16 14
16 17
18 8
19 8
5 20
21 8
8 22
15 23
16 24
25 5
26 6
27 12
28 2
29 26
8 30
19 31
27 32
33 13
34 20
35 29
27 36
26 37
10 38
32 39
40 12
35 41
42 36
43 5
44 13
45 27
46 21
47 12
28 48
41 49
50 35
35 51
52 13
53 51
54 22
47 55
8 56
32 57
58 28
10 59
29 60
39 61
41 62
63 14
64 61
65 13
2 66
44 67
55 68
69 20
32 70
0 71
70 72
20 73
74 7
75 23
55 76
37 77
39 78
79 15
28 56
12 80
64 81
82 41
83 8
9 84
85 36
20 86
52 87
88 66
34 30
79 89
36 90
91 78
92 14
93 35
11 94
18 95
93 96
75 97
36 98
99 37
77 100
35 101
102 56
103 90
104 56
29 105
106 35
107 103
40 70
108 60
64 10
16 109
42 6
110 20
27 111
45 112
113 36
114 79
26 115
65 116
76 108
61 117
59 118
119 98
106 120
121 67
114 122
123 103
124 51
38 120
109 30
35 32
70 108
102 92
19 22
18 125
126 119
54 127
12 128
129 41
130 122
25 131
57 120
130 132
133 38
134 76
55 135
136 72
137 49
72 138
25 139
8 14
140 13
141 80
142 115
133 143
32 144
145 111
112 146
147 78
11 140
148 145
149 117
150 92
107 151
137 152
110 153
103 154
155 49
156 122
157 1
42 158
148 159
106 64
41 160
161 37
162 8
102 163
123 164
165 61
36 166
151 167
68 168
47 169
170 86
47 171
169 39
172 119
12 119
5 56
55 173
25 52
172 174
27 175
176 124
123 177
139 8
76 178
68 179
180 60
51 169
181 68
182 108
41 183
150 184
161 185
76 177
161 186
187 95
42 188
51 189
134 190
32 191
130 192
5 193
127 153
194 186
43 52
74 195
8 153
46 56
196 140
197 30
44 65
166 198
199 168
186 200
174 201
64 202
68 67
47 203
117 118
148 204
205 169
206 167
207 115
145 208
209 57
162 92
55 210
101 175
148 211
212 211
213 132
165 84
5 52
123 67
214 78
215 49
156 216
162 86
217 96
218 101
139 116
147 219
