#qgen
245
114
88
26
104
125
5
73
6
47
88
55
118
45
128
68
113
116
126
35
47
34
114
98
38
116
26
86
10
37
100
93
31
15
68
38
89
86
110
56
116
96
118
56
40
25
77
54
109
42
8
50
107
94
116
40
120
15
76
23
43
116
32
103
68
66
81
111
26
11
18
106
7
13
42
85
116
114
15
126
12
51
34
115
69
113
44
87
1
42
54
39
89
4
74
88
10
37
24
96
47
125
80
105
96
125
19
65
30
101
109
108
74
59
101
58
46
14
46
77
75
122
94
43
35
72
71
117
58
61
67
4
88
35
92
23
113
53
79
98
22
82
1
20
16
53
61
100
20
95
97
118
21
32
34
6
53
107
18
41
50
9
98
125
127
83
32
24
44
110
11
64
97
64
105
31
79
7
15
128
112
37
18
19
63
63
79
12
5
92
113
49
7
106
127
76
13
26
103
54
10
117
78
87
114
78
72
31
19
29
81
99
6
120
26
11
21
61
57
93
78
115
68
84
105
128
115
31
119
52
79
114
13
3
99
90
75
33
24
45
128
30
81
19
37
32
256
1 0
2 0
3 2
2 4
3 5
2 6
0 7
8 7
9 7
2 10
11 6
11 12
13 7
14 10
8 15
3 16
15 17
18 6
19 17
16 20
3 21
6 22
2 23
17 24
25 11
26 13
27 17
11 28
29 7
30 18
31 15
25 32
33 6
14 34
35 10
36 33
37 27
38 11
39 29
31 40
17 41
13 42
30 32
41 43
40 44
6 45
46 2
38 47
14 48
45 49
50 29
19 51
6 52
36 53
11 54
55 29
11 56
55 57
58 51
59 22
60 43
61 31
62 15
63 56
61 64
65 37
56 66
67 50
68 57
69 41
70 35
71 21
72 61
73 9
16 74
75 57
76 13
18 77
41 78
79 39
70 14
9 80
75 81
82 20
83 57
84 11
64 85
86 74
9 87
88 57
89 24
90 71
91 13
49 92
61 93
11 94
95 9
47 96
81 97
98 92
99 9
100 32
25 101
98 102
103 41
104 51
75 105
106 62
107 86
30 108
109 12
108 110
111 39
112 7
32 113
8 114
115 18
116 7
117 111
118 35
119 89
72 31
11 120
111 121
122 100
123 100
124 122
125 111
38 126
127 108
106 128
47 129
130 17
131 9
132 41
75 133
134 79
135 6
136 21
47 137
138 41
139 39
46 140
93 141
142 46
143 86
144 102
126 74
145 95
97 146
147 114
56 148
149 129
128 150
40 151
152 105
102 153
154 40
155 87
147 156
110 13
55 157
158 43
159 39
160 64
161 99
162 133
163 155
164 105
157 165
158 51
166 151
167 40
168 108
169 97
100 170
39 171
44 172
173 11
174 149
175 155
176 150
177 40
178 143
128 179
180 89
86 181
182 62
137 183
184 177
46 74
185 150
186 57
187 100
188 7
189 133
14 190
191 157
192 123
193 137
194 151
195 181
118 196
197 196
115 198
199 26
200 114
154 201
202 80
125 203
127 204
57 205
100 206
207 171
208 10
37 209
64 210
106 211
212 108
4 213
214 101
215 157
216 175
159 217
218 52
219 183
220 100
71 221
150 222
223 15
224 221
104 161
225 2
226 133
104 227
228 128
158 229
230 226
231 80
17 114
232 142
215 233
84 186
13 234
176 235
96 236
237 51
161 13
238 203
166 239
240 15
241 80
110 166
214 242
14 243
163 244
