#qgen
64
114
88
26
104
125
5
73
6
47
88
55
118
45
128
68
113
116
126
35
47
34
114
98
38
116
26
86
10
37
100
93
31
15
68
38
89
86
110
56
116
96
118
56
40
25
77
54
109
42
8
50
107
94
116
40
120
15
76
23
43
116
32
103
68
64
1 0
2 0
3 2
2 4
3 5
2 6
0 7
8 7
9 7
2 10
11 6
11 12
13 7
14 10
8 15
3 16
15 17
18 6
19 17
16 20
3 21
6 22
2 23
17 24
25 11
26 13
27 17
11 28
29 7
30 18
31 15
25 32
33 6
14 34
35 10
36 33
37 27
38 11
39 29
31 40
17 41
13 42
30 32
41 43
40 44
6 45
46 2
38 47
14 48
45 49
50 29
19 51
6 52
36 53
11 54
55 29
11 56
55 57
58 51
59 22
60 43
61 31
62 15
63 56
