#qgen
229
122
8
77
51
33
75
32
55
84
98
104
12
8
100
96
69
106
17
62
14
36
53
71
61
7
67
25
128
80
15
10
45
112
5
58
113
18
85
16
75
66
88
30
77
21
113
30
25
56
82
96
87
60
92
120
45
62
33
56
107
68
107
111
91
124
113
22
52
66
18
119
15
10
94
98
58
75
15
121
3
46
85
29
98
99
119
52
121
9
13
122
45
78
63
14
119
29
41
62
52
63
4
36
38
103
27
32
50
124
101
42
35
128
39
27
122
32
52
95
24
114
60
56
71
54
15
60
75
56
85
116
103
14
90
25
95
50
85
38
51
104
80
114
18
123
22
38
18
108
43
64
5
65
88
2
70
19
20
83
20
108
68
111
116
122
102
64
3
105
14
118
2
59
65
80
119
124
52
25
37
35
53
58
80
71
87
36
85
83
23
109
101
93
17
33
17
12
70
62
64
69
32
103
74
34
98
17
29
92
118
111
26
107
48
40
128
29
19
36
50
51
37
76
24
29
57
84
29
63
256
1 0
2 0
3 0
4 2
1 5
6 1
5 7
2 8
9 8
10 2
11 3
1 12
3 13
14 13
12 15
7 16
2 17
18 13
19 6
13 20
21 1
22 17
23 16
11 24
25 1
21 26
13 8
1 27
12 28
29 23
7 30
29 31
7 17
13 32
21 33
15 34
21 35
36 17
28 37
38 23
34 39
40 9
35 41
12 42
9 43
44 21
29 45
46 14
10 47
43 48
49 42
17 50
51 40
39 52
53 40
54 47
29 55
56 51
49 57
49 58
49 59
2 60
49 61
1 62
63 25
32 64
35 65
66 2
67 64
68 17
49 69
51 70
71 36
35 72
73 2
74 47
75 70
49 76
73 77
12 78
46 79
80 64
37 81
82 24
40 83
10 84
85 7
80 86
87 7
80 88
68 89
81 90
84 91
49 92
93 84
32 94
95 91
85 39
96 37
90 97
58 98
3 99
75 100
13 82
49 101
102 80
103 74
43 64
49 104
66 74
105 49
106 3
49 107
108 99
37 109
102 110
8 111
112 42
113 90
15 39
35 114
115 65
2 116
25 117
18 118
119 113
56 120
17 121
40 41
108 122
13 15
118 123
124 113
108 117
125 10
49 126
81 127
102 128
129 106
130 19
131 57
49 132
133 25
132 134
43 135
136 64
137 129
49 138
139 125
140 114
69 141
29 142
143 55
74 144
145 51
146 81
65 147
148 137
149 108
120 150
151 124
152 124
118 153
115 125
154 102
144 131
122 23
49 155
156 102
154 157
158 75
34 27
49 159
160 110
161 25
162 110
163 36
18 164
165 13
21 166
155 167
92 168
49 169
170 55
23 171
125 172
173 167
102 174
175 116
176 120
73 177
178 83
106 88
179 37
43 180
39 181
13 52
69 182
183 101
132 184
67 172
185 15
168 186
138 187
145 188
189 13
190 75
187 191
35 129
120 88
192 22
21 130
78 20
110 80
193 85
194 43
195 37
82 83
196 164
172 197
198 32
49 199
200 69
137 201
202 88
124 203
184 204
205 108
5 206
207 93
49 208
209 80
118 210
211 37
35 209
192 71
49 212
124 213
214 70
215 82
21 216
131 92
192 110
217 41
218 196
219 1
220 88
221 22
108 95
57 222
217 223
224 136
125 225
73 226
227 65
228 12
