#qgen
59
4
58
107
82
125
11
80
26
67
77
72
96
5
3
29
17
87
87
21
120
110
102
124
90
15
43
60
1
78
100
59
14
52
105
91
68
32
113
13
89
32
122
55
1
114
75
123
112
73
23
117
3
42
72
85
71
109
56
75
64
0 1
1 2
1 3
4 0
5 2
5 6
5 7
7 8
3 9
10 8
1 11
7 12
4 13
4 14
15 3
3 16
13 17
18 2
19 7
20 16
3 21
7 22
23 9
17 24
21 25
26 10
6 27
14 28
29 16
1 30
11 6
31 22
32 12
18 33
34 26
35 27
36 17
37 21
38 26
39 30
21 40
41 33
20 42
39 42
43 6
44 35
4 45
43 46
43 47
48 26
37 47
39 2
49 42
50 9
51 38
39 52
53 33
51 54
55 11
7 40
56 55
57 25
58 46
46 21
