#qgen
127
128
19
70
79
92
14
58
56
94
35
58
27
16
69
44
124
81
21
6
116
33
90
98
94
82
71
92
2
14
83
69
6
66
117
69
93
80
15
30
89
39
116
96
11
63
84
19
102
15
33
31
22
60
105
83
17
75
22
22
26
37
77
116
45
74
15
75
81
78
2
3
123
111
5
61
39
41
32
64
22
114
20
128
61
104
86
61
117
58
46
75
31
107
93
2
98
70
94
62
52
101
19
85
71
68
30
57
21
40
43
128
34
98
125
105
86
86
33
118
59
102
69
92
72
114
128
57
128
0 1
2 1
3 1
4 2
5 4
2 6
5 7
8 4
1 9
10 6
11 4
4 12
12 13
14 4
1 15
13 16
10 17
10 18
19 4
14 20
21 5
8 22
8 23
24 7
24 25
14 26
17 27
28 22
24 29
26 30
24 31
8 32
33 25
34 32
35 1
24 36
6 37
28 38
39 6
40 6
11 41
17 42
13 43
11 44
45 28
46 13
5 47
10 48
49 41
11 50
50 51
5 52
53 32
17 54
55 18
56 32
55 57
58 2
24 59
45 60
61 53
62 9
3 63
64 38
65 9
4 66
18 67
17 68
69 50
30 70
71 28
5 72
66 73
74 54
75 22
76 41
77 7
30 78
79 58
74 80
51 81
82 58
2 83
21 84
50 7
85 30
74 86
87 5
88 34
24 89
90 73
25 91
37 92
79 93
94 88
95 53
86 96
24 97
83 98
64 99
69 100
28 101
71 102
61 103
104 5
2 105
106 13
107 12
108 42
109 96
110 7
6 111
112 67
8 113
114 34
76 115
49 113
116 18
87 117
97 118
119 51
120 68
14 121
122 101
123 52
10 124
125 54
126 42
