#qgen
114
4
58
107
82
125
11
80
26
67
77
72
96
5
3
29
17
87
87
21
120
110
102
124
90
15
43
60
1
78
100
59
14
52
105
91
68
32
113
13
89
32
122
55
1
114
75
123
112
73
23
117
3
42
72
85
71
109
56
75
66
115
96
68
46
101
54
92
104
61
49
11
64
114
14
101
3
42
77
12
74
22
74
84
18
3
5
27
60
10
98
17
49
107
15
62
59
93
87
44
119
53
114
46
7
39
27
50
25
27
93
104
29
42
116
128
0 1
1 2
1 3
4 0
5 2
5 6
5 7
7 8
3 9
10 8
1 11
7 12
4 13
4 14
15 3
3 16
13 17
18 2
19 7
20 16
3 21
7 22
23 9
17 24
21 25
26 10
6 27
14 28
29 16
1 30
11 6
31 22
32 12
18 33
34 26
35 27
36 17
37 21
38 26
39 30
21 40
41 33
20 42
39 42
43 6
44 35
4 45
43 46
43 47
48 26
37 47
39 2
49 42
50 9
51 38
39 52
53 33
51 54
55 11
7 40
56 55
57 25
58 46
46 21
0 59
43 37
60 13
61 28
62 14
63 58
64 17
65 45
66 45
67 46
68 42
65 60
69 35
52 70
55 71
72 28
73 21
39 74
75 33
76 13
55 73
77 16
69 78
27 79
15 80
81 9
39 82
83 15
84 43
85 31
86 45
46 87
3 88
89 69
5 90
91 23
92 66
93 32
1 94
53 41
11 90
95 61
96 34
97 60
98 40
35 17
7 99
84 75
100 73
52 101
96 102
47 103
83 104
105 92
95 106
107 103
108 1
41 109
110 17
64 111
89 112
102 83
67 17
95 113
