#qgen
244
127
99
128
11
86
55
20
33
100
84
72
127
123
125
103
85
14
111
29
60
18
99
64
114
97
116
86
60
53
76
57
118
93
34
105
7
67
125
72
6
90
107
35
25
128
78
50
9
69
11
94
14
101
96
86
7
20
79
85
108
17
86
31
26
16
31
36
65
19
108
12
23
75
39
8
93
121
14
128
89
116
97
71
54
9
61
126
38
85
7
65
74
72
59
9
102
22
112
19
92
46
24
2
67
39
74
22
66
3
25
122
71
76
42
59
22
122
2
34
46
113
36
57
7
40
128
17
66
83
15
43
111
119
120
106
119
95
113
68
42
107
68
94
107
127
41
55
109
19
67
60
51
9
68
31
100
43
121
99
62
47
16
68
12
59
49
105
83
98
95
117
42
31
114
78
112
2
3
118
13
96
6
3
7
108
30
70
72
101
81
9
127
1
24
62
62
18
121
7
65
18
100
57
38
1
92
68
91
125
5
85
14
24
125
30
106
96
120
124
32
12
22
96
76
78
102
27
71
70
104
63
19
81
42
116
25
71
61
42
101
28
72
103
93
256
1 0
2 0
1 3
4 2
0 5
0 6
7 6
6 8
0 9
6 10
11 10
12 0
0 13
14 9
15 6
8 16
17 12
3 18
5 19
20 15
0 21
2 22
4 23
24 10
25 23
7 26
8 27
28 9
29 2
29 30
31 19
32 31
33 21
8 34
35 23
29 36
37 8
38 25
39 21
12 40
41 9
42 23
43 18
11 44
45 9
46 43
40 47
3 48
5 49
6 50
47 51
52 7
53 10
8 54
39 55
33 8
56 29
2 57
58 34
59 37
60 0
17 61
62 39
63 44
39 64
21 65
66 33
59 67
0 68
6 69
70 14
71 19
45 72
73 48
74 43
75 68
46 76
33 77
0 16
60 78
79 44
80 75
77 81
82 65
8 83
84 50
0 85
55 86
60 87
88 54
89 25
64 90
91 85
92 85
40 93
48 94
95 23
91 96
40 97
98 25
4 99
100 64
84 57
75 101
102 37
15 103
67 104
0 105
106 62
107 70
84 108
15 109
63 110
111 78
112 110
113 78
114 40
114 115
40 116
4 117
118 72
119 75
120 88
64 121
66 122
123 23
124 8
125 97
126 15
60 127
8 128
129 25
24 18
79 130
118 131
66 132
102 108
74 133
70 134
50 135
31 136
41 137
138 75
139 109
5 140
75 141
142 72
56 143
76 144
129 145
146 63
147 21
75 148
33 149
102 150
151 11
62 152
119 153
142 154
155 86
44 156
0 157
120 130
70 158
96 159
160 110
0 161
162 72
45 163
164 84
144 165
166 85
167 144
73 157
168 59
169 158
2 170
171 157
172 54
93 173
174 140
175 141
129 176
177 54
4 178
77 179
180 72
80 181
44 182
60 183
8 184
97 185
62 186
187 160
4 77
0 188
189 105
4 190
191 86
171 192
193 108
64 194
80 195
85 196
197 161
162 198
199 72
200 166
201 144
202 144
203 76
100 204
100 205
24 206
196 173
207 109
208 114
209 50
3 210
211 174
212 128
213 12
214 80
215 204
216 193
87 136
208 217
102 124
218 93
89 219
79 162
7 220
174 171
177 221
222 100
129 223
137 224
225 188
226 87
73 227
228 128
181 229
230 190
19 231
214 232
161 233
234 144
114 235
228 236
237 152
79 238
239 136
172 240
241 178
130 242
243 159
