#qgen
62
43
113
111
88
88
16
67
29
11
59
40
81
107
79
39
103
121
60
68
102
101
18
128
66
102
58
45
7
9
91
113
86
1
70
118
23
66
57
43
47
82
67
31
77
38
90
22
122
67
1
68
119
44
75
94
112
61
88
30
119
78
88
64
1 0
1 2
2 3
0 4
5 4
2 6
1 7
0 8
9 8
0 10
9 11
1 12
6 13
14 4
13 15
16 12
5 17
17 18
5 19
20 4
21 15
22 16
1 23
24 4
16 25
26 19
27 4
18 28
29 4
3 30
22 31
1 32
33 30
29 20
3 34
29 31
35 1
36 14
37 31
1 38
39 15
40 33
41 6
0 42
43 8
1 44
45 33
25 46
0 47
3 48
49 40
50 33
51 39
50 52
49 53
54 20
37 55
5 56
57 2
49 58
37 13
59 47
60 57
11 61
