#qgen
121
43
113
111
88
88
16
67
29
11
59
40
81
107
79
39
103
121
60
68
102
101
18
128
66
102
58
45
7
9
91
113
86
1
70
118
23
66
57
43
47
82
67
31
77
38
90
22
122
67
1
68
119
44
75
94
112
61
88
30
119
78
88
38
7
105
96
19
26
15
78
18
19
112
119
7
46
93
98
107
87
100
41
118
24
82
55
112
37
115
118
1
107
34
116
27
74
56
24
122
71
13
112
29
25
27
69
17
35
100
105
16
48
3
43
47
43
98
124
92
126
61
128
1 0
1 2
2 3
0 4
5 4
2 6
1 7
0 8
9 8
0 10
9 11
1 12
6 13
14 4
13 15
16 12
5 17
17 18
5 19
20 4
21 15
22 16
1 23
24 4
16 25
26 19
27 4
18 28
29 4
3 30
22 31
1 32
33 30
29 20
3 34
29 31
35 1
36 14
37 31
1 38
39 15
40 33
41 6
0 42
43 8
1 44
45 33
25 46
0 47
3 48
49 40
50 33
51 39
50 52
49 53
54 20
37 55
5 56
57 2
49 58
37 13
59 47
60 57
11 61
62 23
63 3
5 64
65 30
66 29
67 0
37 68
69 64
60 70
71 54
66 72
5 73
74 61
51 75
51 76
65 77
62 78
79 42
80 42
81 48
41 82
39 83
84 2
85 17
51 86
87 8
88 8
89 76
82 90
5 8
91 6
92 29
13 93
16 30
82 94
60 95
17 96
92 43
54 97
98 6
23 99
49 100
16 101
68 12
21 102
103 90
102 104
5 105
45 106
55 107
108 69
0 109
110 4
111 76
21 98
112 71
92 113
114 36
115 59
86 116
46 117
118 72
17 119
120 66
