#qgen
55
7
8
5
52
55
36
24
55
24
44
25
62
27
24
50
18
59
21
1
4
48
22
29
61
1
41
4
40
54
50
39
34
34
12
35
42
11
40
23
50
6
19
62
27
30
8
62
46
17
52
5
29
52
4
41
128
1 0
0 2
0 1
3 2
1 4
5 0
6 2
7 0
2 8
9 2
2 10
0 11
12 2
13 9
14 1
15 2
16 0
17 2
9 18
18 9
2 19
17 20
2 21
22 16
2 23
6 24
1 25
26 2
2 17
2 27
1 28
22 0
18 2
29 1
30 26
22 17
21 2
19 17
27 22
19 31
32 2
33 2
21 31
34 30
2 15
35 0
17 9
6 9
16 22
20 2
2 36
30 34
2 9
9 20
37 20
9 24
37 34
25 38
30 24
2 18
1 39
34 40
22 2
20 9
41 1
42 2
2 3
9 23
0 43
1 44
2 45
6 32
9 40
46 45
45 2
22 34
0 22
46 27
1 47
20 45
39 1
31 2
17 15
3 22
24 22
27 2
26 30
22 27
44 1
46 19
46 48
8 2
24 17
6 34
24 37
40 22
45 20
0 39
2 12
22 46
49 1
9 17
50 0
17 19
9 30
31 6
23 2
22 9
2 48
45 6
2 6
17 6
22 20
45 22
32 22
9 26
0 50
31 15
51 1
2 31
2 37
52 1
40 9
31 53
22 12
54 2
18 40
2 53
