#qgen
102
7
8
5
29
6
13
31
44
34
47
17
20
23
39
43
62
27
52
33
8
11
61
39
2
34
12
3
2
58
18
1
34
9
9
50
38
1
30
28
30
42
24
60
21
53
42
9
11
4
27
31
21
1
52
64
40
52
35
4
48
22
49
56
6
44
60
14
62
32
44
59
1
50
50
24
61
22
23
38
54
36
18
32
44
24
46
22
50
28
20
15
55
62
50
40
1
19
36
4
55
56
22
256
1 0
0 2
0 3
4 3
2 5
6 1
7 3
2 8
9 2
10 3
3 11
12 0
4 13
14 10
15 2
16 6
2 17
18 4
10 14
13 19
3 20
18 21
3 8
22 15
3 23
7 24
2 25
26 3
3 27
3 28
2 10
2 29
4 30
10 2
31 29
21 18
32 3
18 33
34 24
19 35
36 3
9 3
37 21
38 36
3 38
39 1
14 40
41 7
42 18
14 3
3 2
43 37
3 44
11 24
43 24
12 45
46 41
37 41
43 36
47 3
48 2
43 48
19 7
15 48
49 2
7 50
51 3
13 52
53 1
2 3
3 54
13 7
13 36
54 55
22 5
29 43
56 1
38 46
2 40
24 43
22 2
4 57
19 58
59 7
60 31
7 41
46 37
31 30
61 2
62 24
61 63
4 7
49 22
52 7
37 64
36 43
29 65
66 0
67 3
43 31
68 2
14 33
2 69
43 21
14 57
43 9
7 67
24 17
34 3
10 15
3 70
37 9
29 54
33 58
71 31
13 72
73 1
19 52
3 41
3 65
74 3
5 2
15 22
41 75
18 29
69 3
76 22
3 69
9 4
75 41
55 77
11 19
7 78
1 79
0 80
81 37
13 57
7 14
7 4
29 30
82 31
14 37
2 43
15 10
3 83
84 38
41 43
28 3
9 23
0 85
19 13
22 86
42 2
50 78
38 13
29 79
3 7
87 1
69 43
57 14
52 48
65 38
42 88
88 3
41 89
43 90
76 71
4 55
3 91
35 3
58 92
80 47
31 63
0 93
7 8
88 47
86 38
55 2
57 2
3 94
43 2
31 19
59 37
7 59
15 94
3 78
61 95
54 23
46 3
40 89
2 74
18 2
24 40
52 76
37 8
43 15
37 52
14 7
58 33
58 63
22 95
28 80
40 90
6 96
29 95
2 97
3 88
17 24
90 3
72 4
27 31
90 8
41 40
13 38
24 52
55 4
24 98
22 67
78 47
45 78
94 10
63 58
0 1
99 0
41 76
9 19
18 59
89 22
31 82
41 3
19 48
13 4
47 88
8 59
59 19
19 22
14 38
31 38
100 0
80 28
76 95
79 29
0 99
38 89
2 54
57 24
2 36
76 31
44 3
60 95
22 41
23 24
46 58
22 43
24 84
31 101
