#qgen
59
24
41
28
60
13
34
48
33
3
51
39
42
10
45
1
14
2
38
52
51
27
1
33
36
22
37
17
25
14
10
57
36
61
32
53
3
28
29
54
36
18
11
46
57
45
10
54
26
17
55
32
47
50
35
34
18
48
57
14
128
0 1
1 2
1 3
4 1
5 4
6 4
7 4
4 8
9 4
10 1
11 5
12 8
4 13
10 13
4 14
15 4
4 16
14 16
17 1
18 13
19 10
9 20
21 4
4 22
4 5
23 4
24 0
1 25
23 26
0 27
1 28
26 1
4 20
4 29
30 16
1 0
4 9
31 6
4 32
10 31
16 33
34 1
35 4
1 17
32 36
26 10
31 4
4 37
10 26
10 4
2 24
5 11
38 4
9 29
25 24
39 9
1 4
29 39
31 10
37 40
41 26
13 18
1 34
4 30
35 42
26 24
4 38
43 1
33 4
44 4
45 18
4 6
46 4
4 47
4 48
49 4
41 47
20 39
50 4
10 41
4 51
8 12
4 42
38 10
4 52
3 24
4 53
4 7
39 35
40 37
4 12
24 43
10 19
4 40
31 38
6 31
28 1
0 24
29 9
51 4
54 4
55 4
35 20
24 25
9 39
1 26
4 31
56 6
39 20
20 42
4 18
2 1
30 4
22 4
16 14
11 4
48 4
38 56
20 35
52 4
30 57
36 32
4 58
47 4
4 44
4 19
4 15
4 45
