#qgen
113
12
49
4
15
62
56
29
10
16
38
54
35
51
43
11
26
5
14
43
27
19
27
36
3
1
9
45
28
41
20
43
16
1
36
50
8
6
56
48
13
52
5
34
13
38
1
51
15
60
11
38
5
39
60
34
39
12
39
38
40
58
56
14
54
4
58
62
14
30
18
8
44
14
25
63
63
12
41
56
4
14
63
64
14
4
24
48
45
23
13
5
28
7
12
31
21
55
19
9
48
38
11
45
28
44
56
25
10
13
37
9
12
10
256
0 1
0 2
2 3
4 0
0 5
4 6
2 7
6 8
9 2
2 10
11 4
3 12
13 6
14 4
15 6
6 16
17 4
18 6
4 19
6 20
3 21
6 22
23 5
24 0
4 25
26 6
4 27
10 2
13 28
3 2
6 29
17 30
31 3
32 0
0 4
4 30
33 16
34 2
35 17
36 34
37 4
27 4
4 38
2 39
16 40
41 33
42 25
2 43
11 44
45 44
17 35
42 32
11 30
32 1
46 33
47 33
28 43
48 0
45 49
7 50
4 51
52 6
6 53
54 6
44 11
6 55
56 17
6 57
33 6
58 6
59 4
33 60
19 45
7 61
62 37
63 4
6 64
17 65
6 46
45 46
17 21
64 52
27 37
2 50
62 66
67 6
44 68
33 69
25 10
41 69
4 33
30 44
70 4
11 71
0 72
35 68
37 73
27 35
74 69
4 35
75 62
76 4
77 51
66 17
33 46
52 33
42 44
68 77
73 4
2 78
45 56
39 61
74 79
7 13
80 44
68 81
45 66
73 28
82 31
83 5
84 6
43 54
85 50
28 35
16 4
56 51
6 86
87 66
11 45
6 18
88 2
89 6
90 16
79 74
55 58
91 3
33 54
32 65
92 2
48 65
34 93
54 53
25 45
54 33
6 94
95 6
92 28
2 93
69 79
35 4
6 74
96 6
85 75
4 97
62 75
4 17
81 77
81 4
43 2
9 13
16 64
98 4
68 43
72 99
4 37
33 53
7 2
45 71
6 100
4 42
65 32
64 69
5 0
77 4
27 44
6 101
19 17
4 102
103 6
42 14
86 6
104 32
105 44
55 6
42 93
35 105
17 68
39 62
77 55
30 45
12 3
106 6
71 45
61 85
8 6
79 69
21 17
13 7
45 39
44 97
46 23
56 6
35 107
105 27
65 17
6 96
68 51
2 9
7 45
97 4
17 66
44 80
49 45
6 89
78 2
21 45
85 71
45 30
6 107
65 48
68 4
108 6
4 70
109 100
6 80
79 16
69 74
56 45
110 56
62 34
25 75
11 17
0 32
5 23
108 109
45 19
17 13
51 81
37 27
52 64
1 0
2 99
32 42
69 46
71 6
37 35
90 6
6 111
6 69
44 30
75 2
17 44
79 109
6 112
16 33
6 47
