#qgen
62
12
49
4
15
62
56
9
1
51
58
13
56
25
5
56
13
9
28
10
43
24
60
38
45
63
6
45
14
35
44
1
48
14
27
7
56
50
1
16
9
28
41
36
50
12
62
27
25
30
41
19
38
12
16
25
14
63
36
64
23
41
54
128
0 1
0 2
2 3
4 0
0 5
4 6
7 0
3 8
7 1
1 9
10 2
2 11
6 4
12 2
4 13
4 14
15 2
16 4
2 15
17 3
2 18
4 19
20 2
0 21
22 2
23 4
2 24
2 12
15 25
2 26
4 27
28 19
2 10
0 29
0 30
2 31
21 18
2 32
20 18
33 28
3 2
18 2
34 2
29 0
35 10
25 36
20 35
37 0
27 4
0 38
32 10
20 24
39 4
1 0
32 22
26 20
18 21
2 0
38 35
40 4
26 2
41 4
3 17
4 42
28 4
43 3
13 42
3 43
44 4
4 40
11 2
35 20
40 14
33 4
26 45
25 2
46 3
29 9
45 3
34 36
9 21
40 47
48 15
30 0
49 47
50 4
36 34
51 20
13 4
28 33
2 25
51 18
52 2
47 4
0 4
35 24
45 26
25 15
52 53
2 54
47 48
36 2
48 40
10 32
20 51
31 20
31 55
56 48
35 2
57 0
34 49
36 25
53 58
4 28
45 32
48 47
36 32
15 48
18 35
59 2
4 60
51 26
39 61
14 47
2 20
61 39
3 46
51 45
