#qgen
59
42
21
26
49
32
47
31
9
33
42
41
42
9
17
9
51
10
48
50
48
16
52
63
40
63
52
63
14
13
58
29
26
21
59
38
62
21
63
29
34
16
4
45
41
7
31
64
56
19
24
30
47
41
7
36
36
64
21
36
128
0 1
1 0
2 1
1 3
4 1
4 5
6 1
7 1
8 1
1 9
1 10
0 11
1 12
9 13
14 1
0 15
11 16
17 1
15 0
18 1
7 19
17 9
1 20
15 16
1 21
22 1
23 0
1 24
25 9
9 24
9 12
1 26
21 27
28 1
29 9
27 30
31 1
32 1
12 1
1 33
27 2
27 21
1 34
0 35
9 28
27 34
0 36
9 4
37 1
11 0
1 8
1 22
28 38
39 1
1 32
1 40
41 38
1 29
42 1
21 28
1 43
1 4
35 0
16 0
26 44
16 45
40 28
1 46
1 30
33 1
2 27
47 27
20 1
34 27
48 27
1 49
28 14
40 27
9 27
1 28
38 28
0 23
10 1
39 27
50 1
4 51
0 52
21 1
27 40
41 1
1 41
39 48
53 9
1 18
0 16
3 1
1 54
38 41
44 26
25 1
55 1
26 1
1 42
16 15
9 1
1 47
56 27
1 17
48 39
12 4
47 1
30 27
5 4
16 11
27 9
1 48
57 1
14 47
44 1
1 5
1 27
9 53
1 53
36 0
0 58
1 19
51 4
1 37
