#qgen
111
50
40
3
54
59
7
1
22
4
37
48
5
14
38
34
56
58
63
62
60
36
23
61
15
42
29
58
29
5
31
27
42
31
26
15
56
4
18
55
24
17
51
22
60
56
20
23
49
34
34
4
46
59
57
33
34
27
64
62
5
46
7
40
26
31
51
12
45
31
25
9
34
17
35
23
30
31
5
40
64
4
22
61
2
9
61
29
32
20
20
40
46
29
24
61
59
37
28
27
16
47
61
43
59
58
54
49
34
47
9
36
256
0 1
1 2
1 3
4 1
4 5
6 1
1 7
4 8
9 8
1 10
11 1
9 5
0 12
13 1
14 12
15 1
16 1
17 1
18 1
19 9
20 12
11 10
12 21
22 1
8 4
23 1
24 1
0 25
26 1
4 27
1 26
5 28
15 12
4 29
9 4
8 9
1 30
19 31
32 1
1 33
14 0
1 34
1 35
36 0
37 1
1 15
2 38
39 31
4 40
22 41
12 25
42 1
43 9
7 15
31 28
44 1
25 0
45 1
46 1
47 4
48 33
5 49
1 50
51 15
1 17
28 31
14 1
30 1
15 51
52 33
21 11
53 19
43 54
55 18
56 28
57 1
31 54
58 1
52 1
59 1
1 58
60 48
31 19
61 14
28 5
62 9
48 60
31 9
37 63
1 32
1 64
65 28
28 66
3 1
67 4
68 39
1 69
70 38
71 1
31 39
66 27
46 72
15 7
73 18
25 12
74 1
1 75
49 4
11 36
76 1
33 77
73 12
78 1
7 14
79 1
36 73
1 45
80 1
4 67
0 73
40 4
9 54
77 33
81 1
41 82
41 1
1 55
83 81
84 1
66 4
33 85
0 86
4 47
50 1
31 27
1 25
41 22
36 55
15 11
87 1
1 85
4 43
88 83
14 7
89 70
72 1
90 2
1 70
28 12
86 36
1 20
1 91
4 9
60 63
4 56
10 1
77 1
17 15
92 1
5 57
1 79
1 93
9 62
12 51
4 28
94 1
95 22
1 96
1 18
97 1
31 4
98 1
22 95
99 4
36 74
36 15
97 33
1 63
28 56
4 99
86 0
63 37
11 86
19 4
33 52
0 100
58 28
100 0
18 25
0 55
11 89
74 36
1 101
1 102
4 68
9 103
60 1
1 78
19 53
4 66
4 54
1 83
40 28
1 95
51 12
11 14
83 33
4 104
33 96
9 19
55 36
38 70
105 1
2 106
20 1
1 88
106 2
12 0
1 57
1 84
107 0
28 65
55 51
1 87
76 35
21 1
18 55
1 22
27 4
108 1
36 11
51 55
53 4
95 1
0 109
1 52
48 63
36 87
56 4
70 15
83 1
65 1
28 4
70 21
21 36
31 53
73 36
1 13
33 97
110 87
1 65
36 86
61 25
0 51
76 84
9 39
