#qgen
116
7
52
62
11
34
44
54
1
12
63
30
16
37
22
64
32
20
40
62
15
4
27
22
3
54
17
56
39
51
5
13
26
59
25
16
3
47
25
49
56
33
7
16
24
28
11
19
9
39
51
45
19
4
21
12
17
19
24
53
15
64
33
11
41
40
5
37
59
34
61
33
27
19
42
46
23
34
38
46
41
49
20
58
10
44
1
56
52
5
30
52
19
21
22
10
3
34
32
42
4
44
30
8
37
28
3
42
30
63
44
41
31
14
28
59
13
256
1 0
1 2
3 2
4 3
2 3
1 5
2 6
2 7
8 3
2 9
10 3
11 2
3 12
3 13
14 8
15 1
16 2
17 3
18 3
13 19
20 4
21 3
6 16
22 2
23 3
24 2
25 2
2 26
3 27
28 2
7 29
24 29
30 9
3 31
16 32
22 33
34 3
27 35
36 32
1 33
2 37
37 16
3 38
7 39
2 11
3 40
29 16
3 41
30 42
3 43
44 2
42 5
28 45
43 46
22 47
48 3
36 2
49 39
16 6
50 3
51 2
3 19
52 3
38 53
19 54
3 55
45 28
56 2
2 32
21 57
26 2
14 2
53 3
41 3
58 32
5 59
18 60
7 49
61 37
14 5
35 62
2 63
64 2
41 17
2 51
42 65
2 66
3 67
37 68
69 22
32 37
1 70
30 1
3 71
72 62
49 32
4 20
32 73
74 62
16 37
5 75
2 76
39 36
72 77
14 42
46 22
68 7
3 78
3 79
80 3
73 39
2 28
7 32
70 81
32 39
18 74
46 82
68 49
60 62
35 27
9 30
83 19
39 29
16 58
59 65
22 56
55 3
3 35
20 3
3 20
62 72
61 84
85 3
64 29
60 86
76 70
54 3
87 3
88 2
58 16
68 39
80 77
89 24
3 90
73 68
91 3
70 76
33 92
3 77
39 58
93 3
39 61
94 3
2 45
95 3
3 69
36 39
30 75
68 16
49 2
77 96
97 4
2 64
3 98
29 2
81 70
3 99
61 7
3 94
19 3
2 36
2 73
100 3
62 35
96 3
3 93
101 2
3 23
1 42
102 3
2 89
4 90
97 2
16 7
88 14
19 13
58 39
103 3
3 104
99 3
6 61
105 2
60 106
14 30
7 58
107 102
4 98
35 86
8 14
35 77
7 2
108 19
58 68
29 7
79 3
3 108
46 50
109 10
10 109
61 58
72 106
19 83
3 82
2 24
2 101
46 43
19 35
65 110
2 39
68 58
3 83
18 35
105 89
1 15
2 84
5 42
1 75
22 14
3 103
14 88
3 92
111 3
81 2
2 112
60 72
68 6
3 106
47 22
107 106
46 41
98 3
72 107
113 3
68 29
86 96
30 4
4 106
46 17
3 72
16 68
114 3
39 7
2 105
115 3
16 29
3 86
