#qgen
60
49
4
24
33
46
27
11
12
43
26
51
19
11
21
17
27
5
23
30
60
4
56
35
8
58
37
21
32
3
17
60
15
37
17
25
8
37
31
19
46
46
39
42
16
37
11
64
20
15
49
38
48
53
53
42
6
24
14
7
39
128
0 1
1 2
3 2
4 2
5 2
2 6
2 7
2 8
9 1
10 1
11 0
2 12
13 11
2 14
15 1
16 2
13 17
8 18
2 19
19 20
17 1
21 1
13 15
19 2
20 22
23 13
13 24
25 13
2 18
26 1
27 13
2 28
10 29
13 6
1 26
23 2
30 28
6 13
0 25
2 22
31 17
1 32
33 13
17 31
30 2
21 34
2 5
2 33
5 35
13 36
2 37
13 27
19 38
39 29
40 1
26 15
20 19
41 29
13 38
1 17
0 11
12 2
42 2
13 32
33 39
22 2
1 43
31 41
30 44
1 9
2 1
41 13
2 39
45 26
18 2
36 8
13 40
15 13
32 13
1 46
2 47
48 28
34 18
44 41
19 32
28 49
50 13
4 13
19 31
2 41
10 51
34 19
52 13
44 28
53 2
13 54
2 53
51 2
32 2
50 0
4 9
13 12
40 17
13 48
54 2
1 15
0 13
35 41
19 34
18 34
43 46
44 34
13 8
55 13
44 30
2 38
9 4
29 10
56 13
2 57
26 28
46 1
30 47
58 2
38 56
2 59
32 31
1 13
