#qgen
107
26
22
33
22
56
4
59
35
29
18
55
9
47
2
62
17
50
16
9
53
30
14
42
52
58
51
48
39
41
12
11
43
50
13
24
64
29
51
51
46
21
9
12
35
2
48
57
37
48
48
50
58
49
44
30
45
35
29
29
25
9
41
51
4
38
1
52
59
16
15
48
37
35
19
52
7
5
17
15
33
10
43
63
5
43
60
7
19
12
5
43
8
21
34
9
32
11
35
51
29
19
32
12
39
20
26
43
256
1 0
1 2
3 1
1 4
2 5
4 6
7 1
8 1
6 9
10 1
5 11
11 12
6 4
13 1
1 14
10 15
9 16
17 13
1 18
1 3
6 19
20 15
21 11
15 2
21 22
23 11
24 21
24 25
26 1
27 17
28 4
29 11
1 30
31 23
32 20
16 23
33 15
0 34
35 32
36 11
37 4
36 21
38 6
27 39
39 40
41 12
15 42
21 20
43 6
17 16
24 44
29 45
39 11
27 6
1 46
11 47
48 39
45 49
50 8
1 10
44 29
22 51
52 17
53 35
53 13
32 6
13 54
1 31
55 6
15 12
56 18
21 57
2 25
58 42
12 59
33 1
60 10
61 43
62 35
53 24
13 63
35 13
12 64
44 37
65 29
49 12
2 66
23 67
12 68
18 15
69 25
70 1
1 71
2 41
72 51
17 42
13 20
11 73
21 74
45 29
54 36
1 63
72 4
47 43
55 75
76 24
77 56
4 73
16 71
38 29
44 40
78 43
1 49
20 2
48 26
54 37
21 53
36 63
10 37
79 51
77 1
80 52
68 71
2 40
81 69
77 45
26 44
12 72
16 2
30 1
74 75
74 45
2 74
33 3
58 29
82 78
62 37
59 24
4 83
84 2
4 85
74 68
86 66
6 66
69 1
87 21
88 65
27 41
89 4
5 27
17 18
11 46
1 42
39 13
15 33
1 52
5 90
73 91
55 12
12 54
1 20
75 11
3 85
3 41
20 59
43 61
44 2
27 4
12 92
90 11
93 11
39 21
56 7
57 7
49 38
12 74
81 40
74 32
57 74
68 94
51 90
42 11
53 5
65 56
37 41
28 95
64 56
56 64
35 25
6 52
5 74
27 74
48 23
37 12
45 37
96 79
25 2
48 57
77 3
89 17
43 2
28 20
90 68
15 13
39 97
40 33
37 98
20 43
11 67
27 99
100 15
2 84
94 56
40 28
101 90
26 35
5 28
56 77
17 65
40 102
75 1
56 29
26 11
55 28
74 103
34 0
32 27
89 1
104 49
40 85
56 22
78 73
59 5
68 17
105 11
66 75
106 1
88 98
15 20
15 52
26 97
43 78
21 52
17 44
15 55
20 36
78 94
38 26
64 12
17 15
18 11
17 60
105 98
69 28
1 43
74 82
