#qgen
59
38
23
14
23
27
35
48
34
44
54
60
15
21
42
20
10
16
11
62
3
47
2
60
5
34
17
27
51
60
45
11
61
11
34
47
17
64
26
61
10
11
19
41
22
13
26
51
18
60
17
34
56
45
54
60
32
36
20
9
128
1 0
1 2
2 3
4 2
5 2
6 2
2 7
8 2
2 9
3 10
7 8
11 2
1 12
2 13
14 2
10 7
2 15
1 16
17 1
18 1
14 4
19 2
20 14
16 21
2 22
2 23
7 2
1 24
23 25
2 5
7 19
2 26
3 2
1 27
20 25
2 14
7 28
29 2
21 24
12 1
2 30
19 8
23 31
2 32
1 17
33 2
27 1
28 2
34 2
2 35
36 2
2 21
31 23
35 2
2 6
2 34
35 13
25 23
2 37
10 38
2 19
39 1
38 40
28 7
41 1
24 33
38 34
25 41
2 25
34 14
1 42
43 2
4 10
37 40
44 11
5 15
45 2
40 37
46 1
34 38
2 47
22 4
2 48
20 1
2 40
10 2
15 2
1 39
2 49
21 16
10 20
10 3
31 41
8 7
2 43
2 1
4 3
2 31
0 1
25 31
1 20
1 50
23 2
7 10
1 51
2 4
30 2
38 2
52 1
53 2
13 2
9 2
54 1
4 22
15 5
26 2
1 52
50 1
55 2
47 2
47 38
42 1
1 56
57 26
31 25
40 2
1 58
22 2
