#qgen
115
38
23
14
60
20
56
47
48
64
49
33
49
51
3
32
3
54
10
10
42
49
29
18
17
45
60
31
45
27
48
35
11
17
45
55
31
3
26
62
34
21
34
51
37
50
63
51
62
64
44
34
43
54
60
59
3
20
2
38
22
47
35
53
28
11
23
27
61
60
57
38
16
11
9
28
41
37
49
48
26
19
4
62
56
49
34
54
9
13
21
48
11
25
43
18
7
1
54
3
24
18
2
45
64
64
5
41
13
11
28
60
15
17
17
34
256
1 0
1 2
2 3
4 2
5 3
3 5
6 2
7 3
8 2
9 6
10 7
11 6
12 1
2 13
14 4
9 15
3 16
17 1
2 18
2 19
20 8
6 21
22 18
19 23
24 3
25 2
8 26
1 27
28 25
29 3
30 16
31 2
6 32
2 33
29 34
3 35
36 25
29 6
35 33
37 2
3 38
29 39
40 34
41 4
42 1
43 10
18 2
44 8
15 45
6 46
34 16
5 47
39 40
16 36
39 3
6 48
43 34
49 39
50 6
33 51
4 41
2 52
53 47
32 29
54 2
55 39
46 56
41 57
6 58
40 59
60 1
22 61
29 40
62 57
39 55
63 30
32 13
64 58
65 2
66 58
67 6
68 32
4 14
3 69
70 3
18 71
24 72
1 73
74 8
47 57
40 58
30 29
75 62
76 36
77 6
2 78
60 29
6 9
77 76
79 57
2 23
80 1
15 81
36 52
1 82
83 3
13 84
16 34
3 40
25 84
13 32
24 68
3 43
85 30
34 58
10 43
2 68
79 2
34 10
16 86
83 87
88 2
89 1
77 67
62 75
15 9
2 1
25 36
30 86
1 42
84 13
35 90
2 91
92 46
63 13
2 31
86 93
45 94
77 26
3 95
6 96
64 79
34 87
58 16
43 25
97 6
94 46
29 41
16 58
59 2
93 86
87 15
98 6
1 99
8 20
34 2
11 63
10 69
34 40
100 76
13 63
94 97
58 32
18 22
95 47
101 86
26 43
46 92
41 67
97 87
69 95
94 87
58 93
29 102
15 94
8 103
90 51
3 47
71 61
4 92
58 6
57 104
32 41
29 86
75 57
69 96
52 36
62 3
6 105
84 6
3 2
41 32
86 6
40 86
1 106
2 55
67 36
100 26
76 56
43 15
68 24
41 68
32 11
7 47
6 107
45 72
34 51
108 1
70 66
25 63
6 102
3 39
36 6
57 62
86 39
55 2
41 109
15 72
7 69
87 90
36 72
16 47
36 29
110 81
64 2
30 109
1 17
51 47
2 110
83 56
3 87
28 76
29 32
110 28
52 100
105 48
6 76
94 15
56 60
14 2
110 63
106 1
32 6
111 2
61 71
112 93
6 36
30 63
11 32
67 29
29 64
1 12
113 80
2 61
114 85
27 1
