#qgen
104
46
47
8
32
40
43
18
56
46
37
11
4
15
6
14
1
16
56
17
27
48
52
4
6
49
8
25
48
41
3
16
24
33
11
16
57
52
17
51
63
34
25
18
44
35
34
31
34
2
60
48
9
17
9
48
22
59
47
30
32
11
27
49
2
62
59
62
5
41
9
54
60
42
36
60
25
64
15
29
24
47
48
44
31
32
21
26
42
11
51
15
51
30
25
4
51
48
44
58
33
14
53
47
24
256
0 1
2 1
3 1
4 1
5 0
4 6
7 1
8 7
4 9
2 10
11 4
12 1
1 13
14 7
15 0
5 16
16 1
11 12
4 17
18 1
19 7
4 20
21 16
14 22
23 19
1 24
25 4
26 14
27 4
28 0
4 29
30 7
23 31
32 23
33 1
34 26
7 35
36 7
37 31
34 35
38 21
31 9
39 1
31 34
4 40
41 1
10 42
7 36
34 32
25 43
16 44
10 15
1 45
10 13
4 30
0 5
11 46
47 15
48 19
26 43
16 38
44 34
49 4
50 10
27 51
7 32
29 7
4 14
49 30
32 4
52 1
16 53
54 23
4 55
56 9
57 47
7 30
58 35
7 19
4 59
36 21
46 60
49 22
49 26
61 7
35 62
63 27
64 35
52 7
10 63
30 19
65 49
44 4
66 36
25 7
1 67
4 68
29 31
69 4
70 52
71 62
7 54
65 14
25 72
73 16
49 43
21 51
42 74
31 26
51 66
1 48
75 7
59 35
26 49
1 2
4 61
33 16
72 34
66 76
74 47
4 77
19 47
36 34
12 15
11 78
76 3
51 15
19 30
79 43
26 35
16 66
39 51
79 80
62 71
16 60
38 16
81 35
50 1
32 7
16 33
70 82
23 8
41 83
35 65
1 84
49 65
60 64
51 18
23 72
66 51
12 16
35 36
16 49
85 4
60 4
51 63
7 62
72 25
22 14
4 86
17 7
62 65
87 69
31 7
88 51
15 89
47 83
27 90
53 17
4 35
4 11
91 16
62 18
71 92
7 93
58 21
82 46
14 4
4 69
16 94
4 27
58 19
35 4
23 51
35 81
16 51
53 16
95 1
4 93
65 75
62 4
16 18
74 51
72 4
90 46
36 69
34 30
31 27
16 42
29 4
51 96
23 62
34 46
13 96
22 65
1 92
1 4
15 47
5 42
4 97
60 97
12 94
49 34
4 65
1 46
17 53
24 98
18 88
23 93
41 63
16 34
94 51
7 49
12 10
16 3
4 85
4 99
46 100
68 43
24 101
1 23
31 100
7 38
41 51
4 102
56 63
47 74
4 100
11 8
2 103
8 11
15 5
18 94
23 1
16 73
46 19
23 44
36 3
13 1
59 4
68 62
34 21
4 43
90 4
87 101
5 13
