#qgen
56
46
47
8
32
40
11
47
62
9
52
18
62
6
11
34
56
52
31
49
48
9
16
43
53
32
14
16
63
17
31
11
16
2
49
63
31
15
4
17
51
25
48
6
2
41
5
61
34
24
60
11
30
1
51
4
44
128
0 1
2 1
3 1
4 1
0 5
6 1
1 7
8 7
9 3
10 1
5 10
1 6
1 11
8 12
13 0
14 5
1 15
9 16
17 2
18 1
8 19
20 1
14 21
16 9
16 21
22 0
4 23
24 8
12 1
0 25
26 1
27 5
28 15
29 15
1 30
31 22
32 5
7 31
29 33
31 34
35 14
8 36
1 37
38 30
39 1
1 40
8 30
41 5
31 33
22 31
42 9
8 11
1 3
8 29
43 1
0 44
8 40
21 8
14 45
21 28
42 8
46 31
42 1
8 32
21 29
15 4
5 47
14 1
21 31
2 48
1 28
30 8
15 16
45 1
47 5
33 49
28 4
50 30
4 42
51 1
41 12
33 31
51 12
15 21
5 41
50 29
15 33
29 42
5 35
10 5
32 10
40 32
3 8
42 29
5 14
1 46
50 1
15 29
28 1
35 40
52 37
8 4
8 53
14 42
29 8
30 38
14 10
33 29
22 14
32 40
1 8
5 8
52 22
14 15
1 54
1 5
14 8
21 33
40 52
31 55
8 1
9 21
29 21
7 9
52 5
1 55
8 24
9 15
