#query
64
Q
L
Q
D
W
G
L
I
A
L
R
Q
I
S
S
E
L
G
I
D
V
T
C
S
R
E
L
F
R
I
L
M
V
L
K
L
Q
E
A
D
E
K
C
R
L
V
M
F
A
A
K
L
L
A
D
A
I
T
L
A
A
T
L
G
256
1 0
0 2
3 1
0 4
3 5
6 2
4 7
8 0
9 2
9 4
10 4
11 10
12 11
13 4
14 3
9 15
8 16
17 3
8 18
8 19
17 13
20 11
21 1
17 22
15 23
3 24
11 9
21 13
25 7
23 4
26 24
17 27
6 21
28 13
22 2
23 29
30 17
20 14
29 31
29 2
32 10
23 19
33 16
23 31
26 1
34 4
35 13
9 22
6 36
22 31
33 19
12 37
14 26
15 22
16 38
38 39
40 21
25 41
31 38
42 17
19 43
42 20
39 44
9 10
36 11
45 35
4 46
25 47
38 48
34 45
49 27
31 39
29 50
33 2
51 7
52 33
46 47
53 29
6 26
38 54
9 32
3 8
45 50
49 12
27 26
55 7
51 50
46 48
26 35
20 32
6 27
30 42
42 6
0 16
35 16
2 16
30 56
53 31
52 18
54 50
3 26
33 57
3 13
17 6
34 16
58 42
53 4
13 0
13 18
37 10
4 39
7 48
29 25
45 46
34 59
52 35
60 13
23 53
10 22
28 36
61 38
59 31
29 54
32 4
18 54
0 18
17 29
62 23
59 50
53 50
46 41
6 10
22 23
30 20
14 60
1 8
6 5
1 18
6 32
6 4
3 60
52 16
39 50
20 3
32 53
35 2
46 43
6 37
18 7
7 50
58 20
22 61
45 49
29 46
16 48
6 28
14 28
23 41
10 62
49 35
57 18
42 53
62 61
40 35
10 2
3 11
42 56
15 29
34 17
35 24
56 27
34 29
61 50
23 38
22 4
37 11
16 46
45 16
39 41
11 32
16 4
49 37
32 59
52 24
45 52
1 16
22 29
57 63
29 39
17 52
12 3
18 19
53 59
25 48
16 18
15 62
43 48
45 30
30 52
19 41
5 37
10 53
34 30
34 61
30 27
1 24
47 7
45 18
19 47
30 29
46 50
20 6
61 39
41 55
14 12
52 40
58 27
33 47
4 54
9 62
17 4
38 7
55 43
13 2
2 25
28 27
42 62
42 10
29 19
22 59
19 39
62 59
13 24
10 23
33 63
62 29
12 2
45 22
19 48
49 6
4 50
34 42
63 1
17 14
33 0
4 41
55 54
37 9
38 55
42 35
49 22
55 44
26 21
8 24
42 28
34 53
