#query
122
F
A
L
E
L
A
S
L
P
I
T
L
I
K
L
M
P
Q
M
R
K
L
D
L
L
S
T
A
R
R
M
I
K
S
G
W
L
G
A
K
P
I
L
T
L
W
L
L
I
R
V
P
G
D
Q
R
A
D
I
S
N
S
A
G
C
G
T
C
L
A
A
F
G
E
L
P
T
L
T
A
S
H
D
V
I
T
T
I
E
A
A
L
G
G
M
V
S
G
S
S
I
G
D
V
F
W
M
G
K
V
L
Y
D
D
N
A
A
L
M
Y
K
A
256
0 1
2 1
3 1
4 1
2 5
1 6
4 7
0 8
9 1
4 5
2 10
11 2
5 12
3 13
4 14
15 0
16 9
4 17
18 2
0 19
9 20
21 5
14 22
0 23
7 24
25 10
26 10
27 4
28 0
24 29
18 30
31 19
11 32
33 29
34 27
20 35
4 10
36 12
8 35
37 7
38 13
18 39
8 6
40 36
4 41
42 38
43 24
44 10
37 24
14 45
46 27
42 47
10 48
29 45
34 6
2 49
6 50
51 19
52 9
43 17
53 13
44 48
54 45
55 12
21 56
57 27
50 58
59 42
60 32
13 61
62 38
56 63
64 38
65 36
66 13
44 43
67 62
24 17
65 68
45 69
70 22
71 13
34 49
7 29
72 58
73 19
74 41
31 75
76 18
54 22
70 33
77 7
49 44
68 28
78 61
48 28
23 51
40 55
65 79
80 44
70 48
81 18
79 16
2 48
8 82
57 30
83 14
12 84
30 85
21 52
58 86
27 85
87 41
42 67
67 38
3 69
68 23
16 23
88 43
5 89
90 18
91 45
64 13
60 34
92 57
74 35
93 35
94 47
95 65
61 12
96 22
94 97
46 11
11 1
93 6
4 23
98 13
65 99
64 100
101 45
5 50
16 56
60 51
1 93
93 19
71 30
2 12
102 11
40 12
34 32
29 15
30 39
68 87
38 100
51 41
31 26
52 82
28 12
103 27
91 104
46 102
101 47
105 51
60 6
106 30
95 40
39 29
107 86
105 0
100 98
71 108
85 37
100 48
30 58
31 50
109 58
11 41
87 50
108 15
18 4
110 80
107 111
5 23
100 112
100 113
106 83
108 30
77 114
27 39
5 41
22 113
52 93
71 47
115 39
10 7
44 87
1 50
101 44
3 63
11 51
51 6
25 34
40 79
30 27
68 16
116 57
78 71
44 15
27 49
86 84
59 13
26 39
33 54
41 50
96 53
67 117
96 98
59 118
71 111
3 105
21 105
45 15
50 111
100 95
12 86
59 108
46 2
83 61
59 119
12 58
68 112
115 111
76 116
73 58
82 20
96 120
26 2
11 6
77 57
42 44
3 113
100 120
85 4
101 7
48 9
98 121
31 46
75 85
117 33
13 111
91 17
65 28
20 6
58 111
13 72
96 113
