#query
62
G
N
D
Y
R
M
I
S
A
T
W
G
M
L
L
S
Q
A
V
A
D
A
D
S
L
N
L
N
G
V
P
A
K
K
I
Y
T
A
I
N
F
Q
R
W
Y
L
N
I
L
E
T
K
Y
I
G
S
T
H
S
N
L
G
128
1 0
1 2
1 3
1 4
5 4
6 5
6 7
6 1
5 8
9 4
8 10
9 2
8 11
7 12
12 13
14 11
15 8
0 7
16 6
14 17
17 18
6 4
7 19
16 20
17 21
19 22
23 3
24 22
25 24
26 7
21 22
27 16
28 19
29 5
30 5
29 31
30 32
21 8
15 33
24 34
16 35
36 12
3 37
37 38
18 39
40 8
30 41
36 0
42 4
40 43
44 11
14 18
12 10
16 28
30 22
45 26
39 26
14 46
47 13
48 38
40 46
49 43
49 4
50 11
33 17
18 13
24 46
14 47
29 44
1 25
51 5
50 32
49 35
41 52
26 12
24 23
14 22
30 50
13 53
18 35
13 54
44 7
23 32
12 38
14 54
12 52
36 32
38 35
32 2
17 53
55 14
25 4
3 0
44 34
13 35
33 56
26 16
28 21
34 8
57 22
52 58
22 47
42 24
23 51
59 0
45 35
52 56
26 48
46 43
27 5
42 49
25 9
33 13
45 38
36 5
50 51
0 48
12 8
60 10
5 48
17 38
36 38
61 58
31 35
20 8
32 59
59 7
19 58
