#qgen
64
279
327
353
261
318
272
289
299
304
245
370
207
286
282
375
263
334
319
280
296
256
339
279
396
342
307
341
289
282
332
298
298
269
295
337
369
268
266
338
352
292
233
345
304
278
257
290
288
262
278
302
363
237
26
355
336
277
316
197
305
240
170
324
318
256
1 0
0 2
1 3
4 2
5 3
6 3
3 7
8 7
3 9
10 4
7 11
7 12
7 13
14 9
7 14
5 15
14 16
3 1
3 16
17 2
3 18
18 19
18 20
21 5
11 7
18 14
22 19
2 23
24 2
18 8
25 22
26 19
12 22
2 27
28 5
29 7
16 30
26 31
7 31
2 32
33 7
34 2
29 22
3 35
2 36
14 7
22 37
1 38
39 10
40 2
28 3
39 41
2 42
27 2
13 7
37 19
0 5
7 20
26 37
3 43
2 4
31 25
2 44
22 45
33 37
8 46
47 4
18 25
19 7
25 33
37 22
35 1
2 48
49 14
49 3
50 2
3 51
2 34
3 49
33 22
4 10
31 7
22 33
7 45
14 51
4 52
3 28
43 14
20 19
2 53
34 27
27 34
37 33
54 38
16 14
31 37
37 7
5 0
41 10
41 39
55 25
56 5
1 35
38 54
2 55
39 4
48 2
5 54
7 25
5 30
32 2
25 19
25 55
55 57
3 5
8 43
18 3
7 29
44 2
14 1
10 52
14 0
56 38
45 7
57 58
14 46
5 59
25 7
46 14
60 54
7 33
46 8
54 5
8 22
7 37
22 8
45 22
19 12
33 25
61 3
57 32
0 1
1 60
33 19
58 57
9 3
3 22
16 3
20 18
5 56
52 4
62 2
60 5
43 3
19 18
5 60
28 60
1 14
26 25
43 8
57 63
22 3
57 55
5 14
19 33
7 26
37 26
12 19
54 60
26 18
22 29
31 33
18 26
22 25
14 22
51 14
2 17
60 28
39 47
19 20
42 2
7 3
32 34
22 12
8 18
52 10
63 57
4 41
47 10
20 22
26 22
10 39
2 63
31 19
32 57
22 20
58 2
19 37
4 39
53 2
14 5
2 62
38 1
2 50
2 0
22 14
22 26
2 57
10 47
19 22
19 25
25 26
15 1
30 16
30 5
20 7
35 3
5 21
47 39
34 32
55 2
19 26
7 8
3 46
10 41
15 5
2 40
25 31
36 2
26 7
60 1
14 49
14 43
63 2
37 31
58 13
19 31
9 14
25 18
51 3
41 4
7 19
57 2
5 28
3 6
13 58
2 58
14 18
1 15
2 24
31 26
46 3
38 56
23 2
12 7
59 5
