#qgen
47
279
327
353
261
289
369
396
324
337
318
336
345
302
269
318
26
316
197
263
292
272
245
375
262
282
240
278
338
170
319
342
268
327
297
329
303
249
332
244
266
285
214
375
303
328
288
368
128
1 0
0 2
1 3
4 2
3 5
6 2
2 7
4 8
2 6
9 2
10 2
11 2
12 2
8 13
14 2
15 2
10 16
2 0
2 17
18 1
2 19
18 20
20 18
16 2
3 21
17 16
21 22
1 18
2 23
21 3
0 22
16 17
24 3
1 25
23 2
13 2
9 16
24 25
17 2
3 1
8 2
2 4
20 25
2 26
1 27
19 2
16 13
20 0
3 28
2 29
2 30
0 1
25 1
27 1
31 2
16 10
22 0
26 2
22 20
2 31
22 1
24 20
5 1
20 24
25 24
3 24
2 8
8 4
30 2
20 22
13 16
1 5
2 15
20 3
2 12
2 13
2 14
2 9
2 11
25 20
29 2
28 3
22 21
3 20
13 8
2 10
2 16
16 9
0 20
7 2
1 22
5 3
5 32
32 5
27 32
32 25
25 32
32 27
32 33
33 32
33 34
34 33
35 34
34 35
24 35
35 24
36 35
35 36
37 35
35 37
38 35
35 38
35 39
39 35
40 39
39 40
41 40
40 41
42 40
40 42
40 43
43 40
43 44
44 43
44 45
45 44
46 45
45 46
