#qgen
41
341
324
359
335
329
364
321
332
250
303
246
356
38
262
268
235
326
302
317
272
341
357
252
351
423
345
378
322
258
268
237
318
198
239
296
259
237
210
362
349
293
128
1 0
1 2
3 2
0 1
4 1
5 1
1 4
6 2
7 3
2 3
3 1
2 6
3 8
7 9
1 10
1 11
1 12
1 13
0 14
15 3
1 16
1 17
7 12
18 1
3 9
1 18
1 5
4 3
19 2
20 1
15 1
1 21
3 7
16 1
1 8
1 7
13 21
22 1
23 16
10 24
20 18
2 1
2 25
8 7
1 22
3 24
18 20
11 1
22 9
25 17
1 24
0 26
1 23
13 10
8 1
24 3
18 15
7 1
2 19
2 27
18 3
9 8
28 2
1 15
1 20
3 4
29 1
0 30
17 25
17 1
9 22
16 23
3 18
10 1
10 3
7 8
8 9
3 15
14 0
3 10
27 2
21 1
9 3
12 7
1 9
24 10
2 31
30 0
9 1
21 13
2 28
10 13
25 2
26 0
1 3
15 18
31 2
12 1
9 7
13 1
8 3
23 1
24 1
1 29
29 32
32 21
32 29
21 32
21 33
33 21
34 33
12 34
34 12
33 34
35 33
33 35
33 36
25 36
36 25
36 33
37 36
36 37
36 38
38 36
38 39
39 38
39 40
40 39
