#qgen
32
305
325
252
285
299
277
290
265
424
292
249
368
331
257
328
316
302
243
183
312
280
303
333
339
271
330
161
247
309
25
350
250
128
0 1
0 2
1 3
4 0
3 5
6 0
0 7
0 6
0 8
9 0
0 10
0 11
12 9
13 11
8 0
6 14
15 12
12 15
1 10
11 15
14 16
5 3
10 7
6 17
15 6
18 1
19 3
11 20
11 21
22 11
20 11
23 1
0 24
18 7
9 12
11 14
23 25
26 11
21 11
0 27
16 14
12 20
0 28
27 8
10 25
28 0
1 0
24 8
11 0
3 29
7 10
24 0
8 24
1 28
14 6
10 1
6 15
14 11
28 25
2 7
25 8
11 17
17 6
12 8
6 22
3 1
22 6
6 26
7 0
6 13
6 16
0 25
3 19
30 6
11 30
12 0
23 7
20 25
11 26
8 27
8 1
4 7
24 9
13 16
7 8
1 4
27 0
0 9
2 0
25 0
3 7
30 11
25 20
11 16
21 6
6 30
1 8
0 4
11 22
28 1
26 6
4 1
29 3
25 10
9 8
10 0
17 11
7 4
0 12
28 7
25 28
7 2
16 13
8 12
1 18
7 18
20 12
7 3
16 6
0 31
13 6
9 24
16 11
6 20
8 7
6 21
8 25
8 9
