#qgen
44
209
320
379
239
353
290
240
383
288
285
352
297
319
321
267
282
293
284
267
258
219
281
333
296
390
242
279
379
284
278
195
241
341
326
381
355
242
252
307
292
457
254
297
291
128
0 1
1 2
1 0
3 1
4 1
5 4
0 6
7 6
2 1
8 0
0 9
10 1
8 11
1 12
1 13
9 14
1 15
1 14
16 1
0 4
6 17
14 9
7 0
18 0
1 19
1 20
17 6
0 5
13 1
21 1
20 1
14 19
1 22
7 5
11 1
14 0
4 7
23 1
5 0
24 1
19 1
4 0
1 25
26 1
1 4
7 4
12 1
17 1
1 3
1 11
4 5
1 27
1 28
0 19
1 10
14 1
1 29
1 24
6 7
9 0
0 14
27 1
17 0
1 16
30 1
11 8
1 9
1 21
22 1
25 1
0 18
1 23
19 14
1 26
6 0
15 1
1 30
0 8
1 31
9 1
1 17
0 7
19 0
5 7
31 1
29 1
28 1
0 17
17 32
32 17
32 33
33 32
33 34
34 33
35 34
34 35
34 36
17 36
36 34
12 36
36 17
36 12
36 37
37 36
38 37
38 12
37 38
12 38
39 12
12 39
39 40
40 38
40 39
38 40
40 12
36 40
12 40
40 36
41 40
12 41
40 41
41 12
42 41
41 42
43 41
12 43
43 12
41 43
