#qgen
34
262
290
297
240
356
341
305
322
273
299
309
321
317
288
262
331
262
341
347
320
294
261
308
305
434
344
341
353
371
443
301
298
7
232
128
0 1
1 2
3 2
4 2
5 2
6 2
7 2
2 8
9 2
2 10
11 5
2 12
2 13
14 9
14 15
14 16
17 12
18 2
19 17
2 20
1 0
15 18
18 17
6 17
15 2
8 2
21 2
14 22
16 17
17 2
17 6
23 2
15 6
24 2
2 14
5 10
2 11
11 17
9 14
11 20
18 14
25 2
20 11
15 17
2 5
5 11
17 11
2 9
24 20
11 19
2 26
20 24
26 2
2 3
5 26
17 19
4 6
18 15
12 17
10 2
2 19
2 24
17 14
17 16
14 18
16 18
14 2
17 15
11 2
23 27
22 2
2 25
27 2
2 28
2 21
15 11
11 6
20 13
19 11
6 4
2 17
23 21
16 2
15 14
2 7
29 27
14 20
6 11
22 14
12 2
2 29
2 30
11 15
17 18
27 29
13 2
6 15
2 15
2 18
2 22
2 31
14 17
30 2
13 20
20 14
31 2
2 23
28 2
2 27
2 1
27 23
19 2
21 23
20 2
2 6
2 4
10 5
2 16
18 16
26 5
16 14
29 2
32 29
29 32
33 29
33 11
11 33
29 33
