#qgen
31
288
332
234
317
368
280
297
383
314
251
245
323
253
321
288
302
347
249
293
267
340
308
283
292
251
295
306
306
321
193
260
128
0 1
2 0
0 2
0 3
4 1
0 5
1 6
7 5
8 1
9 4
3 5
10 1
5 11
12 9
10 13
0 14
14 6
5 0
9 15
16 1
17 11
8 18
13 19
18 2
5 20
19 7
0 7
18 13
11 21
4 0
0 8
11 9
9 7
14 1
11 22
19 0
11 1
0 23
0 6
24 13
22 11
8 17
25 1
13 2
10 3
9 0
8 2
23 14
1 26
27 18
1 5
22 23
8 13
20 24
3 13
17 18
13 7
5 3
13 15
1 23
5 23
20 13
23 13
28 15
0 10
8 11
0 11
19 2
9 27
14 0
1 22
2 17
9 20
5 14
24 9
17 24
7 22
17 16
13 20
13 10
15 24
19 22
10 18
5 17
19 17
20 19
4 27
6 15
5 2
20 0
10 11
14 11
18 27
7 19
28 9
0 25
0 29
11 14
4 14
9 18
28 11
13 6
17 14
3 19
14 17
7 13
18 1
3 10
15 5
6 0
0 21
2 19
22 0
11 15
21 11
0 30
14 10
29 0
9 6
23 19
1 8
1 4
11 19
1 16
17 9
4 10
1 19
10 12
