#qgen
64
288
335
295
332
306
123
321
315
234
341
349
267
186
208
312
383
341
305
288
249
340
260
347
260
291
323
308
213
320
306
253
252
251
267
314
293
280
302
317
303
321
335
283
368
193
251
245
285
315
320
337
237
265
375
317
278
288
289
297
316
292
198
38
347
256
0 1
2 0
0 3
0 4
3 5
0 6
7 1
7 8
4 9
6 10
5 11
12 4
9 7
11 13
14 11
0 15
8 16
17 0
18 11
16 4
19 14
11 10
16 20
18 6
8 19
10 21
0 22
17 23
14 24
12 0
25 0
21 13
11 26
4 27
28 14
3 4
6 27
29 0
0 12
30 19
31 16
32 12
6 33
8 7
34 8
35 1
8 36
37 28
24 4
38 35
12 3
39 38
14 40
41 38
9 25
42 36
14 43
44 9
45 26
28 5
33 11
31 45
31 46
47 36
7 0
48 14
35 0
33 9
20 16
1 18
45 3
8 10
17 48
11 48
49 17
45 39
50 13
51 38
31 30
33 20
48 36
52 45
20 25
12 44
45 53
51 53
30 10
13 47
12 9
54 3
37 20
51 25
47 55
15 14
19 31
0 56
0 9
57 21
44 10
50 17
46 27
14 47
58 37
10 52
36 44
26 14
28 7
10 11
12 31
28 1
0 33
45 9
59 0
53 21
57 25
0 24
21 44
6 1
14 22
53 59
6 21
8 3
36 25
9 4
19 27
27 10
6 60
20 28
60 0
16 57
7 27
45 30
23 0
55 3
60 3
38 51
19 61
12 55
7 19
1 43
46 14
43 7
11 50
40 16
44 48
3 8
17 45
18 33
5 28
5 0
20 17
38 11
5 51
9 12
38 16
32 50
21 32
28 51
14 30
25 39
47 9
31 25
44 14
48 10
36 54
19 53
7 51
40 14
46 0
34 14
46 16
16 38
28 34
57 44
3 33
25 26
33 0
22 60
9 18
34 6
38 26
37 52
48 18
47 38
38 5
37 5
26 45
36 34
62 45
6 54
16 62
16 7
45 40
48 0
31 18
46 28
28 21
57 36
8 35
61 25
58 11
50 33
55 7
47 3
53 28
11 38
57 33
33 60
63 0
20 3
47 0
38 28
0 38
21 47
24 55
6 14
47 34
12 16
28 0
31 38
18 27
18 53
1 38
15 16
20 36
51 24
9 34
10 25
17 40
17 39
14 0
47 53
12 14
10 42
3 29
6 8
25 35
45 52
0 52
28 43
53 1
1 7
16 32
3 25
27 28
12 6
43 9
33 17
22 19
11 45
28 11
7 34
50 48
16 13
32 28
61 18
