#qgen
30
238
251
225
357
354
307
261
312
266
264
312
294
274
375
211
282
312
358
275
272
263
330
332
305
324
359
292
234
362
294
128
0 1
0 2
3 0
4 0
5 0
1 0
2 1
0 6
7 0
8 0
9 8
0 10
4 11
11 5
12 11
0 13
13 14
13 15
0 16
16 17
0 7
5 4
13 18
5 18
14 15
17 19
15 17
18 13
20 10
15 11
19 0
14 19
15 21
14 13
17 0
5 14
22 19
23 13
11 19
4 17
22 18
8 12
19 4
8 24
10 1
4 15
19 13
22 0
2 0
15 18
0 23
16 0
25 0
16 19
13 11
21 17
17 14
5 22
11 23
26 1
0 20
14 23
19 21
21 15
23 4
0 21
18 0
14 4
17 15
21 14
21 11
14 16
1 26
23 18
13 0
10 6
6 2
17 22
17 13
5 13
22 11
19 15
26 11
15 19
11 26
27 0
13 17
2 6
11 17
24 0
6 10
11 22
18 17
5 23
17 4
12 0
10 8
8 10
11 15
4 19
14 0
26 0
22 21
18 5
0 27
9 0
21 18
18 4
28 25
17 11
15 14
13 19
4 5
4 14
22 4
17 23
16 5
19 23
0 29
0 8
0 14
13 21
11 13
23 21
0 9
17 21
21 0
12 8
