#qgen
31
288
253
265
78
383
291
349
335
390
266
354
210
289
284
250
331
265
316
260
264
215
215
347
302
277
387
220
307
345
243
376
128
1 0
1 2
1 3
2 4
5 2
2 1
1 6
7 1
8 1
1 9
1 7
5 1
4 2
10 4
10 11
9 12
1 5
1 13
14 1
0 1
10 13
4 10
4 13
5 4
1 10
1 15
6 1
9 16
16 17
11 15
10 5
2 5
13 1
18 16
9 1
1 19
9 18
16 9
11 4
20 18
20 17
21 9
15 4
9 17
10 1
11 2
16 1
9 21
4 15
12 22
17 9
23 1
22 1
1 23
21 23
5 10
20 1
2 15
19 1
1 22
1 21
21 17
22 9
18 1
21 16
18 20
24 1
3 1
11 5
17 20
25 1
2 10
13 4
23 16
21 20
20 16
1 17
1 12
21 1
13 10
21 18
26 16
18 22
26 27
21 25
18 12
13 5
27 28
25 28
16 20
1 29
28 27
4 11
13 11
11 1
1 14
4 1
15 11
4 5
17 21
30 1
16 25
28 30
16 23
26 1
28 21
27 1
5 11
26 28
10 15
23 21
22 18
1 18
11 13
27 16
28 26
1 8
28 0
27 23
28 25
16 21
26 23
23 28
23 26
15 5
1 30
28 23
16 18
