#qgen
59
273
361
321
294
301
352
291
278
365
276
291
329
323
308
314
296
310
296
344
295
260
304
345
358
283
348
281
333
339
242
297
313
234
328
67
296
290
317
249
270
343
279
287
256
58
317
236
314
324
310
323
258
349
382
303
354
288
253
309
256
1 0
2 1
0 3
3 4
5 1
0 6
7 0
1 2
8 7
9 6
10 1
11 2
1 12
1 13
14 3
6 15
5 16
8 1
5 13
17 8
9 18
14 19
18 20
21 4
22 13
18 23
24 1
25 19
26 14
21 27
10 28
28 1
29 14
27 18
30 28
31 1
19 25
1 24
9 32
33 18
30 25
19 30
0 34
0 17
29 35
36 9
37 13
15 8
18 21
32 38
35 30
6 36
39 21
27 33
18 40
39 9
20 41
25 42
6 8
36 8
18 41
25 41
43 12
8 4
17 12
10 23
9 39
40 3
33 14
26 44
29 45
9 33
26 13
30 42
9 46
43 9
8 39
47 33
25 35
40 48
29 42
26 22
5 19
17 49
16 22
35 29
0 50
6 9
20 27
51 7
39 18
29 7
1 52
1 53
18 14
16 37
36 15
34 51
42 25
1 23
23 22
27 19
13 22
4 14
15 50
30 35
44 19
54 29
33 26
18 9
44 28
21 33
55 1
1 55
7 23
23 27
0 48
8 20
49 0
48 20
19 48
23 19
48 44
23 33
25 37
14 41
8 50
43 8
10 41
11 1
32 10
44 3
26 32
47 39
15 9
34 8
28 37
21 0
5 22
27 20
14 40
26 1
9 25
20 33
47 4
38 20
51 9
14 4
0 41
28 10
56 34
20 48
12 1
39 33
17 9
33 47
10 48
24 25
56 5
33 40
42 30
23 44
1 35
47 21
33 21
44 14
46 0
15 57
25 16
8 43
39 4
1 37
10 15
20 18
26 28
27 21
8 33
18 3
37 42
49 8
20 38
42 29
0 51
44 26
40 26
10 44
22 30
5 29
39 3
48 47
3 44
1 16
30 22
37 5
27 44
46 9
26 37
30 56
0 36
49 9
4 47
20 4
48 14
32 20
30 29
8 27
9 27
9 3
41 14
8 46
15 18
4 8
4 9
50 15
0 21
48 0
36 0
29 23
7 9
18 4
44 23
11 15
21 8
13 26
28 23
3 21
34 49
15 41
1 5
40 34
41 47
8 51
3 8
14 47
0 43
1 44
40 27
9 21
51 6
9 15
23 48
28 48
17 25
41 58
10 32
19 44
0 14
12 17
9 51
8 48
35 22
35 1
26 42
1 25
40 18
15 24
